8 0.26953125 0.73515625 0.33359375 0.11484375
8 0.271875 0.6375 0.32890625 0.1625
8 0.79296875 0.534375 0.27734375 0.22890625
8 0.6921875 0.36171875 0.2171875 0.3546875
8 0.63203125 0.2921875 0.06953125 0.3109375
8 0.5546875 0.3203125 0.09296875 0.440625
8 0.5171875 0.4546875 0.83046875 0.71015625
8 0.33203125 0.4625 0.28046875 0.29765625
8 0.253125 0.51640625 0.20390625 0.10703125
8 0.43203125 0.34375 0.16640625 0.39609375
8 0.340625 0.34765625 0.121875 0.1828125
8 0.475 0.2859375 0.08046875 0.2734375