2 0.4375 0.5640625 0.23125 0.315625
2 0.325 0.4015625 0.303125 0.346875
2 0.2578125 0.32265625 0.1703125 0.1796875
2 0.33359375 0.51328125 0.32421875 0.3734375
2 0.675 0.63984375 0.0734375 0.1296875
2 0.621875 0.675 0.07421875 0.1125
2 0.625 0.5453125 0.09921875 0.12109375
2 0.7234375 0.4671875 0.07734375 0.1109375
2 0.76484375 0.36796875 0.0796875 0.115625
2 0.634375 0.39921875 0.0859375 0.12421875
2 0.5828125 0.46171875 0.0765625 0.103125
2 0.559375 0.58125 0.071875 0.12109375
2 0.6859375 0.36328125 0.08046875 0.12578125
2 0.546875 0.3390625 0.084375 0.13046875
2 0.5828125 0.33828125 0.06328125 0.13671875
2 0.64609375 0.28515625 0.08125 0.10703125
2 0.6640625 0.45546875 0.0703125 0.0625
2 0.7546875 0.27734375 0.09609375 0.08359375
2 0.53828125 0.55234375 0.0609375 0.1