3 0.41328125 0.54296875 0.0734375 0.36640625
3 0.45234375 0.57265625 0.0515625 0.35
3 0.50234375 0.54921875 0.0546875 0.40390625
3 0.57109375 0.46171875 0.140625 0.32890625
3 0.3734375 0.51171875 0.115625 0.32890625
3 0.37421875 0.5484375 0.1203125 0.31796875
3 0.54765625 0.4015625 0.0734375 0.2890625
3 0.49921875 0.36875 0.04609375 0.2453125
3 0.453125 0.31640625 0.053125 0.20078125
3 0.409375 0.3296875 0.05546875 0.2265625
3 0.36484375 0.31953125 0.06171875 0.203125
3 0.60234375 0.6328125 0.05703125 0.075
3 0.52578125 0.66015625 0.05703125 0.096875
3 0.57109375 0.70703125 0.04765625 0.07734375
3 0.640625 0.5640625 0.05390625 0.09296875