3 0.228125 0.67109375 0.05078125 0.190625
3 0.4296875 0.6875 0.1609375 0.0890625
3 0.51640625 0.603125 0.17890625 0.26328125
3 0.6625 0.49765625 0.153125 0.140625
3 0.5 0.3484375 0.13046875 0.1859375
3 0.63203125 0.33125 0.17890625 0.19296875
3 0.7421875 0.4109375 0.1671875 0.2234375
3 0.7078125 0.5453125 0.04921875 0.1203125
3 0.5484375 0.59921875 0.1375 0.13046875
3 0.35546875 0.51953125 0.2015625 0.17265625
3 0.41796875 0.6203125 0.2515625 0.17109375
3 0.353125 0.46796875 0.1609375 0.13203125
3 0.353125 0.33828125 0.08515625 0.06875
3 0.534375 0.46640625 0.2203125 0.1515625