3 0.58671875 0.371875 0.1703125 0.09140625
3 0.33515625 0.5015625 0.07734375 0.2328125
3 0.61484375 0.5171875 0.0765625 0.20078125
3 0.509375 0.63359375 0.06328125 0.15234375
3 0.44375 0.4984375 0.096875 0.25546875
3 0.353125 0.35390625 0.07890625 0.2421875
3 0.453125 0.721875 0.04375 0.10390625
3 0.6421875 0.66015625 0.09453125 0.2234375
3 0.47890625 0.46875 0.08359375 0.23671875
3 0.32265625 0.740625 0.13984375 0.0671875
3 0.5828125 0.334375 0.07890625 0.05703125
3 0.6875 0.6453125 0.10625 0.109375
3 0.55546875 0.74140625 0.0453125 0.06328125
3 0.56171875 0.48359375 0.1203125 0.1015625