12 0.4109375 0.5046875 0.11015625 0.184375
12 0.54140625 0.29921875 0.12421875 0.16796875
12 0.559375 0.665625 0.13046875 0.21328125
12 0.4515625 0.68984375 0.11328125 0.19140625
12 0.28671875 0.5359375 0.1546875 0.153125
12 0.72734375 0.44453125 0.11328125 0.18359375
12 0.63671875 0.396875 0.11484375 0.18046875
12 0.64921875 0.58359375 0.1125 0.1953125
12 0.353125 0.63984375 0.11796875 0.16640625
12 0.31171875 0.3140625 0.14140625 0.19453125
12 0.44375 0.325 0.1203125 0.22109375
12 0.54296875 0.49453125 0.1546875 0.1953125