5 0.5546875 0.5859375 0.521875 0.303125
5 0.40625 0.66640625 0.12265625 0.1078125
5 0.5515625 0.6859375 0.125 0.10234375
5 0.675 0.5296875 0.096875 0.0984375
5 0.52421875 0.5484375 0.10078125 0.13125
5 0.60546875 0.49296875 0.06328125 0.11484375
5 0.75078125 0.61640625 0.08984375 0.11953125
5 0.7921875 0.6609375 0.0453125 0.10625
5 0.41796875 0.54140625 0.08359375 0.10078125
5 0.465625 0.5265625 0.046875 0.09453125
5 0.4890625 0.6484375 0.075 0.09375
5 0.31640625 0.60625 0.0421875 0.08046875
5 0.36484375 0.58828125 0.0671875 0.0984375
5 0.36015625 0.65234375 0.06953125 0.09140625
5 0.6015625 0.5921875 0.06953125 0.08359375
5 0.66171875 0.603125 0.09296875 0.09296875
5 0.44375 0.59921875 0.078125 0.05390625