5 0.509375 0.459375 0.0921875 0.14375
5 0.59453125 0.38671875 0.11015625 0.1234375
5 0.7 0.4515625 0.09765625 0.14375
5 0.7109375 0.63125 0.09453125 0.11796875
5 0.6359375 0.66953125 0.09140625 0.1265625
5 0.4453125 0.67109375 0.11796875 0.1296875
5 0.24375 0.496875 0.06796875 0.14609375
5 0.22265625 0.60625 0.0265625 0.11953125
5 0.36171875 0.36484375 0.0875 0.1390625
5 0.4328125 0.3125 0.09296875 0.09765625
5 0.52265625 0.31015625 0.084375 0.0953125
5 0.66953125 0.34296875 0.0828125 0.1109375
5 0.69453125 0.2953125 0.078125 0.06640625
5 0.5890625 0.49140625 0.08359375 0.10703125
5 0.6265625 0.49296875 0.05703125 0.0984375