5 0.68359375 0.503125 0.06875 0.09375
5 0.584375 0.665625 0.0578125 0.0875
5 0.3203125 0.3484375 0.10859375 0.140625
5 0.58359375 0.36875 0.078125 0.15625
5 0.69453125 0.3484375 0.09140625 0.128125
5 0.29765625 0.6671875 0.05546875 0.1
5 0.70859375 0.65 0.07578125 0.14375
5 0.43125 0.428125 0.0625 0.09375
5 0.34140625 0.509375 0.078125 0.08125
5 0.4578125 0.6046875 0.1109375 0.146875
5 0.38984375 0.684375 0.06875 0.09375
5 0.60078125 0.5421875 0.05078125 0.090625
5 0.54140625 0.5265625 0.05078125 0.084375
5 0.4734375 0.3203125 0.07109375 0.096875