5 0.7 0.584375 0.09765625 0.1125
5 0.30078125 0.51015625 0.090625 0.11015625
5 0.465625 0.40859375 0.0953125 0.09296875
5 0.5609375 0.59453125 0.08984375 0.12890625
5 0.38828125 0.5875 0.08515625 0.12265625
5 0.47265625 0.5828125 0.0828125 0.1109375
5 0.5109375 0.48828125 0.10078125 0.1203125
5 0.6078125 0.52109375 0.09609375 0.11328125
5 0.525 0.39375 0.08203125 0.1046875
5 0.42734375 0.4953125 0.0828125 0.103125
5 0.57265625 0.44921875 0.065625 0.09921875
5 0.38984375 0.43359375 0.06796875 0.08125
5 0.384375 0.49453125 0.0703125 0.10390625