43 0.544086 0.320458 0.0200156 0.0536389
43 0.775742 0.528917 0.0464531 0.0592222
43 0.373703 0.644889 0.0517188 0.0643333
43 0.324695 0.295736 0.0451406 0.0525833
43 0.585406 0.359806 0.0333125 0.0775556
43 0.493633 0.591806 0.0350156 0.0381111
43 0.470969 0.622444 0.04125 0.0453889
43 0.735539 0.579889 0.0315156 0.0381111
43 0.495203 0.136208 0.0302812 0.0625833
43 0.599273 0.589361 0.0324531 0.0920556
43 0.713219 0.252583 0.0379375 0.0446111
43 0.570891 0.172417 0.02175 0.0231667
43 0.44732 0.492694 0.0314531 0.07
43 0.389039 0.253694 0.0367031 0.0339444
43 0.592516 0.469917 0.0321875 0.0513333
43 0.261648 0.703958 0.0351094 0.06825
43 0.477703 0.796736 0.025625 0.105917
43 0.314875 0.680083 0.03725 0.0405
43 0.505172 0.682444 0.0271562 0.0622778
43 0.283758 0.747528 0.0431406 0.0856667
43 0.522563 0.311986 0.0277813 0.0343611
43 0.282883 0.675694 0.0257969 0.0631111
43 0.307055 0.720764 0.0139844 0.0405278
43 0.473461 0.354694 0.0311094 0.0367222
43 0.620102 0.516181 0.0583281 0.0551944
43 0.811469 0.523931 0.0376875 0.0716944
43 0.661094 0.573972 0.0500938 0.0766667
43 0.383219 0.280125 0.0206563 0.0270278
43 0.519672 0.115167 0.0185312 0.0377222
43 0.446344 0.558569 0.0397188 0.0246389
43 0.43825 0.316278 0.0323125 0.0346111