61 0.148016 0.927342 0.0648125 0.110187
61 0.205781 0.910644 0.03775 0.0325293
61 0.251039 0.947553 0.0690781 0.069719
32 0.0708594 0.813267 0.0153437 0.0249883
32 0.0222422 0.805867 0.0109844 0.0132787
32 0.0573828 0.818946 0.00398438 0.004637
32 0.117289 0.808267 0.0120781 0.0251054
32 0.0815859 0.780738 0.0114531 0.0151054
32 0.0311953 0.845644 0.00632812 0.00665105
32 0.0699922 0.838923 0.0155781 0.0227166
32 0.00974219 0.809977 0.0132969 0.0173302
32 0.0538438 0.833255 0.0119688 0.0177049
32 0.0389766 0.835667 0.0162969 0.0193443
32 0.106102 0.79315 0.0110156 0.0138407
32 0.0830469 0.822658 0.0133437 0.014356
32 0.00930469 0.846721 0.0114531 0.0162061
32 0.0483047 0.800667 0.0112344 0.0132319
32 0.00564063 0.845176 0.0098125 0.0175176
32 0.04325 0.792096 0.0104375 0.0138407