43 0.581945 0.769886 0.0458594 0.0694595
43 0.425234 0.160301 0.0546562 0.0564033
43 0.613961 0.731154 0.0213594 0.0279626
43 0.866102 0.732786 0.0788281 0.11027
43 0.916914 0.477952 0.0325781 0.156071
43 0.573336 0.0601351 0.115484 0.117568
43 0.641703 0.347339 0.046625 0.0664865
43 0.740898 0.615 0.0490781 0.0407692
43 0.334555 0.100353 0.0355469 0.0706445
43 0.331367 0.830676 0.0534219 0.0550312
43 0.722141 0.822048 0.0799375 0.228877
43 0.233852 0.607807 0.0408906 0.0747401
43 0.586852 0.300884 0.0457969 0.0559044
43 0.816773 0.929636 0.0222031 0.109501
43 0.427859 0.285208 0.0832813 0.164719
43 0.31675 0.276227 0.0667188 0.105925
43 0.414813 0.707027 0.0450313 0.0415385
43 0.49932 0.447796 0.0585156 0.0828274
43 0.478367 0.771778 0.0375781 0.0826819
43 0.347703 0.361726 0.0843125 0.0520582
43 0.694148 0.659626 0.0577656 0.0426611
43 0.599195 0.0240333 0.0269531 0.0435343
43 0.790813 0.123077 0.102969 0.139584
43 0.917711 0.163586 0.0459844 0.0573597
43 0.687063 0.944002 0.053875 0.0399792
43 0.675242 0.8971 0.0532344 0.0742412
43 0.381742 0.324075 0.141141 0.107152
43 0.368797 0.683534 0.04075 0.163701
43 0.654852 0.816559 0.0578281 0.0944491
43 0.540336 0.713191 0.0401406 0.0544491
43 0.954836 0.441933 0.0407969 0.165489
43 0.243312 0.427672 0.0644375 0.088815
43 0.725398 0.591788 0.0752656 0.0569231
43 0.23943 0.512484 0.0537031 0.0592308
43 0.378836 0.074896 0.0579531 0.0897921
43 0.751828 0.196528 0.124281 0.158004
43 0.623125 0.832651 0.0280313 0.0894179
43 0.498289 0.889231 0.0560156 0.0876923
43 0.800492 0.723181 0.0312344 0.0718503
43 0.568672 0.863617 0.0419687 0.069896
43 0.734539 0.257183 0.0604219 0.10052
43 0.819164 0.49578 0.0529531 0.0487734
43 0.635586 0.678212 0.0624844 0.0530977
43 0.584273 0.920707 0.0509531 0.064948
43 0.877758 0.653285 0.146641 0.105447
43 0.570055 0.491601 0.0526406 0.0981705
43 0.58618 0.14106 0.0730469 0.0676091
43 0.153664 0.371393 0.0583594 0.0672349
43 0.580648 0.933254 0.0507031 0.0546985
43 0.734563 0.549511 0.0664687 0.0673805
43 0.785461 0.484116 0.0817344 0.119501
43 0.390016 0.0197401 0.0350312 0.0364033
43 0.223125 0.548015 0.0452188 0.0480873
43 0.482984 0.279044 0.040125 0.0348025
43 0.659 0.738846 0.0640938 0.0771933
43 0.26275 0.291715 0.0517813 0.0614345
43 0.693125 0.908035 0.061875 0.0635551
43 0.31557 0.647225 0.0868594 0.0979418
43 0.427359 0.829356 0.0685313 0.0582121
43 0.791125 0.219563 0.0523125 0.151351
43 0.615078 0.422723 0.0420625 0.0439085
43 0.861961 0.498846 0.0411094 0.0479626
43 0.680523 0.615198 0.0427344 0.0993763
43 0.546328 0.683514 0.0550312 0.0255301
43 0.536102 0.108129 0.0335156 0.0985863
43 0.5415 0.228233 0.0344375 0.0444906
43 0.560875 0.043763 0.0453125 0.0699376
43 0.302789 0.76789 0.0907344 0.189293
43 0.370961 0.422526 0.125172 0.104927
43 0.34675 0.730374 0.0613125 0.148482
43 0.317117 0.455832 0.0658281 0.0920374
43 0.461859 0.46736 0.0324688 0.065447
43 0.762156 0.403711 0.140688 0.0976923
43 0.323695 0.369096 0.0452344 0.0302495
43 0.61932 0.297651 0.0325781 0.113888
43 0.737172 0.454044 0.0307812 0.0555717
43 0.957898 0.777048 0.0725469 0.112557
43 0.501656 0.146902 0.0275 0.0391268
43 0.512969 0.602318 0.0459062 0.147256
43 0.246555 0.662848 0.0629844 0.0687734
43 0.41143 0.951892 0.0658906 0.094553
43 0.613977 0.496435 0.0464844 0.0594387
43 0.210945 0.657422 0.0732969 0.0288565
43 0.460594 0.391757 0.0556875 0.0450936
43 0.877305 0.22 0.0438906 0.08
59 0.932008 0.679262 0.0628906 0.0714553
59 0.989625 0.47262 0.0184687 0.072973
59 0.592789 0.857568 0.0356094 0.0766736
59 0.449953 0.0885655 0.0410313 0.0696466
59 0.65525 0.725395 0.0567187 0.0788565
59 0.296227 0.154387 0.0486719 0.046736
59 0.933547 0.130385 0.0461875 0.072578
59 0.577586 0.599543 0.0359844 0.0919751
59 0.565602 0.0171206 0.0452344 0.0322869
59 0.554461 0.599584 0.0417656 0.0879418
59 0.685578 0.396674 0.05125 0.0486902
59 0.642062 0.145946 0.0320937 0.0646154
59 0.507547 0.741559 0.0303438 0.0571726
59 0.825305 0.114449 0.0454219 0.051185
59 0.964914 0.385478 0.0494844 0.0517464
59 0.883305 0.485426 0.0485156 0.0355925
59 0.864914 0.312266 0.0673594 0.0679418
59 0.369805 0.779574 0.0617969 0.0574844
59 0.526977 0.454792 0.0186719 0.0443451
59 0.625445 0.117963 0.0497969 0.0673597
59 0.542687 0.412911 0.0469687 0.0615385
59 0.986016 0.209023 0.0243125 0.0495634
59 0.516414 0.510593 0.0563906 0.0643451
59 0.559102 0.378212 0.0467656 0.0630769
59 0.478945 0.489615 0.0319531 0.0361538
59 0.347594 0.481175 0.0349375 0.062973
59 0.491914 0.946798 0.0562344 0.0749272
59 0.793352 0.458389 0.0555469 0.052578
59 0.289312 0.35026 0.045625 0.0644283
59 0.676078 0.794096 0.0633125 0.0753846
59 0.309594 0.300988 0.0402813 0.0638877
59 0.519359 0.280125 0.0419687 0.0674428
59 0.414367 0.751663 0.0667969 0.0551351
59 0.364453 0.340603 0.049875 0.037921
59 0.851547 0.705312 0.0328437 0.0594387
59 0.490617 0.184283 0.0408906 0.0664033
59 0.485469 0.0128378 0.0309063 0.0245946
59 0.388 0.535842 0.0591563 0.0651559
59 0.612898 0.224491 0.0357969 0.101788
59 0.917289 0.538326 0.0517656 0.0792308
59 0.823008 0.801518 0.0671719 0.0964657
59 0.381836 0.287173 0.0537031 0.0569231
59 0.775922 0.0764033 0.0565937 0.0830769
59 0.671641 0.259501 0.038875 0.0571726
59 0.870461 0.131985 0.0472031 0.0711642
59 0.645211 0.607796 0.0284531 0.0794179
59 0.777891 0.5721 0.0392813 0.067817
59 0.745203 0.303919 0.0456562 0.054158
59 0.782023 0.419678 0.0486719 0.0499168
59 0.766312 0.380686 0.048875 0.061289
59 0.842961 0.39684 0.0425469 0.0797505
59 0.694805 0.862287 0.0491094 0.070104
59 0.671594 0.525249 0.0328437 0.0651351
59 0.757227 0.511383 0.0597031 0.055447
59 0.204867 0.515561 0.0270781 0.0335759
59 0.426523 0.600541 0.0522969 0.0657796
59 0.570172 0.416923 0.023875 0.0481913
59 0.643164 0.240364 0.0385469 0.0596466
59 0.802352 0.61262 0.0658906 0.0889397
59 0.265297 0.197058 0.0665937 0.0623077
59 0.217586 0.449615 0.0539844 0.0702495
59 0.504664 0.370301 0.0512031 0.0933264
59 0.886148 0.111019 0.0491719 0.0731393
59 0.464844 0.866279 0.0373437 0.0864033
59 0.363938 0.17448 0.0483125 0.0884615
59 0.278406 0.835301 0.0435 0.0505198
59 0.307352 0.650146 0.0727969 0.0514345
59 0.369437 0.388119 0.0487812 0.0366944
59 0.593758 0.225707 0.0336406 0.0763202
59 0.896414 0.191538 0.0417656 0.0692308
59 0.68843 0.471123 0.0621719 0.0551351
59 0.268117 0.733846 0.0588906 0.0843659
59 0.495984 0.337651 0.0565312 0.0693139
59 0.642125 0.383222 0.0695937 0.0485239
59 0.46768 0.226154 0.0563906 0.0656549
59 0.683633 0.665509 0.0452344 0.0664033
59 0.746063 0.733628 0.05525 0.0558628
59 0.783273 0.232214 0.0323906 0.0807692
59 0.523164 0.696476 0.0445156 0.072578
59 0.450758 0.890437 0.0392656 0.0740956
59 0.565094 0.547121 0.0443438 0.0317879
59 0.804984 0.971871 0.062875 0.0553846
59 0.251492 0.348669 0.0398281 0.0647817
59 0.295727 0.11158 0.0498594 0.0584615
59 0.779031 0.278306 0.0319063 0.0532017
59 0.460961 0.995665 0.0228906 0.00866944
59 0.373609 0.993067 0.0220938 0.0106653
59 0.716773 0.665478 0.0542031 0.0779002
59 0.686883 0.424865 0.0518594 0.0472349
59 0.435828 0.767308 0.0585 0.0776923
59 0.647789 0.516518 0.0342031 0.0709563
59 0.305148 0.462952 0.0575469 0.0664033