0 0.283761 0.771925 0.124933 0.0471167
0 0.423348 0.666242 0.0566964 0.0590167
0 0.527042 0.838558 0.0888616 0.03785
0 0.423047 0.613008 0.0851563 0.0376167
0 0.574844 0.902517 0.145268 0.0853667
0 0.599386 0.664275 0.0535938 0.0423833
0 0.420413 0.809258 0.118594 0.06615
0 0.468025 0.857192 0.0757813 0.07395
0 0.48327 0.76005 0.0460937 0.0884
0 0.34096 0.733708 0.114152 0.0488833
0 0.426853 0.88035 0.127098 0.1143
0 0.430804 0.766125 0.0831696 0.0420833
0 0.531674 0.737767 0.0229464 0.0485667
0 0.285167 0.814167 0.0608705 0.0531
0 0.29529 0.679783 0.137009 0.0702
0 0.589453 0.7161 0.0505134 0.0906333
0 0.208092 0.768 0.106004 0.0754
0 0.551775 0.733108 0.0198884 0.0895833
0 0.608192 0.781692 0.0441071 0.0494167
0 0.531808 0.782867 0.0724107 0.0809667
0 0.596417 0.820283 0.0673884 0.0314667
0 0.486362 0.690658 0.0333929 0.04985
0 0.23202 0.697467 0.0990848 0.0512
0 0.365971 0.849958 0.0797991 0.0416167
0 0.466473 0.636417 0.0300446 0.0301667
0 0.574621 0.7371 0.0362946 0.0981667
0 0.466205 0.829792 0.0350446 0.0396833
0 0.14423 0.795492 0.0520312 0.0627167
0 0.540525 0.664075 0.0947991 0.0535833
0 0.377009 0.7669 0.0507143 0.0678
0 0.292879 0.71635 0.0394196 0.0296
0 0.376183 0.656417 0.08125 0.0437667
0 0.515089 0.800583 0.0357143 0.0433667
0 0.439967 0.7138 0.071317 0.0538333
0 0.541027 0.679258 0.0771429 0.0500833
0 0.374074 0.67855 0.0372991 0.012
0 0.366563 0.882058 0.0629464 0.0673833
0 0.351808 0.700833 0.0895982 0.0459333
0 0.436484 0.703067 0.0827455 0.0664
0 0.504766 0.631258 0.0522545 0.07395
0 0.324208 0.830633 0.048192 0.0895333
0 0.626239 0.702567 0.0665402 0.0444
6 0.502321 0.676183 0.982321 0.6396