24 0.289638 0.154508 0.0793191 0.0423281
24 0.176628 0.202 0.0901064 0.0494062
24 0.174723 0.188859 0.0782979 0.0616563
24 0.213436 0.173734 0.0701064 0.0465313
24 0.476053 0.695336 0.0356383 0.0602969
24 0.122447 0.188758 0.102723 0.0605469
24 0.242117 0.156172 0.0884043 0.0379688
24 0.563287 0.561117 0.0367447 0.0275156
24 0.312968 0.168914 0.0475106 0.0203906
59 0.145691 0.125375 0.0947021 0.0539063
59 0.0843617 0.156813 0.0782553 0.0325937
59 0.0659787 0.173227 0.0417872 0.0279531
59 0.216255 0.130898 0.0311064 0.0372031
59 0.235798 0.128562 0.0270426 0.0277187
43 0.26384 0.181086 0.0436809 0.0208281
43 0.356383 0.217211 0.0558298 0.0370781
43 0.263628 0.247469 0.0478511 0.0366875
43 0.355053 0.186312 0.0198936 0.0301875
43 0.18134 0.236117 0.0448085 0.0355156
43 0.311074 0.233891 0.0312128 0.0329375
43 0.299532 0.237562 0.0193617 0.0117188
43 0.252362 0.199297 0.027617 0.0176563
43 0.21934 0.251023 0.0314468 0.0320781
43 0.327617 0.227086 0.0417872 0.0318281
43 0.247213 0.189031 0.0287234 0.0112812
43 0.26933 0.224555 0.0270426 0.0141406
43 0.228968 0.203742 0.0216383 0.00926562
43 0.165596 0.238656 0.0185106 0.0171875
43 0.206915 0.225469 0.0340426 0.0274687
43 0.334585 0.19457 0.0165319 0.0217656
43 0.264681 0.215492 0.0398298 0.0251406
43 0.309574 0.183031 0.0132766 0.01
43 0.236181 0.23957 0.0445745 0.0378906
43 0.230638 0.216094 0.037234 0.0196563
43 0.284957 0.23093 0.0279149 0.0330781
43 0.324223 0.205813 0.0261915 0.0171875
43 0.294543 0.20118 0.0286596 0.0225781
43 0.321532 0.179313 0.0150213 0.0112812