42 0.90872 0.83887 0.10276 0.03614
42 0.77159 0.84779 0.07862 0.0537
42 0.03733 0.66081 0.07466 0.06158
42 0.59636 0.81748 0.08864 0.06592
42 0.40968 0.62091 0.04148 0.02162
42 0.75267 0.62121 0.06854 0.0333
42 0.89713 0.7214 0.1045 0.0454
42 0.95654 0.65625 0.08228 0.05574
42 0.9442 0.70012 0.07856 0.0496
42 0.51234 0.60654 0.0692 0.03688
42 0.64921 0.69075 0.11438 0.05346
42 0.96036 0.75102 0.07928 0.10968
59 0.95737 0.87837 0.08526 0.03994
59 0.56479 0.75441 0.08394 0.07858
59 0.75004 0.78127 0.25764 0.10714
59 0.15245 0.61376 0.1957 0.06984
59 0.09296 0.08653 0.18488 0.06362
59 0.50333 0.68685 0.11858 0.08386
59 0.4315 0.52711 0.04516 0.05546
59 0.5214 0.55291 0.13 0.06846
59 0.92254 0.63289 0.15492 0.06738