6 0.44518 0.253027 0.07872 0.0630667
6 0.44251 0.647547 0.03626 0.0380267
6 0.53748 0.30564 0.1054 0.0891467
6 0.57456 0.640747 0.04996 0.0273067
6 0.58931 0.430453 0.07374 0.1384
6 0.6272 0.578067 0.02412 0.0814667
6 0.43386 0.321493 0.02768 0.105227
6 0.43913 0.48076 0.1295 0.0766133
6 0.48159 0.220533 0.11882 0.09152
6 0.31566 0.378133 0.11992 0.06992
6 0.415 0.353653 0.03552 0.0604267
6 0.63629 0.303453 0.05374 0.0777867
6 0.31703 0.342333 0.1273 0.0520267
6 0.56983 0.552413 0.03214 0.0828533
6 0.52762 0.43388 0.00764 0.03416
6 0.39655 0.299747 0.07262 0.12696
6 0.64927 0.453293 0.0295 0.03512
6 0.51616 0.584307 0.05 0.10744
6 0.69001 0.384867 0.03422 0.03016
6 0.384 0.584827 0.06476 0.0743467
6 0.29268 0.306147 0.12016 0.07992
6 0.5114 0.42036 0.03992 0.172133
6 0.30677 0.314373 0.04134 0.0304533
6 0.53701 0.332587 0.04246 0.06496
6 0.43591 0.264307 0.03118 0.0419467
6 0.60878 0.442253 0.09988 0.1244
6 0.55304 0.449293 0.03048 0.0758133
6 0.65817 0.595987 0.01522 0.02504
6 0.48813 0.659253 0.11838 0.0825067
6 0.2147 0.529773 0.00428 0.0203467
6 0.7405 0.289347 0.0872 0.0717067
6 0.42836 0.47092 0.01848 0.0092
6 0.55612 0.544933 0.04196 0.0498133
6 0.43359 0.430427 0.10538 0.09344
6 0.23246 0.602987 0.0412 0.0354667
6 0.58736 0.616453 0.02708 0.0189867
6 0.46692 0.389693 0.0368 0.0854133
6 0.69483 0.59548 0.01298 0.06488
6 0.60753 0.50448 0.0239 0.02912
6 0.3709 0.670693 0.0264 0.0268267
6 0.65879 0.30956 0.0967 0.11672
6 0.3799 0.76776 0.04236 0.0418667
6 0.72081 0.364693 0.01858 0.0762667
6 0.47054 0.225427 0.021 0.0182133
6 0.57587 0.66208 0.06938 0.0354667
6 0.68533 0.520267 0.0259 0.0368533
6 0.69518 0.269427 0.05144 0.0325067
6 0.32494 0.503093 0.0794 0.195573
6 0.52628 0.47264 0.0288 0.0472
6 0.50304 0.57348 0.09528 0.164027
6 0.43016 0.388587 0.04168 0.04592
6 0.66204 0.42312 0.03388 0.0421867
6 0.4161 0.6096 0.12756 0.112213
6 0.37568 0.361 0.05056 0.153253
6 0.55923 0.24044 0.03054 0.0667467
6 0.72647 0.436493 0.02458 0.0606667
6 0.61865 0.2944 0.1259 0.195787
6 0.29686 0.67544 0.02872 0.178613
6 0.57981 0.364347 0.02422 0.0859733
6 0.4887 0.245347 0.01908 0.0473333
6 0.44917 0.34224 0.02518 0.0533867
6 0.38788 0.742413 0.05772 0.0321333
6 0.21582 0.581387 0.00636 0.0261867
6 0.65916 0.54708 0.03028 0.0563467
6 0.39529 0.71052 0.07866 0.0488267
6 0.41576 0.670133 0.04636 0.02768
6 0.69612 0.418067 0.01736 0.04728
6 0.23955 0.349307 0.05202 0.103307
6 0.65188 0.513827 0.01036 0.0329867
6 0.46354 0.731773 0.0294 0.0810933
6 0.72148 0.498093 0.0744 0.08984
6 0.51106 0.69524 0.02396 0.02376
6 0.21184 0.32716 0.01396 0.0488267