11 0.528695 0.328904 0.155672 0.19049
11 0.355625 0.198695 0.263813 0.196876
11 0.878633 0.435932 0.220859 0.218485
11 0.454914 0.0704079 0.149984 0.126084
11 0.355945 0.427273 0.155672 0.199767
11 0.669781 0.598077 0.235781 0.311538
11 0.446789 0.903811 0.0584844 0.106457
11 0.190891 0.333263 0.211813 0.188438
11 0.480609 0.646107 0.17525 0.301585
11 0.934031 0.73549 0.131937 0.184172
11 0.537008 0.143625 0.163172 0.110653
43 0.476867 0.204837 0.0707344 0.0914918
43 0.658984 0.831364 0.179344 0.110653
43 0.924656 0.675361 0.114781 0.0565501
43 0.207961 0.207646 0.0510469 0.0947319