14 0.649836 0.594609 0.0941784 0.011125
14 0.321925 0.625641 0.0969953 0.0100625
14 0.560505 0.409477 0.047723 0.0127031
14 0.417981 0.390047 0.0405164 0.00609375
14 0.884308 0.537492 0.0543427 0.00820313
14 0.289718 0.676156 0.125164 0.0200313
14 0.738592 0.463828 0.0304225 0.00546875
14 0.707723 0.439656 0.0461033 0.00628125
14 0.562758 0.415672 0.0436854 0.011125
14 0.543181 0.447078 0.0366432 0.0095
14 0.129988 0.941437 0.139601 0.0110312
14 0.314742 0.587852 0.0793897 0.0128594
14 0.298005 0.665508 0.0779343 0.00923437
14 0.336585 0.560195 0.0914319 0.0166719
14 0.611115 0.589656 0.166502 0.0219375
14 0.557887 0.443594 0.0489671 0.0095
14 0.753638 0.469266 0.048216 0.0128125
14 0.841925 0.528828 0.0285446 0.0271875
14 0.315587 0.687164 0.0974178 0.0837031
14 0.36743 0.479391 0.0772535 0.00678125
14 0.850998 0.526445 0.0688028 0.00820313
14 0.629613 0.576234 0.162418 0.0076875
14 0.349883 0.65507 0.118075 0.0175156
14 0.288087 0.658453 0.114014 0.00821875
14 0.822934 0.784148 0.0579812 0.00848437
14 0.913721 0.560758 0.0975352 0.00820313
14 0.774108 0.802055 0.118075 0.0274844
14 0.705411 0.415273 0.0324178 0.0115469
14 0.0848357 0.953922 0.16784 0.0271562
14 0.62088 0.51693 0.0708216 0.0100469
14 0.772547 0.470289 0.0270188 0.0143594
14 0.553134 0.468234 0.0563615 0.00921875
14 0.897077 0.674867 0.205845 0.0253906
14 0.812289 0.790555 0.104155 0.0341094
14 0.369014 0.674273 0.0250704 0.0251406
14 0.560411 0.439125 0.0511033 0.00828125
14 0.122958 0.949141 0.245915 0.101719
14 0.314026 0.570672 0.093216 0.01275
14 0.7527 0.478273 0.0424413 0.00764062
14 0.768016 0.493 0.0520892 0.0110312
14 0.722195 0.456437 0.043216 0.00615625
14 0.86811 0.532117 0.058615 0.0269844
14 0.652746 0.561477 0.0352113 0.00820313
14 0.430293 0.381086 0.02223 0.00520313
14 0.368592 0.491555 0.0935211 0.00982813
14 0.542676 0.459328 0.0561033 0.00775
14 0.787383 0.834445 0.195329 0.0260781
14 0.315904 0.639297 0.095892 0.0190625
14 0.921937 0.640437 0.1473 0.020375
14 0.6323 0.573414 0.173615 0.0251406
14 0.146538 0.893211 0.253638 0.0281719
14 0.720023 0.430375 0.0431925 0.006875
14 0.542876 0.390609 0.0262676 0.00609375
14 0.356291 0.545727 0.0816432 0.00982813
14 0.425516 0.410016 0.0246948 0.00975
14 0.373005 0.474484 0.0384977 0.00703125
14 0.425493 0.40775 0.024554 0.0068125
14 0.938439 0.657422 0.0875822 0.0161563
14 0.895646 0.635727 0.208709 0.0421094
14 0.671995 0.571297 0.0728169 0.011375
14 0.0809977 0.989484 0.0914319 0.0184687
14 0.530516 0.385273 0.02277 0.00410938
14 0.770223 0.79093 0.143779 0.0287344
14 0.688251 0.569336 0.0685211 0.0361406
14 0.374953 0.49857 0.0912207 0.00564062
14 0.203275 0.980234 0.239883 0.0275
14 0.710505 0.820867 0.0757512 0.0205781
14 0.961455 0.680508 0.0770892 0.0115469
14 0.534953 0.383594 0.0344131 0.00615625
14 0.374155 0.481836 0.0758216 0.00451563
14 0.33757 0.475219 0.0543897 0.01025
14 0.137242 0.93268 0.270822 0.0229844
14 0.723075 0.426039 0.0425822 0.00539063
14 0.743803 0.498898 0.0493897 0.00692187
14 0.934308 0.620688 0.0736854 0.00821875
14 0.662066 0.602844 0.0877934 0.0109063
14 0.528709 0.43143 0.0910329 0.00589063
14 0.575141 0.408766 0.0203756 0.00425
14 0.804777 0.772719 0.160822 0.017125
14 0.54973 0.395008 0.0293192 0.00898437
14 0.879695 0.545242 0.0712207 0.0206406
14 0.42662 0.375508 0.0126291 0.00323437
14 0.438932 0.424977 0.0200235 0.00520313
14 0.413862 0.446633 0.016784 0.00451563
14 0.83716 0.76157 0.132347 0.0397656
14 0.598005 0.505422 0.104836 0.0130625
14 0.567512 0.437031 0.0608451 0.00740625
14 0.710998 0.447734 0.0544836 0.00628125
14 0.365094 0.484648 0.0559155 0.00717187
14 0.329566 0.579094 0.097723 0.00984375
14 0.457735 0.338312 0.0134977 0.00590625
14 0.273732 0.69082 0.0694366 0.00898437
14 0.41939 0.401641 0.0405164 0.0046875
14 0.587383 0.490734 0.074061 0.0095
14 0.555904 0.400164 0.0405399 0.00673437
14 0.439683 0.428477 0.0242958 0.00307813
14 0.446538 0.341008 0.00692488 0.00154688
14 0.787876 0.814727 0.0735446 0.0126094
14 0.615434 0.500055 0.0607746 0.00923437
14 0.421819 0.38418 0.0264554 0.00498438
14 0.914554 0.5525 0.0915493 0.0116562
14 0.561232 0.425352 0.0365493 0.00735937
14 0.659707 0.58443 0.108803 0.0128281
14 0.884566 0.531773 0.0572066 0.0106406
14 0.402512 0.34043 0.0165258 0.00232812
14 0.42034 0.338023 0.0261737 0.00529688
14 0.728979 0.453672 0.0347183 0.005125
14 0.324319 0.636883 0.0724883 0.0140469
14 0.55831 0.4195 0.0359624 0.00596875
14 0.402582 0.441406 0.0597183 0.00703125
14 0.742453 0.484516 0.113404 0.00996875
14 0.331514 0.547727 0.0244366 0.00917187
14 0.406033 0.455266 0.0234742 0.0103125
14 0.0911268 0.906117 0.0419718 0.00664062
14 0.561115 0.523906 0.0933568 0.00975
14 0.586291 0.520117 0.0370423 0.00520313
14 0.421362 0.39775 0.0438967 0.0053125
14 0.731901 0.752594 0.0723005 0.0090625
14 0.639437 0.557125 0.0493897 0.0074375
14 0.675822 0.422141 0.103333 0.0051875