42 0.512594 0.342938 0.165969 0.128562
42 0.488812 0.368219 0.203969 0.12175
42 0.721328 0.511492 0.238313 0.182922
42 0.627008 0.441812 0.141609 0.111187
42 0.868695 0.515141 0.190547 0.0784688
42 0.919227 0.555055 0.112047 0.0858906
42 0.872305 0.454164 0.0618906 0.0731094
42 0.616133 0.404102 0.0689844 0.0610156
42 0.722273 0.707633 0.162172 0.119141
42 0.515797 0.619867 0.0640625 0.0500781
42 0.812547 0.389234 0.09975 0.102563
42 0.530516 0.4325 0.134688 0.0942813
42 0.736422 0.369984 0.0544375 0.0776563
42 0.581773 0.342961 0.123047 0.110422
42 0.686391 0.397953 0.0584687 0.112312
42 0.769461 0.382797 0.0800469 0.0841563
42 0.924586 0.411602 0.0941406 0.134109
38 0.124914 0.495891 0.246266 0.199563
38 0.0729844 0.353586 0.144219 0.159828
38 0.0464062 0.853148 0.0928125 0.293703
38 0.20793 0.450031 0.0557031 0.08175
38 0.116648 0.594578 0.198672 0.144719
38 0.134469 0.222953 0.0864062 0.0489687