1 0.501164 0.475219 0.166234 0.171104
1 0.440836 0.619479 0.194672 0.23525
1 0.598047 0.600188 0.15275 0.246208
1 0.53282 0.341042 0.0603906 0.117
1 0.769883 0.469115 0.140359 0.0938125
1 0.349102 0.540406 0.153953 0.232896
1 0.637883 0.344042 0.184078 0.280792
1 0.751086 0.55475 0.203141 0.300667
44 0.364727 0.320406 0.0972031 0.201479
44 0.428609 0.145521 0.141125 0.14625
44 0.304906 0.39974 0.146344 0.220521
44 0.439273 0.302698 0.160141 0.230604
44 0.637219 0.364094 0.184625 0.240813
44 0.562922 0.205281 0.142313 0.171813
44 0.506969 0.474292 0.181563 0.173083