1 0.0325156 0.54272 0.0631562 0.20229
1 0.783594 0.714284 0.342281 0.212658
1 0.73768 0.60408 0.358078 0.246278
1 0.199297 0.595808 0.32 0.200204
1 0.190234 0.859427 0.301625 0.278528
1 0.783289 0.803517 0.290422 0.175706
1 0.179016 0.463814 0.291969 0.171759
1 0.963508 0.65274 0.0699219 0.118732
1 0.0255 0.827198 0.051 0.320982
1 0.752102 0.276339 0.324391 0.549448
1 0.812648 0.897546 0.374703 0.204908
1 0.944641 0.560992 0.110719 0.207751
1 0.465391 0.565726 0.295781 0.241922
1 0.169281 0.689049 0.328187 0.239898
1 0.4615 0.433793 0.306469 0.207505
1 0.466516 0.859581 0.388125 0.280838
1 0.475156 0.455562 0.318594 0.721431
1 0.954008 0.765532 0.0919844 0.15454