11 0.444031 0.216701 0.0823438 0.103716
11 0.559953 0.231023 0.0853437 0.0834238
11 0.441375 0.401889 0.074125 0.0902088
11 0.271234 0.287109 0.0595 0.0879123
11 0.399133 0.451284 0.0991406 0.111294
11 0.393836 0.250835 0.0702969 0.0763257
11 0.259523 0.357192 0.145797 0.182693
11 0.259711 0.44809 0.0583906 0.0875783
11 0.530211 0.357735 0.0963594 0.166326
11 0.32593 0.412818 0.0941406 0.10309
11 0.447641 0.311451 0.0728125 0.0358873
11 0.439391 0.289259 0.0255 0.0264927
11 0.31407 0.275668 0.0429844 0.0995198
11 0.475078 0.367234 0.0683125 0.0700835
11 0.498828 0.17738 0.0590938 0.0649896
11 0.550867 0.177693 0.0499531 0.0369311
11 0.361227 0.313789 0.118266 0.136597