1 0.0720267 0.59551 0.0180267 0.01242
1 0.18364 0.30514 0.0857333 0.05496
1 0.0384667 0.99179 0.0379467 0.01642
1 0.153973 0.61005 0.0140267 0.01078
1 0.257613 0.59013 0.0153867 0.0105
1 0.269533 0.35303 0.0224267 0.01806
1 0.04004 0.80864 0.0182133 0.013
1 0.469053 0.32786 0.03432 0.01588
1 0.483747 0.61355 0.105947 0.07374
1 0.24676 0.19891 0.04088 0.04266
1 0.134507 0.52128 0.03968 0.02768
1 0.513853 0.51859 0.0294133 0.01822
1 0.105947 0.82012 0.03248 0.02128
1 0.04348 0.61613 0.0115467 0.00814
1 0.09228 0.13153 0.026 0.03846
1 0.27656 0.16462 0.0393067 0.01488
1 0.20724 0.70326 0.0173067 0.01192
1 0.347333 0.56834 0.01744 0.01
1 0.21432 0.25887 0.0949867 0.05958
1 0.301533 0.13049 0.06504 0.0439
1 0.244093 0.58659 0.0129867 0.01258
1 0.00598667 0.72582 0.0119733 0.01564
1 0.521 0.44817 0.02872 0.02154
1 0.729027 0.4878 0.0178933 0.02684
1 0.49416 0.365 0.0344533 0.02552
1 0.863907 0.37462 0.0229067 0.01692
1 0.754493 0.32332 0.0186933 0.01844
1 0.00817333 0.80086 0.0163467 0.02368
1 0.160267 0.64807 0.0105067 0.0071
1 0.31332 0.39326 0.0286667 0.02688
1 0.14396 0.70779 0.0222133 0.0103
1 0.411933 0.5882 0.0164 0.01376
1 0.26328 0.07551 0.0677333 0.04846
1 0.37312 0.56905 0.0149867 0.00926
1 0.0850133 0.86423 0.0143467 0.02642
1 0.82236 0.17404 0.0210933 0.01512
1 0.0530267 0.59015 0.0153333 0.00974
1 0.770667 0.48316 0.0122133 0.01832
1 0.00690667 0.60762 0.0136 0.01156
1 0.320987 0.57137 0.0232 0.01222
1 0.778253 0.24167 0.0396533 0.03514