42 0.80687 0.949453 0.0543 0.03704
42 0.6983 0.874587 0.03236 0.0301333
42 0.89706 0.986827 0.09012 0.0237333
42 0.73372 0.810827 0.04692 0.04544
42 0.64114 0.9902 0.02632 0.0196
42 0.63073 0.9442 0.03874 0.0440267
42 0.41451 0.854133 0.03182 0.0328
42 0.42219 0.923347 0.0249 0.0286133
42 0.50072 0.908627 0.07504 0.05736
42 0.6001 0.823227 0.06036 0.0484267
42 0.44628 0.984827 0.06372 0.0303467
42 0.531 0.816387 0.03708 0.0203467
42 0.58418 0.862187 0.05592 0.03088
42 0.28367 0.905773 0.05898 0.0324533
42 0.50726 0.9712 0.08424 0.0576
42 0.7461 0.958613 0.05628 0.056
42 0.36423 0.96852 0.02222 0.0313333
42 0.37 0.924787 0.0396 0.0250933
42 0.66839 0.83028 0.0355 0.0313867
42 0.21453 0.9234 0.03394 0.0391733
42 0.76832 0.90524 0.0584 0.04904
42 0.47328 0.817493 0.06136 0.03776
42 0.58702 0.943453 0.0848 0.0487733