46 0.807992 0.255055 0.023431 0.0237344
46 0.871297 0.333305 0.201757 0.321078
46 0.835387 0.176063 0.169351 0.0449688
46 0.812312 0.212969 0.087887 0.033625
4 0.135272 0.440898 0.241381 0.0679531
4 0.757312 0.506484 0.0634519 0.163562
4 0.0668515 0.366797 0.0722385 0.0796562
4 0.688316 0.378852 0.100732 0.129484
4 0.125042 0.505633 0.217992 0.138734
4 0.207992 0.409867 0.136151 0.0269219
4 0.271318 0.277188 0.0389121 0.038
4 0.236768 0.502828 0.171025 0.049125
4 0.473368 0.485797 0.140042 0.147656
4 0.255952 0.464492 0.140983 0.0433281
14 0.786977 0.280055 0.386464 0.365641
14 0.197312 0.288969 0.389226 0.414875
14 0.656423 0.416281 0.299121 0.716656
14 0.273117 0.261969 0.463096 0.300969
14 0.472793 0.453766 0.309854 0.753437
14 0.66863 0.283984 0.165502 0.10125
33 0.710774 0.111539 0.0621757 0.0388906
33 0.811632 0.204625 0.0886611 0.0223125
33 0.75773 0.506039 0.0622803 0.162672
33 0.869948 0.331711 0.202448 0.322047
33 0.473201 0.486453 0.140921 0.145094
33 0.134665 0.443375 0.242929 0.0738125
33 0.171056 0.393641 0.244456 0.0630625
33 0.256695 0.464422 0.141381 0.0451562
33 0.527971 0.514117 0.151757 0.214078
33 0.0662448 0.365516 0.0710251 0.0799062
33 0.831705 0.177031 0.162615 0.04725
33 0.603912 0.198578 0.0385774 0.0915938
33 0.296883 0.300063 0.105146 0.09125