37 0.966962 0.854305 0.0635699 0.0685469
37 0.788559 0.661031 0.0468894 0.0279687
37 0.205355 0.661586 0.0608977 0.0539531
37 0.732474 0.867188 0.110292 0.0794375
37 0.120689 0.88432 0.0692693 0.0694844
37 0.978413 0.799141 0.0431733 0.0525625
37 0.813883 0.730852 0.0540292 0.0555781
37 0.983163 0.755062 0.0336743 0.044875
37 0.35761 0.805312 0.104363 0.0825937
37 0.47357 0.713695 0.0926931 0.0707969
37 0.962307 0.700797 0.0753862 0.0734062
37 0.872505 0.718914 0.0957411 0.0661406
37 0.260992 0.667953 0.0926722 0.0660937
37 0.0487996 0.728211 0.0946347 0.0725469
37 0.216409 0.697336 0.0335282 0.0226406
37 0.657818 0.770672 0.0935908 0.0717187
37 0.894739 0.669562 0.0617954 0.051
37 0.434854 0.870492 0.0967223 0.0885781
37 0.0968998 0.710977 0.035929 0.0338594
37 0.831273 0.79975 0.0759499 0.0569063
37 0.496754 0.819242 0.0839875 0.0593906
37 0.968591 0.909914 0.061357 0.0607344
37 0.00375783 0.663937 0.00555324 0.027625
37 0.749979 0.80432 0.10334 0.0815469
37 0.722735 0.664617 0.0831733 0.0574531
37 0.29358 0.775344 0.0895825 0.0690937
37 0.618163 0.68418 0.0777871 0.0525469
37 0.442871 0.775227 0.116096 0.0717031
37 0.520459 0.754391 0.0691441 0.049625
37 0.580762 0.852305 0.100605 0.0774531
37 0.758132 0.699281 0.0979749 0.0629687
37 0.0665344 0.853969 0.120125 0.0874687
37 0.15833 0.706688 0.0994154 0.0720625
37 0.495793 0.933508 0.105908 0.0650156
37 0.890647 0.924813 0.108476 0.0794062
37 0.488706 0.656727 0.088309 0.0674531
37 0.196754 0.77043 0.0917119 0.0877344
37 0.0329123 0.79582 0.0635699 0.0730469
37 0.582965 0.925984 0.0883925 0.0759688
37 0.791649 0.924719 0.0985804 0.0628438
37 0.251503 0.726297 0.0992067 0.0674375
37 0.66453 0.714836 0.0931106 0.0591094
37 0.837547 0.676063 0.103445 0.060875
37 0.17666 0.828914 0.0924008 0.0446406
37 0.513288 0.877242 0.0948017 0.0705469
37 0.583674 0.731367 0.0900209 0.0648906
37 0.658967 0.907578 0.106451 0.0910625
37 0.406138 0.751484 0.0672651 0.0423125
37 0.00675365 0.697461 0.0135073 0.0390781
37 0.405939 0.678344 0.0841962 0.0533438
37 0.331712 0.693195 0.101253 0.0605156
37 0.897307 0.727727 0.0783716 0.0695156
37 0.10571 0.789383 0.113591 0.0753594
37 0.406942 0.712852 0.05238 0.0411094
37 0.0501253 0.928539 0.100251 0.0638281
37 0.295418 0.934398 0.0965971 0.0622031
37 0.542683 0.794969 0.106075 0.077125
37 0.660167 0.828711 0.0903549 0.0697656
37 0.366388 0.732031 0.102547 0.0694375
37 0.194823 0.882211 0.122129 0.0833906
37 0.573601 0.691945 0.0204802 0.0127031
37 0.014666 0.745617 0.0291232 0.0409844
37 0.305887 0.732242 0.0245094 0.0258594
37 0.909676 0.869656 0.0670772 0.0469375
37 0.0549687 0.676719 0.0911482 0.0581875
37 0.144447 0.935625 0.109269 0.0603437
37 0.117672 0.746477 0.0579749 0.0469531
37 0.833841 0.864219 0.0979541 0.091
37 0.550762 0.711078 0.0612735 0.0445
37 0.592025 0.791203 0.054071 0.059
37 0.525094 0.695844 0.0263466 0.0238438
37 0.989363 0.671289 0.0195198 0.0156406
37 0.748267 0.746445 0.100626 0.0648906
37 0.00939457 0.903812 0.0187891 0.0661875
37 0.905042 0.815977 0.118058 0.0801719
37 0.393372 0.932539 0.100271 0.0667031
37 0.350929 0.884836 0.0971816 0.0856719
37 0.926701 0.763758 0.088643 0.0636094
37 0.136795 0.674383 0.0778079 0.0434219
37 0.29952 0.846867 0.0809603 0.0747344
37 0.838267 0.76607 0.0920668 0.0405156
37 0.41809 0.834953 0.0882463 0.0393437
37 0.635741 0.966273 0.0680585 0.0492969
39 0.210125 0.189055 0.0303549 0.0208281
39 0.537797 0.184195 0.0218998 0.00692187
39 0.257161 0.195406 0.0218372 0.0150625
39 0.397401 0.180219 0.0304593 0.0179687
39 0.455658 0.213563 0.0294363 0.01025
39 0.425397 0.187 0.0345511 0.0212812
39 0.340188 0.214508 0.0247182 0.0174531
39 0.726388 0.188805 0.0222547 0.00795313
39 0.707912 0.183031 0.0324008 0.018625
39 0.199415 0.221219 0.0295198 0.022125
39 0.641117 0.211656 0.0312526 0.019125
39 0.389687 0.192828 0.033737 0.0219688
39 0.511284 0.181508 0.0289144 0.0233906
39 0.324071 0.199328 0.0386639 0.0238438
39 0.709896 0.198937 0.0268058 0.0205313
39 0.200522 0.201617 0.0324426 0.0201094
39 0.349499 0.192609 0.0297704 0.014625
39 0.680522 0.186281 0.0388309 0.0142187
39 0.651378 0.193625 0.0317745 0.018875
39 0.741931 0.208562 0.0290814 0.01925
39 0.513998 0.212969 0.0375992 0.0213438
39 0.427244 0.216773 0.0437996 0.0228281
39 0.672067 0.212437 0.0382046 0.018875
39 0.544384 0.203523 0.0307307 0.0142969
39 0.616294 0.188367 0.0339248 0.0254219
39 0.238476 0.223953 0.0331942 0.022875
39 0.316566 0.213891 0.0312944 0.0129688
39 0.599906 0.213445 0.0350939 0.0151094
39 0.462161 0.198055 0.0355115 0.0258906
39 0.315783 0.185125 0.036618 0.0244688
39 0.655449 0.173656 0.0385804 0.0252188
39 0.485971 0.191172 0.0294363 0.0195
39 0.351566 0.18532 0.0234238 0.00707813
39 0.235282 0.201047 0.0331942 0.0220625
39 0.587839 0.189039 0.0282881 0.0207031
39 0.248319 0.211313 0.0335491 0.0171875
39 0.284447 0.195406 0.0357411 0.014875
39 0.393539 0.209586 0.0325052 0.0253906
39 0.283319 0.220586 0.031023 0.0207969
39 0.544332 0.214547 0.0269937 0.0185937
39 0.239196 0.183039 0.0307933 0.0194844
39 0.281827 0.18225 0.0350522 0.0210313
39 0.490731 0.202023 0.0243006 0.0112969
39 0.612443 0.176117 0.0285177 0.0138906
39 0.583904 0.17457 0.0298956 0.0204219
39 0.484823 0.214961 0.0258455 0.0156719
39 0.428319 0.203047 0.0342171 0.017625
5 0.73428 0.391219 0.0587891 0.0375
5 0.302714 0.400969 0.0387891 0.01975
5 0.229896 0.354836 0.023048 0.0147031
5 0.556806 0.3995 0.043382 0.029625
5 0.450678 0.351297 0.0490397 0.03775
5 0.828455 0.341 0.0563257 0.0366563
5 0.543351 0.376695 0.0492484 0.0307656
5 0.441754 0.373781 0.0532359 0.0339375
5 0.161827 0.378555 0.0496242 0.0295156
5 0.785898 0.393477 0.0524635 0.0306719
5 0.784478 0.364203 0.0722129 0.0305312
5 0.261639 0.364828 0.0462004 0.0479687
5 0.509676 0.390164 0.0565971 0.0456406
5 0.684603 0.356094 0.050501 0.025375
5 0.148591 0.341695 0.0523382 0.0217969
5 0.265814 0.407992 0.035929 0.00770312
5 0.195438 0.352344 0.0468685 0.0350312
5 0.464802 0.398219 0.0385386 0.0275938
5 0.654499 0.342891 0.0476618 0.04
5 0.219081 0.372375 0.0458873 0.0405
5 0.761754 0.327164 0.0708142 0.0286719
5 0.870668 0.390078 0.0456367 0.0320312
5 0.683466 0.374016 0.0453862 0.0272188
5 0.585793 0.333109 0.0218998 0.0156563
5 0.124478 0.361469 0.0454489 0.02475
5 0.340856 0.383227 0.0536534 0.0304531
5 0.306044 0.360719 0.035595 0.03
5 0.383121 0.369375 0.0485804 0.0325
5 0.179447 0.391047 0.0712526 0.0239688
5 0.228466 0.407914 0.0475783 0.0105156
5 0.692025 0.33443 0.0538205 0.0305781
5 0.37667 0.398086 0.0456159 0.0257656
5 0.113998 0.385578 0.0474113 0.0390937
5 0.342871 0.358281 0.0444885 0.0307812
5 0.498497 0.364633 0.0504384 0.0233594
5 0.818716 0.386016 0.0617745 0.0300938
5 0.393392 0.346102 0.0670772 0.0357344
5 0.607672 0.348562 0.05238 0.039
5 0.444676 0.331727 0.0691441 0.0338594
5 0.243925 0.390852 0.0545303 0.0280156
5 0.695386 0.409398 0.0588727 0.0536094
5 0.732766 0.338852 0.0346764 0.0221719
5 0.164478 0.360891 0.0493319 0.0334688
5 0.84214 0.365672 0.0417328 0.0234688
5 0.410992 0.404266 0.0257829 0.0148125
5 0.197808 0.402781 0.0557829 0.0171875
5 0.43666 0.402609 0.0294363 0.0210313
5 0.297296 0.385039 0.0462004 0.0217969
5 0.836482 0.396953 0.0464509 0.0200313
5 0.568445 0.38168 0.0241962 0.0222031
5 0.153977 0.405688 0.0715449 0.00871875
5 0.483038 0.353227 0.0290814 0.0212969
5 0.562401 0.34882 0.0430063 0.0388281
5 0.727004 0.363391 0.0513361 0.0384688
5 0.28191 0.350656 0.0341754 0.02225
5 0.265752 0.399172 0.0525052 0.0215
5 0.786347 0.344508 0.0761587 0.0346406
1 0.668727 0.273883 0.0336534 0.0264844
1 0.542724 0.275766 0.0500835 0.02025
1 0.54285 0.251656 0.0462004 0.0279687
1 0.232818 0.285914 0.0438831 0.0190156
1 0.181106 0.281023 0.0554489 0.0282031
1 0.739572 0.245617 0.0553027 0.0373906
1 0.404092 0.293406 0.0520251 0.0323125
1 0.787965 0.295148 0.0530063 0.0248281
1 0.753309 0.281922 0.0496242 0.01975
1 0.529562 0.294805 0.0393737 0.0228281
1 0.635564 0.254055 0.0516701 0.0351406
1 0.488413 0.280797 0.0635073 0.0436563
1 0.707714 0.27268 0.0547182 0.0383594
1 0.197025 0.259531 0.0483299 0.0271562
1 0.291576 0.265273 0.0459499 0.0231406
1 0.318476 0.296281 0.0574948 0.0228437
1 0.455397 0.248602 0.0511273 0.0343281
1 0.280355 0.286406 0.0472234 0.0220625
1 0.598267 0.245406 0.0446764 0.0329062
1 0.30762 0.274711 0.0437578 0.0231719
1 0.570647 0.26025 0.0472234 0.024625
1 0.409457 0.265375 0.0273904 0.0230937
1 0.773559 0.302602 0.0577662 0.0147031
1 0.410825 0.2455 0.036263 0.0171875
1 0.552505 0.302242 0.054739 0.0190469
1 0.737443 0.298484 0.0530063 0.0237813
1 0.250616 0.298922 0.0570146 0.0185937
1 0.444175 0.30557 0.0417537 0.0105156
1 0.495459 0.305172 0.0527975 0.0115937
1 0.425031 0.271305 0.0308142 0.0349531
1 0.771608 0.272867 0.0579123 0.0256719
1 0.195303 0.291195 0.0595825 0.0333906
1 0.322046 0.279023 0.0280585 0.0205156
1 0.469029 0.273672 0.0462004 0.0379688
1 0.269175 0.30318 0.0425261 0.0100156
1 0.659196 0.299109 0.0516701 0.0259062
1 0.716743 0.302094 0.0522338 0.0189687
1 0.499864 0.256258 0.0413152 0.0210781
1 0.617881 0.282766 0.0606054 0.041125
1 0.24357 0.268516 0.0474322 0.0299687
1 0.337714 0.253281 0.0456159 0.0290625
1 0.693236 0.254031 0.0414614 0.0152187
1 0.571764 0.287359 0.0438205 0.0328437