34 0.355313 0.25822 0.066625 0.0406089
34 0.454719 0.152576 0.0408125 0.0477283
34 0.445453 0.381335 0.072375 0.0386417
34 0.278 0.430902 0.0338437 0.0774005
34 0.529164 0.552939 0.0453594 0.072904
34 0.515883 0.315129 0.0504219 0.0292272
34 0.217172 0.651429 0.0590313 0.0585948
34 0.43368 0.25582 0.0441094 0.0640984
34 0.296961 0.240328 0.107578 0.0691803
34 0.602781 0.40596 0.031625 0.0883607
34 0.163312 0.626101 0.05625 0.0293911
34 0.155133 0.464602 0.0232656 0.0271897
34 0.299469 0.625515 0.038125 0.106393
34 0.6325 0.542787 0.0405 0.0346136
34 0.467141 0.222084 0.0302812 0.0457143
34 0.322125 0.627998 0.044625 0.101803
34 0.467656 0.50952 0.0269062 0.0329508
34 0.571242 0.261136 0.0404844 0.0988993
34 0.437266 0.513864 0.0275938 0.0857143
34 0.16518 0.38034 0.0215469 0.0992272
34 0.527289 0.149895 0.0527656 0.0436768
34 0.471703 0.755855 0.0825937 0.0951288
34 0.610914 0.560749 0.0375781 0.0432319
34 0.396422 0.640855 0.0396562 0.0889696
34 0.292375 0.463829 0.0644062 0.0825527
34 0.384766 0.291686 0.0298438 0.0518501
34 0.463375 0.53274 0.0268125 0.0283372
34 0.415555 0.51274 0.0417031 0.0325527
34 0.427008 0.355082 0.0583906 0.0777986
34 0.596172 0.686347 0.0485938 0.0752225
34 0.18875 0.438396 0.0703125 0.0618033
34 0.596578 0.684496 0.032125 0.0593911
34 0.204367 0.447494 0.0387656 0.063185
34 0.544242 0.315187 0.0528594 0.0751991
34 0.627859 0.417576 0.027625 0.0740281
42 0.359313 0.288513 0.0473438 0.0261593
42 0.741313 0.437705 0.114594 0.0712881
42 0.679305 0.557272 0.107703 0.103021
42 0.274406 0.320222 0.097125 0.110422
42 0.360023 0.277998 0.0557656 0.0313583
42 0.52168 0.384696 0.133984 0.10096
42 0.574242 0.500738 0.139953 0.112248
42 0.397289 0.441206 0.110016 0.0833489
42 0.372258 0.244918 0.107516 0.121546
42 0.229516 0.471042 0.0953125 0.10007
42 0.519727 0.204262 0.0836094 0.0806557
42 0.600953 0.277881 0.116062 0.0913583
42 0.189266 0.380972 0.036 0.0651288
42 0.302469 0.347564 0.072625 0.10281
42 0.557023 0.62815 0.0264844 0.112974
42 0.739648 0.330375 0.103422 0.105386
42 0.32743 0.705504 0.118297 0.0862763
42 0.71043 0.300562 0.0634219 0.0876815
42 0.415305 0.594742 0.128547 0.0843794
42 0.191641 0.438852 0.0761875 0.0628571