14 0.720516 0.668205 0.0470938 0.0333333
14 0.794859 0.666177 0.0305 0.0227506
14 0.304367 0.607611 0.0139219 0.0382051
14 0.725742 0.724767 0.101516 0.0933566
14 0.298375 0.505338 0.031125 0.0248485
14 0.268234 0.561014 0.0194687 0.032331
14 0.747102 0.735361 0.0185156 0.0383217
14 0.287203 0.60789 0.0229062 0.0335897
14 0.737516 0.691096 0.0381563 0.0602331
14 0.268391 0.504697 0.0237188 0.0112587
14 0.799391 0.687483 0.0409062 0.0292308
14 0.6715 0.782727 0.0801562 0.0528205
14 0.665242 0.646667 0.0731094 0.117529
14 0.735977 0.627506 0.110234 0.0570163
14 0.691797 0.719662 0.064875 0.0235198
14 0.304375 0.539382 0.057375 0.0217016
14 0.285273 0.56359 0.0201094 0.00974359
14 0.757391 0.725396 0.015375 0.0148485
14 0.2255 0.548753 0.029125 0.0207226
14 0.252852 0.496923 0.0106406 0.0677855
14 0.276875 0.53979 0.036 0.0191142
14 0.316945 0.513333 0.0363594 0.0384615
14 0.299625 0.554639 0.0522188 0.0143124
14 0.689094 0.741597 0.02325 0.0176923
14 0.251602 0.549767 0.0242344 0.0210256
14 0.296289 0.527471 0.00864063 0.0222611