37 0.64909 0.514237 0.0157 0.0187126
37 0.63705 0.664566 0.00754 0.0151198
37 0.65253 0.613877 0.01598 0.0211078
37 0.66287 0.603832 0.01242 0.0282036
37 0.64232 0.680419 0.01628 0.0217365
37 0.64634 0.530644 0.0154 0.0171557
37 0.62554 0.513967 0.0128 0.0176946
37 0.66686 0.660898 0.01744 0.0212575
37 0.63827 0.587829 0.01694 0.010509
37 0.66703 0.689042 0.01486 0.0162275
37 0.64082 0.697829 0.0094 0.00847305
37 0.64238 0.607186 0.01572 0.0224551
37 0.67405 0.590509 0.0139 0.0237725
37 0.62828 0.670464 0.01664 0.0206886
37 0.63301 0.526497 0.0139 0.021497
37 0.65971 0.50506 0.01654 0.0221557
37 0.81811 0.796033 0.01346 0.0165569
37 0.6537 0.598323 0.01156 0.0161677
37 0.67247 0.672455 0.01478 0.0194611
37 0.62889 0.60232 0.01482 0.0209281
37 0.65289 0.666527 0.01418 0.0217964
37 0.64465 0.660629 0.0137 0.0188623