8 0.299979 0.401922 0.0355417 0.0207813
8 0.331531 0.398508 0.0392708 0.0305156
8 0.625021 0.403711 0.0568333 0.0473281
8 0.375167 0.416727 0.103917 0.0730781
8 0.266521 0.467312 0.139708 0.0301563
8 0.979906 0.205078 0.0317708 0.0226562
8 0.71776 0.526922 0.0560625 0.0625625
8 0.459823 0.541266 0.118021 0.0625938
8 0.375281 0.466 0.150604 0.0807812
8 0.665625 0.536031 0.0564167 0.0264062
8 0.26376 0.38518 0.0536875 0.0533281
8 0.767146 0.551344 0.0487083 0.049625
8 0.759687 0.506492 0.0529583 0.0325781
8 0.376469 0.355383 0.0960625 0.0656406
8 0.605958 0.448758 0.0474167 0.0426719
8 0.442646 0.371461 0.0287083 0.0248594
8 0.617073 0.376281 0.0256458 0.0135937
8 0.664833 0.543883 0.041 0.0267344
8 0.699 0.467695 0.08925 0.0394844
8 0.746021 0.490313 0.0421667 0.029625
33 0.690156 0.486922 0.0427292 0.045125
33 0.376583 0.465055 0.145292 0.0782031
33 0.266542 0.465953 0.1365 0.0282187
33 0.696062 0.535039 0.113125 0.0659844
33 0.958833 0.196508 0.0508333 0.0137656