6 0.237417 0.466055 0.148625 0.0536094
6 0.242177 0.433391 0.0406458 0.0722187
6 0.313802 0.489422 0.0498542 0.047625
6 0.220281 0.412883 0.0205208 0.0431094
6 0.271427 0.433563 0.0381458 0.0756875
6 0.22751 0.426563 0.0430208 0.0730937
6 0.202646 0.435813 0.024875 0.0466562
48 0.429219 0.799719 0.0451875 0.0269375
48 0.388198 0.794547 0.0377292 0.0285313
48 0.452063 0.790609 0.0701667 0.0359375
48 0.348719 0.832242 0.0416042 0.0459844
48 0.487948 0.839086 0.0487292 0.0618594
48 0.398771 0.807312 0.0202917 0.00903125
48 0.462208 0.830625 0.0344167 0.0595313
48 0.417177 0.774953 0.0561458 0.0320937
48 0.419615 0.833961 0.0454375 0.0633281