38 0.802977 0.647643 0.143891 0.195987
38 0.6525 0.300263 0.103062 0.198114
38 0.44175 0.355702 0.0743125 0.115482
38 0.351 0.825329 0.118469 0.0667982
38 0.119305 0.579879 0.181109 0.178794
38 0.244297 0.386985 0.2115 0.219013
38 0.547836 0.607149 0.0820781 0.163202
38 0.352633 0.696294 0.0749219 0.0962719
38 0.627953 0.185219 0.100031 0.333246
38 0.368891 0.283114 0.118969 0.0917105
38 0.362242 0.376469 0.0962344 0.156272
38 0.859219 0.448279 0.281562 0.230066
38 0.38443 0.67125 0.215453 0.229737
38 0.14493 0.32159 0.155328 0.171645
38 0.464852 0.804671 0.130078 0.0913596
38 0.268164 0.517566 0.0581719 0.084693
38 0.671414 0.213224 0.0883281 0.14864