6 0.487641 0.660073 0.0135625 0.0456042
6 0.478367 0.668854 0.0147969 0.0327917
6 0.511242 0.677792 0.0149219 0.0367083
6 0.838352 0.84526 0.0661406 0.0571875
6 0.503516 0.661125 0.012625 0.04475
6 0.549742 0.686146 0.00789063 0.0384583
6 0.539688 0.662604 0.010875 0.03775
6 0.85568 0.871208 0.0519219 0.0766667
6 0.467969 0.664083 0.0103438 0.0339583
6 0.539984 0.682052 0.0151875 0.0256458
6 0.524672 0.681927 0.0146875 0.0342708
6 0.842281 0.856333 0.0573125 0.0679583
6 0.518969 0.668479 0.0115312 0.0530417
44 0.74957 0.891531 0.0363281 0.0323958
44 0.731539 0.864667 0.0311406 0.0384583
44 0.809172 0.895177 0.0321875 0.0458542
44 0.715703 0.877823 0.0351875 0.0253958
44 0.781203 0.901177 0.0359375 0.0272708
44 0.767344 0.864688 0.0416562 0.0515833
44 0.751359 0.846187 0.0329062 0.0374167
44 0.788906 0.896125 0.0365938 0.03775