52 0.787279 0.759984 0.128448 0.11049
52 0.595196 0.91991 0.103856 0.0847549
52 0.372369 0.794412 0.0647386 0.067451
52 0.658562 0.668954 0.0870261 0.0538235
52 0.61576 0.809371 0.0876634 0.0868137
52 0.349493 0.746422 0.0646078 0.0630719
52 0.858301 0.548039 0.08 0.0797386
52 0.632598 0.630833 0.0843137 0.0502614
52 0.873342 0.605368 0.0760948 0.0536438
52 0.346013 0.870098 0.101863 0.111111
52 0.493824 0.777108 0.0901634 0.100686
52 0.820408 0.684077 0.104869 0.134101
52 0.740294 0.632418 0.083366 0.0793464
52 0.56665 0.685204 0.114608 0.0976961
52 0.432721 0.913529 0.124461 0.126046
52 0.252533 0.836765 0.103922 0.101699
52 0.624706 0.876846 0.0665033 0.0552941
52 0.291005 0.768317 0.103317 0.125392
52 0.436977 0.75585 0.0850654 0.0723856
52 0.732092 0.858799 0.10134 0.141193
52 0.546765 0.857288 0.0977451 0.0810784
52 0.683554 0.917459 0.0798856 0.0544935
52 0.553056 0.934485 0.0802614 0.0756373
52 0.414493 0.828775 0.049281 0.0540523
52 0.570466 0.774649 0.0862908 0.0869118
52 0.478832 0.697304 0.0758987 0.0648693
52 0.779355 0.661364 0.0645588 0.085049
52 0.6696 0.839126 0.0897876 0.108905
52 0.479191 0.895065 0.0902124 0.156046
52 0.404052 0.733562 0.0845098 0.0980719
52 0.672108 0.74098 0.102255 0.096634
6 0.276773 0.400956 0.134363 0.127435
6 0.48482 0.515564 0.138268 0.115147
6 0.419085 0.197949 0.119477 0.112827
6 0.355539 0.51143 0.118464 0.107435
6 0.32134 0.214387 0.0549673 0.0605719
6 0.301005 0.252819 0.126422 0.123578
6 0.41406 0.314428 0.0853758 0.109739
6 0.455507 0.350899 0.129346 0.13866