24 0.137333 0.335805 0.226333 0.141953
24 0.0879792 0.271406 0.167375 0.132688
59 0.911125 0.270992 0.112458 0.142297
59 0.913854 0.143844 0.155083 0.129125
59 0.674323 0.225563 0.177146 0.131
32 0.438385 0.0768047 0.0568958 0.0346719
32 0.396219 0.203258 0.0747292 0.0593906
32 0.57249 0.0469062 0.0648958 0.0380625
32 0.41975 0.168875 0.0649583 0.0375313
32 0.301875 0.0695781 0.047375 0.0459062
32 0.368552 0.0389844 0.0646875 0.052875
32 0.363802 0.142523 0.0677292 0.0487969
32 0.453823 0.0541016 0.0506042 0.0384531
32 0.333479 0.0569219 0.068375 0.0538438
32 0.503896 0.0324375 0.0857083 0.064875
32 0.451729 0.134992 0.058625 0.0469531
32 0.273656 0.161328 0.0692708 0.0515625
32 0.372896 0.0990703 0.05 0.0416094
32 0.56176 0.0678047 0.0785625 0.0565781
38 0.644229 0.116008 0.1825 0.129141
38 0.761875 0.309406 0.108708 0.07
38 0.977562 0.294289 0.044875 0.0714219
38 0.801167 0.0926875 0.169583 0.0689687
38 0.839146 0.0438594 0.0727917 0.0877187
38 0.8345 0.315766 0.101542 0.102813