34 0.550352 0.670944 0.0104531 0.015
34 0.517836 0.644111 0.0126094 0.0224444
34 0.498594 0.23475 0.0088125 0.0141667
34 0.500656 0.787236 0.0115625 0.0165278
34 0.108328 0.556042 0.00553125 0.0153056
34 0.445414 0.745014 0.00970312 0.0165278
34 0.383125 0.327556 0.0107813 0.0187222
34 0.56375 0.609708 0.010125 0.0190833
34 0.120633 0.549111 0.00739063 0.0126111
34 0.528766 0.404014 0.0129688 0.0203611
34 0.491008 0.65925 0.00726563 0.0166111
34 0.475734 0.697167 0.0041875 0.0143333
34 0.427133 0.625694 0.00867187 0.0150556
34 0.470609 0.528028 0.0125938 0.0187222
34 0.562719 0.524347 0.0134375 0.0275278
34 0.489969 0.624639 0.007 0.0143889
34 0.473047 0.689333 0.0147187 0.0206111
34 0.605773 0.626069 0.0136719 0.0190278
34 0.381414 0.690833 0.00489063 0.00872222
34 0.472523 0.761597 0.00879687 0.00752778
34 0.524305 0.701514 0.00889063 0.01175
34 0.483422 0.557333 0.0102188 0.0130556
34 0.446016 0.608556 0.0104063 0.0117222
34 0.405062 0.629569 0.00965625 0.0151944
34 0.459703 0.251486 0.011 0.0116389
34 0.383773 0.573625 0.0150156 0.0195278
34 0.210648 0.554069 0.00867187 0.0191389
34 0.443469 0.567125 0.00953125 0.0195278
34 0.445539 0.480278 0.0142031 0.0150556
34 0.540977 0.671042 0.0104531 0.0206944
34 0.49575 0.718403 0.01075 0.0175278
34 0.366914 0.636181 0.00539063 0.0130833
42 0.239086 0.541417 0.0435781 0.0851667
42 0.239898 0.419889 0.0522031 0.0954444
42 0.28693 0.593681 0.0597969 0.123639
42 0.193969 0.541236 0.0524687 0.110528
42 0.428586 0.480375 0.0637969 0.104083
42 0.253211 0.480528 0.0535781 0.0975556
42 0.347156 0.534792 0.0444375 0.101528
42 0.31532 0.484722 0.0590781 0.102444
42 0.549078 0.298472 0.105156 0.159056
42 0.247703 0.589931 0.0185 0.04175
42 0.622602 0.276417 0.0633594 0.124833
42 0.366805 0.449847 0.0451406 0.0708611
42 0.277797 0.379472 0.04575 0.0805556
42 0.378969 0.498931 0.044 0.103972
42 0.30082 0.631347 0.0683906 0.101083
42 0.67782 0.301583 0.0706094 0.120056
59 0.675133 0.485833 0.151578 0.265