43 0.789391 0.757922 0.0109133 0.0135312
43 0.419567 0.826023 0.0355738 0.0250156
43 0.781956 0.788164 0.0446604 0.0178594
43 0.739496 0.818758 0.0455504 0.0258594
43 0.526827 0.598664 0.052904 0.0307969
43 0.279988 0.644297 0.0515457 0.0238438
43 0.138841 0.731523 0.0326698 0.0106719
43 0.722881 0.75725 0.0554098 0.0350312
43 0.683419 0.759555 0.0282436 0.0270781
43 0.0463583 0.74993 0.0161827 0.0177031
43 0.612037 0.622125 0.0258548 0.0242188
43 0.684169 0.875859 0.0487119 0.02375
43 0.785059 0.773555 0.0375176 0.0162344
43 0.525913 0.7315 0.0591803 0.04
43 0.439684 0.64282 0.0459251 0.0303594
43 0.310562 0.631547 0.0218735 0.0113125
43 0.197822 0.736719 0.0350351 0.019
43 0.680246 0.857391 0.0234895 0.0255937
43 0.340902 0.963695 0.0219438 0.0125781
43 0.194356 0.757758 0.0227166 0.0174531
43 0.832728 0.663977 0.0165574 0.0197656
43 0.359297 0.922852 0.0343326 0.0212031
43 0.666054 0.55325 0.0326698 0.014625
43 0.272213 0.668914 0.0289696 0.0124219
43 0.541007 0.672414 0.0557377 0.0377031
43 0.169731 0.764336 0.0403513 0.0215781
43 0.118607 0.783133 0.0441452 0.0291094
43 0.485035 0.730508 0.0319906 0.0205781
43 0.88315 0.630227 0.0369321 0.0246406
59 0.4026 0.288844 0.163044 0.0393437
59 0.872963 0.243477 0.0962295 0.0575781
59 0.438454 0.387398 0.155457 0.0656719
59 0.166557 0.70625 0.039719 0.0215312
59 0.449262 0.659734 0.0507963 0.0256563
59 0.893454 0.334148 0.207096 0.0571094