43 0.240523 0.268357 0.0597969 0.0660563
43 0.756203 0.378016 0.0485312 0.0610563
43 0.45432 0.378991 0.0481094 0.156667
43 0.452211 0.480446 0.0566406 0.118075
43 0.739172 0.44534 0.115844 0.0899296
43 0.478836 0.883697 0.0730781 0.150587
43 0.173273 0.408791 0.0435156 0.102606
43 0.135008 0.643357 0.0804219 0.0953991
11 0.321328 0.274883 0.142656 0.189061
11 0.583961 0.699554 0.125891 0.185915
11 0.863906 0.509742 0.112813 0.209108
11 0.557312 0.228345 0.216062 0.208709
11 0.55257 0.322923 0.112672 0.0761737
26 0.767297 0.541596 0.191312 0.215399
26 0.655242 0.585176 0.155047 0.175282
26 0.0738203 0.298204 0.0797656 0.122512
26 0.570281 0.43919 0.186156 0.223404
26 0.0541328 0.516174 0.108266 0.250939
26 0.702211 0.287629 0.148359 0.146714
26 0.364617 0.664448 0.182359 0.247958
26 0.234906 0.828052 0.168844 0.343897
26 0.659227 0.927864 0.126672 0.144272