3 0.564305 0.686192 0.139641 0.0638494
3 0.705461 0.590492 0.0382969 0.0492259
3 0.402617 0.670241 0.0349531 0.0532845
3 0.736187 0.531789 0.091 0.129519
3 0.536805 0.390084 0.0916719 0.0912971
3 0.418656 0.47749 0.0687813 0.0912971
3 0.438453 0.528849 0.0790312 0.107531
3 0.440906 0.398724 0.0471875 0.0797071
3 0.515883 0.634132 0.0741406 0.0854184
42 0.659031 0.738075 0.0695937 0.088159
42 0.290469 0.714582 0.032 0.0445188
42 0.664844 0.594623 0.0523438 0.0735565
42 0.316656 0.531747 0.0266875 0.0285983
42 0.350555 0.562897 0.0614219 0.0561297
42 0.302375 0.553326 0.0470625 0.0526778
42 0.4025 0.670366 0.0348125 0.0539121
42 0.404172 0.409195 0.0396562 0.0308159
42 0.556008 0.374582 0.0464531 0.0398326
42 0.399484 0.330774 0.0166875 0.00995816
42 0.712727 0.589759 0.0229844 0.0459205
42 0.396148 0.344697 0.0354844 0.0370084
42 0.736156 0.531402 0.0895312 0.127657
42 0.702648 0.592186 0.0280156 0.0457113