11 0.0815156 0.817047 0.117687 0.0674588
11 0.123359 0.665424 0.244531 0.310329
11 0.0545156 0.9016 0.109031 0.1968
32 0.783641 0.842435 0.0509063 0.0690588
32 0.885641 0.575059 0.0528438 0.0834824
32 0.900867 0.6234 0.0396719 0.0579529
32 0.818672 0.867953 0.0623437 0.0851294
32 0.950977 0.616729 0.0464844 0.0461647
32 0.821609 0.785518 0.0672813 0.0807765
32 0.927453 0.673847 0.0597812 0.0846353
32 0.920234 0.7516 0.05275 0.0747294
32 0.974781 0.659035 0.0504375 0.0905882
32 0.868242 0.7534 0.0483906 0.0739059
32 0.951125 0.722929 0.0435313 0.0698118
32 0.94775 0.780953 0.031375 0.0276941
32 0.796898 0.770647 0.0427969 0.0756941
32 0.976609 0.591024 0.046125 0.0707529
32 0.983961 0.802341 0.0256406 0.0253412
32 0.837891 0.705435 0.0504062 0.0902588
32 0.982164 0.744871 0.0356719 0.0943529
32 0.870742 0.672435 0.0573906 0.0966824
32 0.92882 0.617847 0.0322656 0.0364471
32 0.845367 0.616212 0.0565781 0.0891294
1 0.250734 0.938741 0.21 0.122518
1 0.676758 0.878376 0.185297 0.225271
1 0.693531 0.981953 0.0962812 0.0315294
17 0.183078 0.298682 0.366156 0.456847
17 0.285258 0.381624 0.121516 0.104047
17 0.232531 0.406588 0.224625 0.248471
14 0.202398 0.829435 0.330797 0.341129
14 0.411313 0.819071 0.531781 0.0861882
14 0.693109 0.983176 0.0924688 0.0336471
14 0.395039 0.889353 0.490203 0.144682
14 0.511234 0.921282 0.400719 0.157435
44 0.669398 0.750388 0.185484 0.182188
38 0.35657 0.0155176 0.0345469 0.0310353
38 0.3315 0.217694 0.030375 0.0343059
38 0.714258 0.275094 0.422172 0.550188
38 0.329852 0.0850471 0.0588594 0.0513647
38 0.333477 0.134035 0.0751094 0.0696235
38 0.303555 0.0464118 0.00920312 0.0256235
38 0.289914 0.164259 0.0505781 0.0833882
38 0.263672 0.221906 0.27675 0.434588
33 0.842461 0.967035 0.0376406 0.0659294
33 0.866078 0.916294 0.0318125 0.0820471
33 0.781195 0.933612 0.0410781 0.1276
33 0.897055 0.795647 0.0463281 0.0789647
33 0.94575 0.840506 0.108094 0.234376
33 0.938688 0.9768 0.112906 0.0438588
33 0.856391 0.797306 0.0597812 0.0987529
33 0.903203 0.890176 0.103031 0.125624
33 0.92493 0.9332 0.149828 0.132565
33 0.912211 0.829047 0.150172 0.107082
33 0.903047 0.830576 0.190938 0.0933412
33 0.886195 0.881906 0.0639844 0.0774588
33 0.955406 0.855412 0.0869375 0.0373176
33 0.744047 0.981259 0.0229062 0.0374824
33 0.747141 0.970835 0.0890312 0.0583294
33 0.970039 0.933494 0.0534219 0.0638824
33 0.976664 0.971694 0.0247031 0.0307294
33 0.830305 0.930635 0.0650156 0.132753
4 0.308047 0.579141 0.04325 0.119412
4 0.316508 0.711341 0.0517656 0.175388
4 0.456617 0.667788 0.0404219 0.203247
4 0.381156 0.598341 0.02225 0.109247
4 0.408164 0.699871 0.0308281 0.1628
4 0.465789 0.780576 0.0495469 0.0302353
4 0.514266 0.752965 0.0481875 0.0885176
4 0.260797 0.662706 0.045 0.144753
4 0.423203 0.753506 0.0817187 0.0922824
4 0.594953 0.753118 0.0795312 0.0848706
4 0.469734 0.6692 0.041375 0.205788
4 0.43207 0.652259 0.0273594 0.164188
4 0.542039 0.752035 0.0453281 0.0786588
4 0.410289 0.573212 0.0471719 0.135929
4 0.396969 0.627624 0.0150625 0.0808941
4 0.349609 0.652 0.0365313 0.296376
4 0.365203 0.625906 0.0705 0.205647
4 0.379766 0.728165 0.036125 0.147012
4 0.56857 0.666082 0.0347969 0.0841647
4 0.5105 0.723988 0.02275 0.0565412
4 0.271078 0.619141 0.0366563 0.17
4 0.225391 0.603259 0.0335312 0.0954118
4 0.321227 0.647235 0.0243594 0.0912706
4 0.560367 0.750341 0.0412031 0.0899059
57 0.0330937 0.506271 0.0649062 0.0823294
57 0.1175 0.503894 0.100969 0.102941
57 0.104703 0.454047 0.0503437 0.0568471
57 0.0383906 0.451353 0.0145313 0.0320706
57 0.25068 0.548847 0.0417344 0.109976
57 0.206656 0.515894 0.091625 0.101294
57 0.166031 0.476035 0.076125 0.0797412