13 0.0335469 0.481948 0.0670937 0.145446
13 0.0317969 0.587242 0.0635938 0.125986
13 0.0145703 0.668674 0.0291406 0.0493192
6 0.624773 0.818732 0.0749844 0.232254
6 0.199875 0.928521 0.060625 0.142958
6 0.411352 0.785481 0.0314219 0.126033
6 0.0398984 0.724883 0.0314844 0.171502
6 0.581852 0.976279 0.0326094 0.0442488
6 0.547578 0.688592 0.05225 0.216761
6 0.9635 0.68966 0.0599063 0.0849061
6 0.350617 0.69784 0.0427656 0.1677
6 0.433 0.968357 0.0540937 0.0606573
6 0.994594 0.795399 0.0108125 0.0940376
6 0.864484 0.892641 0.088 0.214718
6 0.440156 0.853521 0.0349062 0.153192
6 0.616273 0.633474 0.0362969 0.155915
6 0.0927031 0.894519 0.0458438 0.210962
6 0.633156 0.651033 0.0188125 0.0997183
6 0.0473047 0.899883 0.0505469 0.200235
6 0.491375 0.852958 0.0409687 0.124742
6 0.572289 0.642101 0.0772344 0.157958
6 0.411055 0.67831 0.0627031 0.143991
6 0.0775 0.700904 0.049625 0.131573
6 0.49368 0.9523 0.0837969 0.0953991
6 0.844477 0.900646 0.0789844 0.197441
6 0.92868 0.884178 0.0724844 0.178873
6 0.767422 0.811162 0.0587188 0.0642019
6 0.340797 0.969765 0.0490312 0.0604695
6 0.247375 0.980387 0.0183125 0.0392254
6 0.381094 0.879953 0.0353438 0.115446
6 0.526875 0.795939 0.111 0.211174
6 0.783 0.922688 0.04075 0.0955634
6 0.581695 0.927993 0.0527344 0.144014
6 0.308531 0.793122 0.032875 0.148685
6 0.307867 0.677688 0.0572344 0.177817
6 0.738531 0.937054 0.0440313 0.122934
6 0.954328 0.788803 0.0679687 0.120423
6 0.598336 0.78257 0.0722969 0.17162
6 0.858734 0.741925 0.0297187 0.148826
6 0.183812 0.696009 0.0304687 0.111784
6 0.947703 0.702934 0.04625 0.0894836
6 0.412883 0.883779 0.0644844 0.146808
6 0.481453 0.645822 0.0631875 0.0860094
6 0.196773 0.811702 0.0284844 0.0856573
6 0.944688 0.870669 0.0900938 0.149272
6 0.887562 0.743263 0.062875 0.156667
6 0.15332 0.741385 0.0529219 0.202254
6 0.9795 0.848345 0.041 0.191291
6 0.192828 0.91561 0.053875 0.168779
6 0.141555 0.726714 0.0817031 0.20061
6 0.813844 0.898263 0.0729062 0.199953
6 0.345313 0.892864 0.035625 0.149061
6 0.24007 0.9002 0.0377344 0.0817606
6 0.207508 0.961244 0.0580469 0.076385
6 0.0685156 0.706596 0.0472813 0.106197
6 0.170258 0.882406 0.0514844 0.235188
6 0.954398 0.824073 0.0425469 0.157441
6 0.470211 0.672171 0.0518906 0.110258
6 0.272422 0.92338 0.063375 0.143474
6 0.42375 0.659577 0.0241875 0.106901
6 0.104055 0.782077 0.0386406 0.0847653
6 0.378492 0.678275 0.0361406 0.144718
6 0.124664 0.892277 0.0797656 0.21385
6 0.928 0.728122 0.0435 0.119108
6 0.383727 0.745845 0.0371094 0.071831
6 0.850836 0.595423 0.0302031 0.1
6 0.878133 0.608169 0.0442969 0.162347
6 0.649062 0.930434 0.0764688 0.139131
6 0.518281 0.976455 0.0645312 0.0470892
6 0.517141 0.850505 0.0734062 0.13946
6 0.566539 0.662899 0.0479219 0.163028
6 0.616445 0.931585 0.0548906 0.136831
6 0.712477 0.931138 0.0687031 0.137019
6 0.369172 0.981315 0.0226875 0.0373709
6 0.190961 0.774847 0.0265781 0.0596009
6 0.913898 0.738627 0.0207969 0.120681
6 0.207914 0.690716 0.0532656 0.142418
6 0.254172 0.722911 0.0448125 0.223709
6 0.441141 0.678709 0.029875 0.118685
6 0.0183828 0.765857 0.0367656 0.221338
6 0.484352 0.747077 0.0457031 0.106925
6 0.287406 0.678521 0.028375 0.13723
6 0.903281 0.887113 0.0584375 0.193474
6 0.459727 0.881455 0.0364219 0.179906
6 0.277711 0.973908 0.0555469 0.0503052
6 0.648344 0.827113 0.0495625 0.21615
6 0.847375 0.747465 0.0270312 0.159859
6 0.432312 0.767312 0.0475 0.0972066
6 0.320195 0.904026 0.0600781 0.191948
6 0.386039 0.979812 0.0144531 0.0384977
6 0.955633 0.975164 0.0320469 0.0153521
61 0.636469 0.375739 0.155969 0.203545
61 0.886305 0.355587 0.132328 0.194413
61 0.0993984 0.500704 0.0723906 0.142254
61 0.449477 0.545176 0.162172 0.198897
61 0.903359 0.184178 0.104688 0.112958
61 0.765781 0.374437 0.1455 0.190939
61 0.850453 0.514754 0.129031 0.166596
61 0.247141 0.190739 0.128312 0.164249
61 0.689602 0.274343 0.116828 0.0996714
61 0.507242 0.359425 0.150328 0.224343
61 0.545273 0.214319 0.134609 0.165681
61 0.728055 0.466761 0.128453 0.0522066
61 0.358008 0.379272 0.166703 0.241221
61 0.805516 0.217817 0.0244375 0.0604695
61 0.945102 0.508005 0.109797 0.174695
61 0.523297 0.134988 0.087 0.0618075
61 0.0913594 0.429777 0.058875 0.14284
61 0.786539 0.271338 0.0955156 0.0692019
61 0.199141 0.415869 0.162125 0.229765
61 0.321844 0.300728 0.120375 0.149108
61 0.961398 0.372547 0.0772031 0.163638
61 0.382937 0.178979 0.129062 0.166221
61 0.184367 0.308099 0.137359 0.131878
61 0.750742 0.18142 0.112422 0.152653
61 0.602187 0.285716 0.0659062 0.101995
61 0.444336 0.271808 0.0952969 0.114178
61 0.401445 0.10669 0.103984 0.121737
61 0.294609 0.556608 0.1605 0.180587
61 0.585789 0.531901 0.140109 0.195915
61 0.311578 0.164953 0.01425 0.0192488
61 0.168656 0.212277 0.0737812 0.109296
61 0.970414 0.264085 0.0591719 0.0601878
61 0.693164 0.20216 0.0342344 0.0510329
61 0.880852 0.220798 0.124109 0.143192
61 0.139437 0.591009 0.157625 0.207136