11 0.245271 0.546406 0.15725 0.147687
11 0.524948 0.328898 0.112479 0.113578
11 0.61824 0.442766 0.124646 0.0819688
11 0.504458 0.888984 0.153167 0.130688
11 0.586167 0.75993 0.169667 0.123672
11 0.617677 0.272305 0.181396 0.106672
11 0.814792 0.665023 0.0419583 0.0213594
11 0.768771 0.573383 0.216833 0.123453
11 0.478448 0.493648 0.188271 0.121141
11 0.599958 0.633672 0.0632083 0.0373437
11 0.648677 0.355547 0.147646 0.112688
11 0.375583 0.339391 0.168875 0.1285
11 0.436344 0.785508 0.0613125 0.0371406
11 0.423479 0.268945 0.125917 0.0687656
11 0.175458 0.353484 0.219583 0.153062
11 0.790198 0.395344 0.168729 0.0961875
11 0.434427 0.412602 0.0825208 0.0349531
11 0.696292 0.685898 0.08425 0.0497031
11 0.609552 0.676664 0.104271 0.0543594
11 0.76351 0.774602 0.184854 0.184078
11 0.933344 0.624367 0.133313 0.144609
11 0.449198 0.712344 0.0585625 0.0317188