11 0.711508 0.567719 0.0447031 0.0985208
11 0.214875 0.535094 0.0314063 0.0371458
11 0.598156 0.538198 0.0373125 0.0523125
11 0.677656 0.61251 0.0401875 0.0731042
11 0.256711 0.523979 0.0267344 0.0315417
11 0.29632 0.664417 0.0281719 0.0388333
11 0.33957 0.581208 0.0436406 0.038625
11 0.390414 0.449885 0.0983281 0.0759375
59 0.708492 0.270896 0.0646094 0.0705
59 0.726984 0.338958 0.0375313 0.041
59 0.694023 0.341021 0.0617344 0.044625
59 0.754852 0.361875 0.0769844 0.075875
59 0.713008 0.29026 0.0644219 0.0605208
38 0.558219 0.259281 0.0915312 0.0548542
38 0.656695 0.269552 0.0505781 0.0707708
38 0.624789 0.28 0.0655781 0.075375
38 0.803344 0.419104 0.0611563 0.0760417
38 0.752875 0.281135 0.0422812 0.0887292
38 0.661312 0.303083 0.0325 0.0333333