11 0.563148 0.94174 0.114297 0.116521
11 0.442445 0.931219 0.0823281 0.137563
11 0.710773 0.564083 0.0489844 0.066
11 0.915445 0.59349 0.169109 0.180729
11 0.485258 0.800104 0.0789219 0.151833
11 0.907883 0.899979 0.124422 0.164208
11 0.515844 0.922406 0.157719 0.150979
11 0.691336 0.858427 0.155266 0.103396
11 0.545609 0.678677 0.0699687 0.117521
11 0.789023 0.547687 0.0747969 0.0630833
11 0.888547 0.42 0.0384688 0.0235833
11 0.714703 0.511115 0.0635938 0.0631458
11 0.715602 0.495896 0.103891 0.181875
11 0.939055 0.783875 0.121891 0.174417
11 0.597219 0.792312 0.190625 0.192
11 0.967789 0.957948 0.0644219 0.0841042
11 0.91425 0.436812 0.0329375 0.02075
11 0.631109 0.632906 0.149906 0.179854
11 0.982141 0.894312 0.0357188 0.0812083
11 0.877055 0.517708 0.108672 0.0880417
11 0.816805 0.686448 0.178984 0.227896
11 0.728531 0.750031 0.165469 0.192062
11 0.987805 0.850125 0.0236094 0.0530833
44 0.753812 0.389854 0.014375 0.0174583
44 0.300609 0.40474 0.0123125 0.00947917
44 0.407633 0.392688 0.0107656 0.00795833
44 0.414984 0.365125 0.015375 0.0205
44 0.289758 0.434948 0.0117344 0.0115208
44 0.432781 0.370385 0.0145625 0.0172708
44 0.397148 0.362823 0.0122969 0.0143542
44 0.433383 0.392083 0.0118281 0.00870833
44 0.3835 0.367271 0.0147813 0.0125833
44 0.370063 0.39026 0.016625 0.0186042
44 0.787188 0.41151 0.01425 0.0186875
44 0.342852 0.428958 0.0120156 0.0119167
44 0.273734 0.423719 0.0098125 0.0120625
44 0.38157 0.379229 0.0171094 0.0210417
44 0.447953 0.372198 0.0155937 0.0142292
44 0.357836 0.392865 0.0121094 0.0189792
44 0.370125 0.402302 0.015 0.0174375
44 0.32118 0.438844 0.0134219 0.0103542
44 0.730656 0.365177 0.0136562 0.0123125
44 0.327055 0.435156 0.0113281 0.0113125
44 0.400852 0.400115 0.0153906 0.0131458
44 0.250719 0.427229 0.0138437 0.0138333
44 0.275383 0.430427 0.0125469 0.0103542
44 0.749617 0.364021 0.0115469 0.014875
44 0.374555 0.407833 0.0172969 0.0190833
44 0.260086 0.41901 0.00595313 0.00564583
44 0.265258 0.434917 0.0117031 0.0105833
44 0.246531 0.43424 0.0075 0.0074375
44 0.323156 0.415438 0.00865625 0.0112917
44 0.389156 0.39724 0.0163125 0.0181458
44 0.390258 0.412813 0.0153906 0.0227917
44 0.4195 0.384615 0.0173125 0.0174375
44 0.360844 0.428948 0.0123125 0.0106458
44 0.396812 0.384792 0.0160625 0.0145417
14 0.51218 0.657302 0.105703 0.124146
14 0.455555 0.425313 0.0615469 0.0233333
14 0.474828 0.597083 0.183625 0.077125
14 0.463805 0.675667 0.0729531 0.07325
14 0.460969 0.475365 0.148594 0.0303958
14 0.517289 0.506281 0.121641 0.0402292
14 0.501328 0.564458 0.128844 0.0678333
14 0.397641 0.613719 0.084125 0.0612708
14 0.407875 0.751156 0.0313437 0.0141042
14 0.530352 0.615063 0.118703 0.109875
14 0.455383 0.644156 0.110766 0.0907708
14 0.561633 0.541719 0.0855781 0.0336042
14 0.371047 0.808979 0.097 0.11275
14 0.618289 0.510469 0.0303594 0.0823125
14 0.433062 0.521031 0.0359688 0.0158958
14 0.442164 0.719344 0.128766 0.0263542
14 0.406055 0.803635 0.0496094 0.0343958
14 0.387344 0.690896 0.0640312 0.0238333
14 0.392508 0.588333 0.0781094 0.0489583
14 0.403516 0.822115 0.0355 0.0109375
14 0.476539 0.447354 0.129047 0.024875
14 0.442648 0.541906 0.110672 0.0320208
14 0.46168 0.74076 0.0917969 0.0283958
14 0.424023 0.83674 0.0483594 0.0456042
14 0.377852 0.570604 0.0207344 0.004375
14 0.389523 0.553625 0.0763281 0.0205417
14 0.482484 0.511281 0.150375 0.0923125
14 0.397234 0.659146 0.112406 0.083
14 0.381719 0.533604 0.0829375 0.0354583
14 0.374055 0.618073 0.0312969 0.0121875
14 0.394687 0.841135 0.0523438 0.0314792
14 0.567758 0.447219 0.139047 0.0453125
14 0.470867 0.422052 0.160172 0.0276875
14 0.444352 0.587542 0.129672 0.073875
14 0.642086 0.455104 0.0532656 0.0320417
14 0.534438 0.534229 0.114437 0.0928333
14 0.472656 0.493583 0.0359688 0.015125
14 0.480969 0.638125 0.1025 0.0982083
14 0.35232 0.790448 0.0800781 0.0173125
14 0.475758 0.547948 0.0971094 0.0369375
14 0.597063 0.516833 0.0589063 0.0221667
14 0.576336 0.466802 0.0932656 0.0392292
14 0.410289 0.506313 0.0696719 0.0156667
14 0.459633 0.466 0.145984 0.0225
14 0.405711 0.476927 0.0417344 0.0123125
14 0.369508 0.809802 0.0718281 0.0373542
14 0.430195 0.49124 0.0601406 0.0136875
14 0.350047 0.747458 0.0927813 0.0405833
14 0.412078 0.648219 0.065 0.0318542