1 0.358469 0.709307 0.0150312 0.027313
1 0.377563 0.844294 0.0185312 0.0347922
1 0.448555 0.737133 0.0117969 0.0333241
1 0.442531 0.778186 0.0125 0.0261773
1 0.413062 0.86259 0.0177813 0.0338781
1 0.335781 0.825235 0.021375 0.0366759
1 0.42132 0.738601 0.0173906 0.0340997
1 0.411273 0.811468 0.0131406 0.0122992
1 0.424602 0.682784 0.0166094 0.0254017
1 0.451687 0.795596 0.0145313 0.0315789
1 0.416406 0.792964 0.0182812 0.032133
1 0.366 0.821482 0.0144375 0.0241274
1 0.431461 0.83392 0.0138594 0.0274515
1 0.380672 0.807216 0.016375 0.0281163
1 0.376602 0.688989 0.0128594 0.0215235
1 0.366977 0.734571 0.0154531 0.0292521
1 0.425078 0.81126 0.0132188 0.024626
1 0.343055 0.689709 0.0181406 0.028892