11 0.68582 0.300406 0.0660781 0.0524375
11 0.101719 0.500771 0.0528438 0.07575
11 0.268664 0.315781 0.0681406 0.106896
11 0.0622188 0.62449 0.0645938 0.0575625
11 0.527602 0.115542 0.0856719 0.0722917
11 0.934984 0.335635 0.052125 0.0656458
11 0.420797 0.436156 0.0292187 0.0361042
11 0.455656 0.452635 0.0192187 0.0471875
11 0.195555 0.22174 0.0497344 0.0403542
11 0.614047 0.032 0.0408125 0.0630833
11 0.654586 0.0782708 0.0733906 0.115792
11 0.736531 0.393646 0.0619062 0.051
11 0.0422734 0.336552 0.0333281 0.0553958
11 0.856266 0.0993854 0.0451875 0.0411875
15 0.0518438 0.498865 0.0645938 0.0731875
15 0.847742 0.627292 0.134672 0.137167
15 0.916523 0.194208 0.0406719 0.05125
15 0.239336 0.7175 0.0602031 0.076375
15 0.79568 0.527792 0.127453 0.152083
15 0.679797 0.254844 0.03675 0.0453125
15 0.0931016 0.407667 0.0682656 0.0911667
15 0.725945 0.0595938 0.0818594 0.0921875
15 0.584742 0.234042 0.0708594 0.1385