1 0.426734 0.719096 0.0203125 0.0279577
1 0.399859 0.731467 0.00975 0.0207746
1 0.466406 0.718838 0.0184375 0.0269249
1 0.36925 0.7577 0.0174687 0.0232864
1 0.492078 0.752324 0.014625 0.0161502
1 0.483297 0.73034 0.0114375 0.024108
1 0.386531 0.763087 0.0170313 0.0233099
1 0.393883 0.708709 0.0165469 0.0261502
1 0.411336 0.707265 0.0177031 0.0254225
1 0.381039 0.719577 0.0111094 0.0177934
1 0.426352 0.68885 0.0172344 0.0253991
1 0.401336 0.750622 0.0179219 0.0188028
1 0.396531 0.741326 0.00396875 0.00406103
1 0.477242 0.748462 0.0173906 0.0256573
44 0.108789 0.70635 0.00898437 0.0116197
44 0.0396172 0.749354 0.0139844 0.0202582
44 0.0657734 0.733204 0.0150156 0.0238263
44 0.0546641 0.762523 0.0197969 0.0223709
44 0.0529687 0.74615 0.0165313 0.0209859
44 0.137672 0.745681 0.0149375 0.0234742
6 0.158367 0.79142 0.0304844 0.0345775
6 0.198539 0.796092 0.0193281 0.0147183
6 0.370117 0.858216 0.0362656 0.0232864
6 0.089125 0.888016 0.0348437 0.0192254
6 0.0831719 0.861279 0.020125 0.0389906
6 0.409844 0.906279 0.0237188 0.0197418
6 0.135805 0.838204 0.0216719 0.0225587
6 0.440047 0.890763 0.0133125 0.024108
6 0.365047 0.90534 0.0158438 0.0417606
6 0.06975 0.844941 0.0264062 0.0309155
6 0.190844 0.835493 0.0239375 0.0142254
6 0.0703828 0.887993 0.0397656 0.0420423
6 0.186227 0.801925 0.0153594 0.021784
6 0.35193 0.898638 0.0124531 0.0223005
6 0.208687 0.805798 0.0191562 0.0146009
6 0.154414 0.877606 0.0270781 0.0199061
6 0.378352 0.899941 0.0118906 0.0328873
6 0.335867 0.8702 0.0219844 0.0351408
6 0.348352 0.92669 0.0148594 0.0128169
6 0.151938 0.839354 0.0140937 0.0370188
6 0.376219 0.921268 0.0135312 0.0298592
6 0.391883 0.907207 0.0140781 0.0330516
6 0.367836 0.889284 0.0126719 0.0230282
6 0.331531 0.896725 0.0129688 0.0235915
6 0.327516 0.880669 0.027375 0.0574883
6 0.181555 0.844296 0.0211406 0.00962441
6 0.426234 0.867477 0.0394062 0.0235915
6 0.122 0.852359 0.0199688 0.0184742
6 0.316563 0.870258 0.0235 0.0202347
6 0.148891 0.801279 0.01675 0.0355634
6 0.0420156 0.889648 0.0103438 0.025446
6 0.0851719 0.837981 0.0095625 0.00821596
6 0.290336 0.701901 0.0377969 0.034507
6 0.420719 0.88115 0.0165625 0.0176995
6 0.171813 0.800387 0.013125 0.0135915
6 0.383578 0.883392 0.00715625 0.0169249
6 0.118781 0.833333 0.0255937 0.0220657
6 0.382969 0.868709 0.0160313 0.0138498
6 0.348844 0.913075 0.0134687 0.0189671
6 0.0552656 0.848838 0.0353438 0.0225587
6 0.158109 0.820974 0.014 0.0360798
6 0.133891 0.822664 0.0240625 0.0343427
6 0.173359 0.809918 0.01075 0.00847418
6 0.144281 0.885305 0.0218125 0.0247887
6 0.0729609 0.886643 0.00951562 0.0203756
6 0.451109 0.868709 0.0149687 0.0177465
6 0.360547 0.92081 0.0144687 0.0234507
6 0.395641 0.919883 0.0269062 0.0212676
6 0.293961 0.71108 0.0315781 0.0389671
6 0.178297 0.856244 0.0207188 0.0150704
6 0.185883 0.815258 0.0302031 0.0238498
6 0.094875 0.827101 0.0344687 0.0279577
6 0.425297 0.854789 0.0368437 0.0223005
6 0.286781 0.683791 0.011875 0.0350469
6 0.121406 0.886068 0.0136562 0.0274413
6 0.397914 0.870317 0.0216719 0.0297418
6 0.276664 0.687054 0.0105781 0.0376761
6 0.341141 0.87939 0.0149062 0.042723
6 0.0567578 0.887336 0.0334531 0.0390376
6 0.409734 0.861878 0.0113125 0.00713615