1 0.270594 0.321464 0.0702187 0.10007
1 0.0688359 0.317119 0.0731719 0.0860422
1 0.106625 0.728548 0.068875 0.0808431
1 0.380273 0.433899 0.0761406 0.114215
1 0.743039 0.189906 0.0298594 0.031897
1 0.208289 0.317881 0.0550469 0.050281
1 0.22225 0.613946 0.083375 0.111311
1 0.531258 0.3774 0.0545156 0.0727869
1 0.169602 0.254848 0.0720156 0.108759
1 0.181055 0.528911 0.0808281 0.123396
1 0.0778047 0.405152 0.0818594 0.125761
1 0.330422 0.513361 0.07775 0.109063
1 0.33525 0.309215 0.0249375 0.0194614
1 0.514758 0.407881 0.0485469 0.0319672
1 0.137711 0.434906 0.0804531 0.11459
1 0.28807 0.449778 0.0780469 0.11459
1 0.206633 0.459133 0.0732969 0.102295
1 0.246984 0.392213 0.0767188 0.107049
1 0.285555 0.570363 0.0848594 0.118946
1 0.144828 0.324321 0.0781875 0.111358
1 0.63368 0.282436 0.00660938 0.0412178
1 0.369203 0.285328 0.0448125 0.0365574
1 0.0248281 0.372213 0.0475 0.101288
1 0.353797 0.599473 0.073125 0.126487
1 0.193914 0.644321 0.0884844 0.106815
1 0.0444297 0.62356 0.0641094 0.1037
1 0.320227 0.365948 0.0727031 0.10103
1 0.403289 0.317108 0.0571406 0.0845199
1 0.311812 0.306253 0.0251563 0.0264637
1 0.0972578 0.528056 0.0867656 0.115457
1 0.509742 0.331475 0.0371719 0.0483372
1 0.644281 0.198888 0.0142187 0.0266276
1 0.443063 0.393595 0.0536875 0.0783841
1 0.0175547 0.577049 0.0351094 0.11555
1 0.576203 0.322787 0.0410313 0.0569555
1 0.0243594 0.395656 0.0368125 0.0551991
1 0.451781 0.446815 0.05175 0.0460422
1 0.322516 0.303162 0.0224375 0.023185
1 0.711461 0.194192 0.0301719 0.0384543
1 0.206133 0.368583 0.0574531 0.0815222
1 0.0376641 0.725632 0.0707656 0.07726
1 0.0781016 0.642541 0.0977969 0.122178
1 0.79118 0.197799 0.0235156 0.0233724
1 0.241234 0.280351 0.0286563 0.032459
1 0.252617 0.526827 0.0593281 0.079555
1 0.361688 0.331487 0.0575 0.072904
1 0.609812 0.291979 0.03325 0.0442857
1 0.0214844 0.683735 0.0429688 0.041897
1 0.398219 0.504496 0.0648438 0.0752693
1 0.483 0.425796 0.0435625 0.0405855
1 0.219383 0.278255 0.0400156 0.0655972
1 0.479617 0.369859 0.0496719 0.0729742
1 0.0369844 0.475 0.0739687 0.11726
1 0.424242 0.469801 0.0355156 0.0542155
1 0.140539 0.632061 0.0698906 0.125667
1 0.111563 0.276944 0.0491562 0.0774473
1 0.410406 0.403653 0.0495625 0.0786885
1 0.123844 0.739789 0.044 0.0712412
1 0.0461406 0.559988 0.0373125 0.0422248
1 0.619234 0.314075 0.036125 0.0578454
44 0.328047 0.726393 0.0870313 0.081452
44 0.5815 0.518044 0.0810625 0.102834
44 0.52118 0.567518 0.0853281 0.112272
44 0.47132 0.533946 0.0696094 0.115152
44 0.0672891 0.223794 0.0379531 0.0448712
44 0.415539 0.539965 0.0747344 0.101944
44 0.601453 0.606745 0.0875313 0.107073
44 0.452828 0.47507 0.034375 0.0471429
44 0.984914 0.673267 0.0301719 0.0855035
44 0.975664 0.807213 0.0457969 0.147775
44 0.242484 0.141733 0.0226875 0.0114754
44 0.568852 0.684731 0.0955469 0.125714
44 0.23868 0.165281 0.0472969 0.0461593
44 0.973805 0.624075 0.0351094 0.110585
44 0.381359 0.655913 0.0839375 0.133981
44 0.233148 0.120562 0.0319219 0.0355972
44 0.525438 0.469426 0.0750938 0.104801
44 0.296945 0.162927 0.0256406 0.0375644
44 0.967719 0.539649 0.019625 0.0700234
44 0.413742 0.751967 0.0894844 0.0916159
44 0.639188 0.57692 0.0193437 0.099555
44 0.324906 0.12685 0.038 0.0436768
44 0.61182 0.75404 0.0490469 0.0759485
44 0.631062 0.76781 0.0471875 0.109766
44 0.502648 0.655258 0.0707656 0.11192
44 0.619586 0.471874 0.0540156 0.110913
44 0.36168 0.121803 0.0222969 0.0377986
44 0.428352 0.6226 0.0665469 0.0898829
44 0.984805 0.559262 0.0303906 0.0891569
44 0.969781 0.913255 0.0382188 0.102857
44 0.270289 0.21411 0.0251719 0.0377752
44 0.278211 0.15459 0.0297656 0.0514286
44 0.22443 0.191136 0.0307656 0.033466
44 0.328625 0.0870258 0.0271875 0.035363
44 0.987719 0.72329 0.0245625 0.0259251
44 0.395367 0.785176 0.0585469 0.0497424
44 0.296211 0.122026 0.0210781 0.0368384
44 0.293664 0.0754098 0.0311719 0.0452459
44 0.966648 0.712951 0.0242344 0.070445
44 0.471258 0.81315 0.0171094 0.0166042
44 0.477617 0.464426 0.0323594 0.0498829
44 0.18543 0.167611 0.0370156 0.049274
44 0.0842969 0.203068 0.0342812 0.0511007
44 0.24075 0.214602 0.0402187 0.0460187
44 0.957484 0.971686 0.0142813 0.056534
44 0.981227 0.496932 0.0253594 0.0384543
44 0.321188 0.202143 0.0355313 0.0511241
44 0.146531 0.165094 0.0431563 0.0538876
44 0.161828 0.196265 0.038625 0.028267
44 0.299086 0.692799 0.0858281 0.114403
44 0.551781 0.778138 0.086375 0.0840515
44 0.49118 0.746253 0.0771406 0.11808
44 0.632102 0.671956 0.0395156 0.0940281
44 0.970813 0.467541 0.0236875 0.0844496
44 0.641484 0.690375 0.0287813 0.0604684
44 0.444586 0.691136 0.0538906 0.0793208
44 0.379977 0.124508 0.0407344 0.0448009
44 0.408914 0.145176 0.0198594 0.0301639