32 0.527297 0.639156 0.110656 0.101312
32 0.317734 0.61074 0.121313 0.114146
32 0.229188 0.423927 0.0549063 0.0421042
32 0.600594 0.72351 0.0957812 0.149062
32 0.415742 0.394896 0.0557969 0.0950417
32 0.214055 0.673813 0.120828 0.077
32 0.207016 0.6195 0.118719 0.0474583
32 0.349961 0.650146 0.0638281 0.034375
32 0.429336 0.608688 0.111734 0.108625
1 0.390703 0.776708 0.377406 0.177042
1 0.206539 0.618115 0.117328 0.0453125
1 0.53568 0.291302 0.107422 0.0898125
1 0.579484 0.366135 0.186188 0.166271