44 0.5555 0.466667 0.3936 0.533333
44 0.80675 0.850413 0.3783 0.296987
44 0.20999 0.138853 0.38482 0.267947
44 0.18562 0.588067 0.37124 0.48648
44 0.23464 0.375867 0.2946 0.243253
44 0.91207 0.595787 0.17586 0.480373
44 0.77064 0.698907 0.16948 0.06208
44 0.64433 0.74876 0.12602 0.13704
44 0.1813 0.87716 0.28224 0.237627
44 0.46965 0.162333 0.29926 0.324667
44 0.78561 0.494467 0.21658 0.406427
44 0.4697 0.82552 0.34312 0.338027
44 0.94435 0.21076 0.10614 0.415387
44 0.80665 0.304107 0.25598 0.176107
44 0.97666 0.882307 0.04384 0.112293
44 0.31447 0.26164 0.07846 0.0677067
44 0.74224 0.140227 0.38272 0.2692