43 0.296812 0.0821771 0.0234688 0.0187292
43 0.290117 0.194542 0.0513281 0.0402083
43 0.125141 0.111021 0.0254063 0.0253333
43 0.255656 0.0334271 0.0478125 0.0333958
43 0.364383 0.44426 0.0366406 0.0528125
43 0.212883 0.14425 0.0582344 0.05525
43 0.431008 0.679698 0.0516094 0.0800625
43 0.280906 0.285 0.0356563 0.12425
43 0.504266 0.349125 0.0534687 0.0519167
43 0.179594 0.304708 0.0365313 0.0484583
43 0.476352 0.301896 0.0409531 0.0213333
43 0.505523 0.404896 0.0387344 0.0561667
43 0.160562 0.115104 0.0387188 0.0545833
43 0.141945 0.187052 0.0332656 0.0669792
43 0.489492 0.665479 0.0657344 0.0959583
43 0.301656 0.143063 0.0305625 0.033125
43 0.390859 0.551729 0.0468438 0.05625
43 0.365656 0.303969 0.0437188 0.0707708
43 0.52068 0.313354 0.0255781 0.0235417
43 0.331313 0.440708 0.0324062 0.042375
43 0.324094 0.169854 0.0366563 0.033
43 0.409227 0.281625 0.0565156 0.0415833
43 0.484312 0.319 0.0379063 0.0215417
43 0.671406 0.427917 0.0469062 0.042125
43 0.62618 0.388062 0.0309219 0.0575833
43 0.438398 0.53224 0.0312344 0.0523542
43 0.338531 0.228146 0.039625 0.0547083
43 0.396039 0.238104 0.0555781 0.0355833
43 0.579539 0.327229 0.0310781 0.018125
43 0.346727 0.626458 0.0432656 0.0471667
43 0.359375 0.161125 0.0357813 0.0501667
43 0.446484 0.328969 0.0405937 0.0460625
43 0.289023 0.477948 0.0521094 0.0538542
43 0.433438 0.260979 0.0391875 0.041
43 0.146453 0.271354 0.0455938 0.103958
43 0.226023 0.358948 0.0488281 0.0552292
43 0.402383 0.415646 0.0407656 0.0708333
43 0.206453 0.19049 0.0409687 0.0347708
43 0.538453 0.365719 0.036 0.0324375
43 0.468172 0.23749 0.0475 0.0292292
43 0.446734 0.185948 0.0226875 0.0353958
43 0.189969 0.23551 0.037375 0.0472292
43 0.242359 0.23299 0.0268437 0.0645625
43 0.214445 0.307854 0.0319531 0.06
43 0.180805 0.40826 0.0407031 0.0256458
43 0.615414 0.352479 0.0261094 0.0277917
43 0.396578 0.155125 0.0486562 0.0517917
43 0.331969 0.125594 0.0222188 0.0299792
43 0.275078 0.0734583 0.025375 0.0269167
43 0.217281 0.263708 0.0215312 0.04975
43 0.464125 0.494281 0.0244688 0.0426875
43 0.224258 0.0424792 0.0509531 0.0433333
43 0.375031 0.381417 0.0509375 0.0676667
43 0.160641 0.34251 0.0389688 0.0527292
43 0.437508 0.28925 0.0252969 0.024125
43 0.234102 0.162615 0.0776094 0.0407708
43 0.606977 0.431344 0.0395156 0.0719375
43 0.285242 0.404135 0.0335469 0.0344792
43 0.42393 0.636375 0.0782656 0.0485417