59 0.506203 0.74676 0.168125 0.154521
59 0.628477 0.668781 0.160891 0.174396
43 0.626547 0.683927 0.1435 0.155729
43 0.537539 0.881156 0.0980781 0.0797292
38 0.745336 0.668271 0.0327031 0.0745
38 0.498492 0.924646 0.0924844 0.0544583
38 0.486039 0.656406 0.0192344 0.0256458
38 0.477125 0.870365 0.107219 0.110354
38 0.538016 0.880625 0.0980938 0.07925
38 0.572711 0.851854 0.0966094 0.0434583
38 0.623164 0.786552 0.0616406 0.0662292
38 0.705313 0.61524 0.0823125 0.0547292
38 0.476219 0.91651 0.0662812 0.0246875
38 0.499617 0.652115 0.0511094 0.0368125
38 0.68768 0.578385 0.0634531 0.0674375
38 0.424063 0.659177 0.0713125 0.0485208
38 0.709617 0.756281 0.0469219 0.0551458
38 0.390133 0.751125 0.0758906 0.054875
38 0.361609 0.752083 0.053125 0.0495833
38 0.633758 0.822729 0.0717344 0.0282083
38 0.525656 0.613719 0.054625 0.0515208