6 0.794969 0.496656 0.0785312 0.232521
6 0.170969 0.509021 0.335875 0.1695
6 0.527602 0.229542 0.244422 0.186167
6 0.236914 0.30374 0.217016 0.281146
6 0.875422 0.140521 0.173844 0.214875
6 0.137031 0.253104 0.274062 0.227208
6 0.708211 0.155771 0.156734 0.183833
6 0.845578 0.429135 0.149219 0.411771
6 0.140156 0.400219 0.197063 0.124271
6 0.0579531 0.481542 0.112594 0.149042
6 0.70157 0.260875 0.170391 0.268208
6 0.535961 0.176979 0.104234 0.0820417
6 0.893273 0.38326 0.182859 0.276187
6 0.9255 0.427177 0.149 0.396396
6 0.787117 0.150938 0.185141 0.177417
6 0.22643 0.190583 0.374734 0.172542
6 0.785141 0.932635 0.0986563 0.134729
6 0.282977 0.464698 0.106109 0.198688
6 0.944375 0.523708 0.0570312 0.074375
6 0.634297 0.262469 0.180625 0.269729
6 0.937156 0.564792 0.0615625 0.0925
6 0.779125 0.188969 0.0617812 0.131104
6 0.80725 0.485792 0.0675 0.287375
6 0.0287031 0.373521 0.0550625 0.104417
6 0.345078 0.265437 0.084125 0.0677083
6 0.880336 0.213688 0.0437656 0.0523333
6 0.742086 0.442406 0.0568906 0.102562
6 0.522625 0.125354 0.222406 0.049