37 0.10858 0.60932 0.0862 0.11752
37 0.21492 0.350213 0.05996 0.06368
37 0.50003 0.10072 0.0317 0.0339733
37 0.97504 0.121053 0.04768 0.04152
37 0.25819 0.294653 0.05766 0.0458933
37 0.98204 0.29436 0.03592 0.0748533
37 0.92976 0.74676 0.09808 0.108453
37 0.51213 0.897133 0.07238 0.09656
37 0.5396 0.0663733 0.04084 0.03056
37 0.22042 0.732733 0.09696 0.0985867
37 0.97911 0.08648 0.04138 0.0394133
37 0.97614 0.478613 0.0448 0.0744533
37 0.71034 0.927453 0.07732 0.12072
37 0.54252 0.164533 0.03144 0.03504
37 0.42957 0.0182267 0.04434 0.0364533
37 0.0923 0.0637333 0.04108 0.0323733
37 0.01854 0.0144267 0.03612 0.0277867
37 0.46903 0.26304 0.0611 0.0444267
37 0.80901 0.110613 0.0645 0.0490133
37 0.85656 0.0296933 0.05172 0.0407733
37 0.80504 0.310893 0.05048 0.0497867
37 0.25522 0.04392 0.04268 0.05776
37 0.03434 0.339373 0.06868 0.0675467
50 0.64863 0.446 0.23402 0.198293