44 0.330813 0.159555 0.0662083 0.0833281
44 0.778937 0.17907 0.0598333 0.0858281
44 0.617875 0.168969 0.076875 0.096375
44 0.35501 0.175992 0.0738542 0.0830781
44 0.666469 0.170281 0.0635625 0.0921562
44 0.236656 0.170773 0.0552292 0.0933281
44 0.210729 0.180188 0.0779167 0.08675
44 0.718198 0.173148 0.0725208 0.0981406
44 0.730854 0.336391 0.226708 0.169906
44 0.280146 0.322953 0.230083 0.168969
44 0.290052 0.168844 0.0625625 0.0935938
44 0.575719 0.17393 0.0836875 0.0913906
6 0.504125 0.748437 0.601042 0.272656