57 0.535114 0.421748 0.0964379 0.0695098
38 0.555752 0.161985 0.0604575 0.0580556
38 0.67241 0.196307 0.0402451 0.0484641
38 0.711389 0.196152 0.0794771 0.0528268
38 0.602827 0.264869 0.0968301 0.0546405
38 0.504518 0.559142 0.0593954 0.061781
38 0.517034 0.574101 0.0420425 0.0466667
38 0.54594 0.200784 0.0256046 0.0222876
38 0.498701 0.175629 0.0451797 0.0681536
38 0.636095 0.162304 0.0195752 0.0219608
38 0.548309 0.493203 0.129232 0.0894771
38 0.562925 0.572435 0.0646078 0.0612745
38 0.558154 0.22674 0.0344444 0.0348203
38 0.368799 0.428946 0.0536765 0.0252451
61 0.438431 0.465915 0.0973529 0.265392
52 0.428897 0.221405 0.0487092 0.052549
52 0.779624 0.618464 0.111797 0.0891176
52 0.905621 0.484665 0.0676471 0.0806699
52 0.962949 0.652745 0.0741013 0.13232
52 0.732051 0.594649 0.119493 0.0776961
52 0.30107 0.28951 0.0812908 0.0602288
52 0.309935 0.247108 0.0582026 0.0782026
52 0.41049 0.192484 0.0585948 0.08
52 0.468864 0.289469 0.0656373 0.0259967
52 0.740792 0.461283 0.0747876 0.0728268
52 0.87924 0.633905 0.10884 0.0959477
52 0.239526 0.280956 0.0603268 0.0518464
52 0.795106 0.476193 0.0436438 0.0582026
52 0.462124 0.206373 0.0351307 0.0379412
52 0.246405 0.223031 0.0779739 0.0789379
52 0.510212 0.196364 0.0439216 0.0610621
52 0.899257 0.528971 0.0692647 0.0955556
52 0.679722 0.388848 0.0848693 0.0735784
52 0.47768 0.243194 0.0693791 0.0640686
52 0.909232 0.475874 0.104085 0.0564542
52 0.358194 0.195858 0.0521732 0.0899837
52 0.309673 0.184698 0.0720588 0.059232
52 0.749085 0.527075 0.105621 0.0815359
52 0.955637 0.59973 0.0770915 0.0645915
52 0.471969 0.308546 0.0788399 0.0472222
52 0.911275 0.692802 0.0884641 0.0343627
52 0.173464 0.225302 0.0682026 0.0458987
52 0.183023 0.271005 0.0666013 0.0687745
52 0.858301 0.51156 0.116895 0.0726307
52 0.368276 0.288178 0.0550163 0.0782843
52 0.422533 0.269918 0.0482026 0.0551307
52 0.908162 0.584502 0.0589706 0.0446242
52 0.833995 0.463431 0.0684804 0.0620915
52 0.851691 0.576029 0.0901797 0.0875817
52 0.200106 0.249485 0.0556373 0.0543627
52 0.5329 0.237206 0.0440359 0.059281
52 0.277149 0.19415 0.0355065 0.0566993
52 0.677083 0.454869 0.0911601 0.0873856
52 0.798791 0.422729 0.0989216 0.0697386
52 0.138399 0.243219 0.0366993 0.0380392
52 0.535392 0.274502 0.0643791 0.0679902