23 0.198235 0.441362 0.0343061 0.0510627
23 0.591092 0.597602 0.0605102 0.0675749
23 0.397929 0.746471 0.060102 0.0552861
23 0.313071 0.72327 0.0518571 0.0613624
23 0.121735 0.161608 0.017551 0.0321526
23 0.167224 0.48252 0.043551 0.0351226
23 0.275592 0.766907 0.0579592 0.0745777
23 0.766633 0.315191 0.0362041 0.0409537
23 0.502673 0.490872 0.0431429 0.0486104
23 0.372153 0.239932 0.0295714 0.0405722
23 0.652459 0.422507 0.0328367 0.0245777
23 0.40952 0.490259 0.0392449 0.0456948
23 0.599449 0.391294 0.0330612 0.043188
23 0.620143 0.171785 0.0331429 0.0598093
23 0.498888 0.174101 0.0325102 0.0349046
23 0.352694 0.608978 0.0512653 0.056376
23 0.398276 0.539251 0.0434082 0.0337602
23 0.416612 0.706199 0.0494694 0.0510354
23 0.213918 0.30654 0.0321224 0.0323706
23 0.116541 0.299537 0.0343469 0.0443597
23 0.418959 0.135899 0.0219184 0.0284196
23 0.436847 0.106948 0.0263878 0.0203815
23 0.145133 0.17218 0.0255714 0.0273025
23 0.233418 0.334183 0.0293673 0.0343052
23 0.455888 0.514687 0.0519796 0.0350954
23 0.617051 0.199101 0.0241837 0.039455
23 0.728531 0.32549 0.0426939 0.0347411
23 0.762673 0.617357 0.0547755 0.060109
23 0.567194 0.482575 0.0177755 0.0346866
23 0.112561 0.181403 0.039449 0.0272207
23 0.582592 0.0945777 0.0227347 0.0295368
23 0.689286 0.620681 0.0484082 0.0495913
23 0.0778673 0.318011 0.0378571 0.0330245
23 0.0408469 0.348924 0.0353265 0.0278747
8 0.472602 0.152738 0.10451 0.0956676
8 0.172653 0.544782 0.215061 0.135177
8 0.0676939 0.222302 0.0620816 0.105913
8 0.398092 0.166022 0.0461429 0.0561308
8 0.1015 0.386008 0.125612 0.0641144
8 0.670459 0.179237 0.0712857 0.103215
8 0.162582 0.325082 0.0462653 0.0659128
8 0.263959 0.314441 0.0925714 0.0874659
8 0.0949796 0.441281 0.149388 0.067139
8 0.358582 0.176635 0.0412449 0.070545
8 0.141429 0.260477 0.144571 0.126458
8 0.479602 0.452153 0.164102 0.111826
8 0.307439 0.160995 0.0832857 0.0779564
8 0.761031 0.365259 0.102347 0.0710627
8 0.659969 0.287316 0.0711224 0.0816076
8 0.633051 0.466144 0.121408 0.0692916