32 0.337134 0.59304 0.0155013 0.00924
32 0.242314 0.60852 0.0158355 0.01024
32 0.434614 0.55648 0.00907455 0.00848
32 0.363753 0.59469 0.0158355 0.0077
32 0.242712 0.62333 0.018946 0.01118
32 0.275039 0.61121 0.0240103 0.01958
32 0.432069 0.5491 0.0220308 0.0124
32 0.438393 0.56525 0.0199743 0.01422
32 0.231928 0.57231 0.0130077 0.00922
32 0.258188 0.61141 0.0131877 0.01514
32 0.380411 0.58361 0.0105398 0.00902
32 0.387802 0.61051 0.0131877 0.01254
32 0.238586 0.5918 0.0141902 0.0082
32 0.268483 0.5944 0.0254499 0.023
32 0.417057 0.55167 0.00789203 0.0059
32 0.258136 0.58428 0.0146272 0.01164
32 0.356234 0.57759 0.0175578 0.01446
32 0.391362 0.5939 0.0184576 0.0118
32 0.21865 0.56441 0.0179692 0.0077
32 0.425784 0.55974 0.0171208 0.01232
32 0.171183 0.61794 0.0158355 0.01616
32 0.238843 0.57667 0.0130077 0.00718
1 0.316748 0.59591 0.0443445 0.03398
1 0.457018 0.59196 0.068072 0.05296
1 0.197699 0.60052 0.0532905 0.04128
1 0.328907 0.61634 0.0662468 0.02692
1 0.494087 0.57113 0.054036 0.0395
54 0.330668 0.5511 0.158406 0.08324