17 0.189984 0.252062 0.0226875 0.0100833
17 0.456437 0.341948 0.0064375 0.0100625
17 0.24093 0.242531 0.0822344 0.0321042
17 0.53268 0.290083 0.0714844 0.0181667
17 0.17557 0.260708 0.00723437 0.00679167
17 0.542445 0.307917 0.0902969 0.034875
17 0.56182 0.344771 0.0975156 0.0261667
17 0.195336 0.262594 0.0366719 0.0105208
17 0.21043 0.227167 0.0927031 0.0462083
17 0.16182 0.246104 0.0137656 0.0242083
8 0.0999063 0.25899 0.0239375 0.0285208
8 0.114437 0.227083 0.022125 0.0259167
8 0.0592969 0.264792 0.0187187 0.015
8 0.0171953 0.260344 0.0193281 0.0177292
8 0.0971641 0.236542 0.0249531 0.0305417
8 0.0380156 0.255656 0.025125 0.0261458
8 0.115234 0.246812 0.024625 0.0275417
8 0.0639609 0.244813 0.0212656 0.0266667
8 0.0814297 0.229469 0.0177656 0.0229792
36 0.141148 0.333927 0.0171094 0.0208542
36 0.186336 0.33801 0.00973437 0.00902083
36 0.165922 0.343938 0.0125938 0.01225
36 0.249461 0.326958 0.0176406 0.0159583
36 0.104641 0.366865 0.0145937 0.0091875
36 0.119516 0.337427 0.0157188 0.0185208
36 0.170172 0.317156 0.0144063 0.0164375
36 0.223 0.302427 0.0109375 0.0121458
36 0.190836 0.313708 0.0163281 0.01
36 0.117039 0.354865 0.0156719 0.0230625
36 0.259914 0.304729 0.00960937 0.00891667
36 0.242812 0.299313 0.0132188 0.01075
36 0.207172 0.314979 0.0160313 0.024625
36 0.0931094 0.34424 0.0145937 0.0177708
36 0.1805 0.321635 0.0155937 0.0157292
36 0.270258 0.311083 0.0161406 0.02075
36 0.240117 0.315219 0.0177344 0.0202292
36 0.23325 0.30549 0.0160313 0.0213542
36 0.234305 0.33401 0.0143906 0.0202292
36 0.156539 0.339396 0.0134844 0.0126667
36 0.137484 0.318656 0.00896875 0.0127708
36 0.0941484 0.364427 0.00639062 0.0094375
36 0.229977 0.322729 0.00551562 0.00595833
36 0.101766 0.356469 0.0144687 0.0102708
36 0.165883 0.332219 0.0139844 0.0178125
36 0.137852 0.349167 0.0144531 0.0112917
36 0.224305 0.341167 0.0132031 0.0118333
36 0.128531 0.346687 0.00896875 0.0139167
36 0.250453 0.298542 0.0124375 0.012125
1 0.277727 0.490917 0.0152969 0.0247917
1 0.34043 0.536219 0.0365781 0.0393958
1 0.266234 0.498083 0.0117188 0.0281667
1 0.758445 0.886896 0.0623594 0.078625
1 0.646586 0.548448 0.0511406 0.0562292
1 0.265023 0.410812 0.0200781 0.0309167
1 0.8515 0.649187 0.0505313 0.0685833
1 0.824453 0.918031 0.0641562 0.0797708
1 0.33432 0.467604 0.0203594 0.038375
1 0.715016 0.571823 0.0425312 0.0540625
1 0.415633 0.548542 0.0388281 0.046125
1 0.462523 0.663656 0.0428906 0.0586875
1 0.540094 0.54076 0.0349687 0.0466042
1 0.453516 0.421354 0.0306875 0.033875
1 0.723141 0.924458 0.0525 0.0525
1 0.394148 0.456042 0.0266094 0.0270417
1 0.522586 0.733177 0.0565156 0.0668125
1 0.451945 0.397292 0.0273594 0.0255833
1 0.499312 0.436594 0.0335 0.0430625
1 0.311422 0.452875 0.0166875 0.0416667
1 0.423367 0.495146 0.0174219 0.0344167
1 0.589945 0.800813 0.0576094 0.0749167
1 0.737414 0.643083 0.0452031 0.0570417
1 0.691602 0.886563 0.0692656 0.073125
1 0.973281 0.967083 0.0526875 0.0630833
1 0.416609 0.522698 0.0272812 0.0155208
1 0.377531 0.467635 0.0285313 0.0245208
1 0.647625 0.515667 0.0421875 0.0290417
1 0.475195 0.428323 0.0177969 0.0268542
1 0.45293 0.630073 0.0479844 0.0592708
1 0.398797 0.406542 0.025 0.0341667
1 0.947141 0.786521 0.0590625 0.0552917
1 0.879617 0.820208 0.0601094 0.080125
1 0.976078 0.752604 0.0463125 0.0597917
1 0.401531 0.497042 0.0394375 0.048875
1 0.49668 0.638344 0.0401719 0.0303125
1 0.273039 0.426177 0.0248906 0.0254792
1 0.39993 0.566937 0.0146719 0.0154167
1 0.645125 0.770167 0.06125 0.07125
1 0.804859 0.685875 0.0565937 0.0767083
1 0.437273 0.593344 0.0546719 0.0703958
1 0.681227 0.547635 0.0289219 0.0394375
1 0.467008 0.575375 0.0379219 0.042625
1 0.987109 0.710052 0.0257812 0.0471042
1 0.521289 0.60799 0.0436719 0.0589375
1 0.916492 0.956021 0.0747656 0.0873333
1 0.543453 0.634687 0.0517188 0.075375
1 0.269703 0.539438 0.0315625 0.0400417
1 0.572031 0.73574 0.0532188 0.0498958
1 0.374234 0.407771 0.02675 0.0268333
1 0.273898 0.447521 0.0225156 0.031125
1 0.199664 0.47349 0.0265156 0.0262708
1 0.57168 0.555052 0.0482344 0.0557292
1 0.767062 0.959594 0.0663125 0.0755625
1 0.686773 0.581812 0.0415781 0.0274583
1 0.46968 0.388188 0.0187344 0.0345
1 0.871633 0.888156 0.0365781 0.0688542
1 0.916461 0.88126 0.0708594 0.0903542
1 0.216086 0.460531 0.0171719 0.0232708
1 0.830789 0.969677 0.0755156 0.0606458
1 0.614812 0.719667 0.0530937 0.072
1 0.881812 0.688729 0.05375 0.0617917
1 0.432758 0.451094 0.00760937 0.0188125
1 0.70682 0.638406 0.0213594 0.0323958
1 0.637242 0.630229 0.0442031 0.0630833
1 0.652836 0.678073 0.0379844 0.0449375
1 0.459484 0.540542 0.0395937 0.044125
1 0.908719 0.747656 0.0442188 0.0628125
1 0.691148 0.799646 0.0601094 0.07775
1 0.574805 0.527969 0.0379844 0.0347708
1 0.346336 0.440167 0.0274844 0.0400833
1 0.723484 0.850865 0.0611563 0.0801458
1 0.767141 0.762531 0.0629375 0.0716042
1 0.577125 0.689115 0.0533438 0.0614375
1 0.651961 0.57524 0.0333594 0.0353958
1 0.527289 0.506458 0.0355781 0.043875
1 0.625063 0.593313 0.045875 0.0382083
1 0.524445 0.561271 0.0462969 0.0525833
1 0.700375 0.744969 0.0594688 0.0700208
1 0.401648 0.525406 0.00742187 0.00752083
1 0.508508 0.402896 0.0293906 0.0332083
1 0.432797 0.379177 0.0278438 0.0354792
1 0.660297 0.650385 0.0261875 0.0215625
1 0.468633 0.501375 0.0194219 0.0341667
1 0.838898 0.68125 0.0362031 0.0560833
1 0.236641 0.447375 0.0382188 0.0464167
1 0.8675 0.745177 0.0625938 0.0749375
1 0.438664 0.681896 0.0292344 0.0397917
1 0.920773 0.712563 0.0353281 0.055625
1 0.473211 0.452781 0.0243281 0.0372292
1 0.277914 0.402208 0.0121406 0.023125
1 0.276172 0.46925 0.0187812 0.0292083
1 0.819773 0.835677 0.0717031 0.102188
1 0.421797 0.645948 0.0369063 0.0523125
1 0.916984 0.660562 0.0442188 0.0632917
1 0.490945 0.391198 0.0274844 0.0383958
1 0.71668 0.70401 0.0562344 0.0698542
1 0.404828 0.382458 0.0305 0.0382917
1 0.319047 0.397125 0.024375 0.01575
1 0.769648 0.663698 0.0567969 0.0704792
1 0.947047 0.74725 0.0360938 0.0390833
1 0.764203 0.718927 0.0550937 0.0515625
1 0.331805 0.56975 0.0373594 0.043125
1 0.952852 0.664646 0.0417031 0.0627083
1 0.601633 0.629625 0.0313594 0.0409583
1 0.260391 0.523021 0.0299687 0.0348333
1 0.571086 0.768625 0.0548594 0.0625417
1 0.454016 0.482406 0.0367188 0.0465208
1 0.521922 0.429771 0.0278125 0.0394167
1 0.323813 0.503354 0.0280938 0.0275417
1 0.290937 0.47724 0.0320625 0.0284792
1 0.314914 0.555969 0.0214531 0.0363542
1 0.573656 0.64726 0.0458125 0.0436875
1 0.256734 0.478979 0.0229375 0.022375
1 0.982797 0.822719 0.0344062 0.0812708
1 0.479336 0.70651 0.0491719 0.0693958
1 0.408281 0.440646 0.0305625 0.0415833
1 0.483625 0.61149 0.039875 0.0471042
1 0.766055 0.61074 0.0402969 0.0281042
1 0.504563 0.471573 0.0325937 0.0410625
1 0.557789 0.460031 0.0338594 0.0466042
1 0.429008 0.416531 0.0278281 0.0387292
1 0.694562 0.677 0.0539375 0.07025
1 0.370398 0.567573 0.0485469 0.0560208
1 0.678445 0.620385 0.0502031 0.0688542
1 0.903977 0.783771 0.0330469 0.0352083
1 0.548648 0.592344 0.0231406 0.0150208
1 0.247078 0.498635 0.0306875 0.0360208
1 0.726508 0.767531 0.0229531 0.0809792
1 0.311094 0.428521 0.0163125 0.0234167
1 0.53018 0.458417 0.0240781 0.032125
1 0.790023 0.635271 0.0423594 0.0319583
1 0.359984 0.610417 0.0433438 0.049875
1 0.501461 0.660302 0.0418594 0.0451458
1 0.490859 0.568094 0.0274687 0.0435208
1 0.325633 0.436281 0.0242031 0.0356042
1 0.966375 0.707854 0.0349062 0.0396667
1 0.450734 0.380063 0.0116562 0.0135417
1 0.75882 0.6215 0.0278906 0.0187083
1 0.844453 0.7845 0.063 0.06875
1 0.523383 0.483885 0.0289219 0.0272708
1 0.315836 0.525865 0.0237969 0.0285208
1 0.742133 0.790854 0.0291406 0.0365
1 0.350258 0.496104 0.0333906 0.0361667
1 0.593016 0.598073 0.0260312 0.0275625
1 0.838258 0.725615 0.0413281 0.0501458
1 0.788656 0.899792 0.0242188 0.0657917
1 0.359508 0.527708 0.0272969 0.0352083
1 0.551219 0.577698 0.0190937 0.0298125
1 0.352789 0.469302 0.0286094 0.0277708
1 0.431617 0.44349 0.0175156 0.0245208
1 0.434039 0.505938 0.0228906 0.0345417
1 0.606094 0.5595 0.03275 0.0475833
1 0.319414 0.485396 0.0291406 0.035375
1 0.376133 0.388427 0.0296406 0.0300625
1 0.553727 0.498333 0.0300469 0.0395
1 0.425492 0.403844 0.0299531 0.0345625
1 0.986523 0.76976 0.0262969 0.0453542
1 0.442852 0.520198 0.0275469 0.0338958
1 0.474039 0.412208 0.0221406 0.0194167
1 0.880305 0.629812 0.0427344 0.053125
1 0.365758 0.48775 0.0257656 0.0358333
1 0.581422 0.615094 0.03425 0.0274792
1 0.31832 0.460333 0.00929687 0.0192917
1 0.633867 0.823229 0.0613594 0.0770833
1 0.542391 0.696813 0.0357188 0.0602917
1 0.387344 0.630292 0.054125 0.067125
1 0.621945 0.660802 0.0527969 0.0659375
1 0.777883 0.821542 0.0521406 0.0807917
1 0.600977 0.510667 0.0304844 0.0399167
1 0.949977 0.843927 0.0714844 0.0792708
1 0.383781 0.4305 0.0241563 0.0269167
1 0.969742 0.912823 0.0587969 0.0765625
1 0.376281 0.513646 0.025625 0.0234167
1 0.503984 0.525656 0.0395313 0.0424792
1 0.797305 0.623406 0.0402656 0.0314375
1 0.53568 0.781104 0.0505156 0.0570833
1 0.478422 0.510844 0.0305937 0.0468125
1 0.662023 0.710562 0.0476719 0.0554167
1 0.334102 0.410958 0.0254219 0.025125
1 0.358578 0.418771 0.0300938 0.0373333
1 0.875617 0.956177 0.0423594 0.0831875
1 0.406227 0.694177 0.0618906 0.0631042
1 0.207016 0.4385 0.0289063 0.0419583
1 0.38393 0.53899 0.0380156 0.0421458
1 0.411406 0.594417 0.017625 0.0502083
1 0.584812 0.591542 0.0394688 0.0307083
1 0.419336 0.465073 0.0217031 0.0203125
11 0.921828 0.469594 0.0371875 0.0466042
11 0.982906 0.3975 0.0324375 0.045
11 0.949109 0.419833 0.0840937 0.0738333
11 0.892305 0.463844 0.0593906 0.0507292
11 0.955906 0.463594 0.0520312 0.0703125
11 0.979641 0.473281 0.0384062 0.0823542