11 0.288297 0.370865 0.0894687 0.121687
11 0.382367 0.452562 0.133047 0.135292
11 0.406414 0.56299 0.129016 0.141854
11 0.324945 0.822729 0.194609 0.33625
11 0.53893 0.661552 0.103766 0.139896
11 0.527672 0.306063 0.102531 0.0852917
11 0.243664 0.609677 0.0501094 0.137854
11 0.536672 0.915354 0.149969 0.1675
11 0.700414 0.808969 0.160391 0.227688
11 0.853734 0.597083 0.0107813 0.00975
11 0.281813 0.519104 0.119219 0.185375
11 0.43832 0.912052 0.0945469 0.0911875
11 0.380828 0.70949 0.0993437 0.180354
11 0.545617 0.388562 0.0925156 0.0945833
11 0.785023 0.757312 0.0976406 0.140875
11 0.472125 0.687396 0.117875 0.187833
11 0.717016 0.568156 0.0580312 0.111229
11 0.243461 0.720094 0.0437656 0.0610208
11 0.834617 0.548125 0.0737969 0.049
11 0.51025 0.251229 0.14225 0.0717083
11 0.603023 0.298448 0.0371406 0.0325625
11 0.774062 0.505437 0.0490312 0.068625
11 0.864594 0.745583 0.0439688 0.071
11 0.605563 0.743969 0.052875 0.0961458
11 0.838141 0.62826 0.072125 0.0751458
11 0.368453 0.322323 0.0685625 0.120562
11 0.680297 0.655948 0.0436563 0.0977708
11 0.641469 0.655719 0.0521563 0.0742292
11 0.191414 0.753698 0.0642344 0.0725625
11 0.729734 0.506812 0.0398125 0.0469167
11 0.728445 0.471542 0.0832656 0.103583
11 0.563688 0.47376 0.127312 0.0776458
11 0.675563 0.977406 0.077125 0.0451875
14 0.904328 0.748927 0.038125 0.0650208
14 0.859516 0.883573 0.0188437 0.0358958
14 0.125562 0.719229 0.0275 0.0266667
14 0.24675 0.803229 0.0349062 0.11
14 0.321844 0.695823 0.0351875 0.0736042
14 0.5485 0.621625 0.0409687 0.045375
14 0.206836 0.605552 0.0349219 0.205813
14 0.175055 0.562812 0.0439531 0.0328333
14 0.799195 0.646427 0.0275781 0.0240625
14 0.144617 0.766937 0.0374531 0.047625
14 0.592695 0.679177 0.0414219 0.0899792
14 0.504516 0.398125 0.0442188 0.0664167
14 0.644453 0.785531 0.0117188 0.0194792
14 0.792352 0.394969 0.0428594 0.0428542
14 0.585539 0.903292 0.0239219 0.0705
14 0.313828 0.447135 0.0245625 0.0500208
14 0.669227 0.327115 0.0878906 0.117188
14 0.263039 0.65326 0.0594531 0.137937
14 0.48918 0.238156 0.0178281 0.0106042
14 0.171695 0.568979 0.0226719 0.165292
14 0.349859 0.808583 0.0586563 0.174625