44 0.856703 0.80096 0.02325 0.0351288
44 0.474922 0.618255 0.02 0.0225527
44 0.846586 0.890211 0.0162344 0.0297424
44 0.529383 0.631358 0.0183906 0.0243091
44 0.51293 0.636534 0.0188594 0.024637
44 0.789805 0.785843 0.0133281 0.0232553
44 0.469977 0.641768 0.0206094 0.0235363
44 0.540031 0.765386 0.0188125 0.0215457
44 0.840992 0.758232 0.0244219 0.026534
44 0.842508 0.846827 0.0225469 0.037822
44 0.564945 0.821792 0.0213594 0.034356
44 0.499508 0.613782 0.0171406 0.020726
44 0.54893 0.842728 0.0250469 0.0357143
44 0.461141 0.602564 0.0159063 0.0164169
44 0.541711 0.814028 0.0241094 0.0346136
44 0.499398 0.641323 0.0187344 0.021897
44 0.563984 0.762869 0.020875 0.0325761
44 0.895305 0.69274 0.0143594 0.0120375
44 0.779828 0.832389 0.0191562 0.026089
44 0.821477 0.904731 0.0230781 0.0165808
44 0.819383 0.753747 0.0220156 0.0286651
44 0.581797 0.762564 0.0240938 0.0338407
44 0.521195 0.847611 0.0206719 0.0182201
44 0.862422 0.831885 0.0202813 0.0320141
44 0.523195 0.833138 0.0246094 0.0224824
44 0.551891 0.792283 0.02025 0.0328571
44 0.60043 0.736511 0.0204531 0.0359719
44 0.432406 0.632834 0.0115937 0.0196253
44 0.572664 0.793513 0.0232656 0.0369555
44 0.786352 0.815574 0.00870313 0.0122717
44 0.503711 0.62178 0.0204844 0.0225761
44 0.482594 0.634098 0.0205 0.0292272
44 0.827648 0.812037 0.0251406 0.0224824
44 0.443477 0.640714 0.0184531 0.0147775
44 0.585 0.801159 0.0128438 0.0235363
44 0.46032 0.618712 0.0114531 0.0271194
44 0.65343 0.6487 0.0183594 0.0164169
44 0.870125 0.783407 0.0234688 0.0377752
44 0.416141 0.622693 0.0146875 0.00796253
44 0.486398 0.650398 0.0163594 0.00580796
44 0.596164 0.776475 0.0222344 0.0348712
44 0.826266 0.88466 0.0284375 0.0383607
44 0.800258 0.874274 0.0235781 0.0310304
44 0.665586 0.696019 0.0150781 0.0275878
44 0.563875 0.720176 0.01925 0.0243794
44 0.429852 0.612319 0.00804688 0.0147541
44 0.551164 0.751745 0.0124531 0.0214754