1 0.460666 0.611797 0.03 0.0225625
1 0.170822 0.747305 0.0540209 0.0294844
1 0.760457 0.265664 0.0792428 0.0507656
1 0.595366 0.712562 0.0468146 0.03025
1 0.459478 0.403461 0.0553003 0.0238594
1 0.524726 0.417703 0.0522193 0.0265625
1 0.552624 0.405 0.0424282 0.0274375
1 0.889974 0.294547 0.0784856 0.05025
1 0.28346 0.508781 0.045718 0.0203438
1 0.131319 0.406258 0.0274413 0.0101719
1 0.316971 0.244109 0.0274151 0.0164063
1 0.665783 0.465789 0.0133943 0.0163906
1 0.725431 0.20532 0.0348825 0.00989063
1 0.319034 0.508477 0.0386945 0.0198906
1 0.0560183 0.416406 0.0195039 0.0135
1 0.294439 0.611203 0.0467363 0.0289687
1 0.302389 0.449273 0.0390339 0.0192344
1 0.494099 0.757125 0.0750392 0.04075
1 0.244739 0.379039 0.0363708 0.0132656
1 0.182376 0.3805 0.0331593 0.0209688
1 0.405235 0.621461 0.0441514 0.0230781
1 0.312272 0.968914 0.0535248 0.0415469
1 0.262872 0.0736016 0.0230287 0.00664062
1 0.715196 0.234195 0.0521671 0.0381719
1 0.0371671 0.433203 0.0313055 0.014625
1 0.237611 0.218719 0.0231593 0.0112812
1 0.965862 0.286992 0.0660313 0.0173594
1 0.290574 0.590586 0.049295 0.0228281
1 0.0166319 0.384047 0.0262141 0.0119688
1 0.601253 0.450094 0.0486162 0.0299063
1 0.543342 0.496156 0.0590601 0.0251875
1 0.377272 0.534875 0.0398695 0.0276875
1 0.224608 0.812164 0.0616449 0.0328281
1 0.260744 0.398414 0.0344909 0.0142969
1 0.455757 0.388211 0.0458747 0.0193906
1 0.324791 0.47568 0.0471802 0.0210156
1 0.807742 0.249148 0.0498956 0.0174531
1 0.453277 0.868836 0.0552219 0.0343281
1 0.273799 0.73125 0.0274413 0.0231562
1 0.405796 0.678125 0.0457963 0.0270312
1 0.434334 0.937273 0.0687728 0.0448281
1 0.831005 0.281539 0.0866057 0.0497344
1 0.647911 0.222305 0.0608877 0.0420469
1 0.674791 0.23168 0.0724021 0.0459844
1 0.428851 0.434508 0.0649608 0.0316094
1 0.888355 0.270875 0.0513838 0.01625
1 0.244726 0.734219 0.0392689 0.0219375
1 0.389739 0.656258 0.0531593 0.0292344
1 0.622128 0.789922 0.0600261 0.0374375
1 0.267559 0.803289 0.0521932 0.0327656
1 0.547885 0.648688 0.0427676 0.0169375
1 0.563433 0.430641 0.0565274 0.0269062
1 0.707937 0.212438 0.0428721 0.0110312
1 0.611789 0.566031 0.0638903 0.044875
1 0.5447 0.669484 0.0597389 0.0323125
1 0.599739 0.473984 0.0295039 0.025375
1 0.373903 0.63575 0.0514099 0.0323125
1 0.160339 0.437844 0.0226632 0.0159688
1 0.398068 0.963336 0.0574413 0.0358906
1 0.435183 0.616203 0.0450392 0.024625
1 0.228577 0.886477 0.0557963 0.0352969
1 0.631123 0.527117 0.0519582 0.0383594
1 0.262611 0.714258 0.0228198 0.0250156
1 0.29923 0.879617 0.0441514 0.0284531
1 0.460287 0.419828 0.0511749 0.03
1 0.336149 0.492602 0.0421671 0.0255781
1 0.274334 0.241594 0.0197389 0.0174375
1 0.652742 0.548336 0.0737337 0.0397344
1 0.47047 0.489086 0.0651697 0.0346094
1 0.108603 0.42625 0.0266057 0.0155937
1 0.452833 0.785 0.0625849 0.0412813
1 0.107794 0.403188 0.0271802 0.013
1 0.398956 0.86307 0.0415144 0.0236719
1 0.56342 0.168516 0.0330026 0.005125
1 0.20671 0.856672 0.0591645 0.0387188
1 0.352428 0.935695 0.0553003 0.0371719
1 0.679321 0.523328 0.058329 0.034875
1 0.373616 0.521328 0.0396084 0.0155
1 0.298916 0.493617 0.0373107 0.0178281
1 0.777755 0.236844 0.0480418 0.0125625
1 0.198081 0.764539 0.0536031 0.0269219
1 0.163198 0.0572109 0.0293211 0.0169844
1 0.25765 0.543328 0.0450131 0.0261562
1 0.340209 0.539672 0.0445953 0.0274375
1 0.297872 0.854734 0.0518799 0.0269062
1 0.748512 0.557961 0.0700261 0.0398906
1 0.651371 0.197758 0.0582507 0.0213281
1 0.349765 0.90425 0.0320104 0.030125
1 0.0710836 0.850891 0.0441514 0.027125
1 0.688499 0.201141 0.0444648 0.0186875
1 0.402872 0.599656 0.0504961 0.0273125
1 0.447794 0.590258 0.0471802 0.0277031
1 0.155392 0.213359 0.0199217 0.0198438
1 0.249112 0.204789 0.0201567 0.00948437
1 0.568042 0.784156 0.0570235 0.0364063
1 0.590052 0.200367 0.0644909 0.0386719
1 0.241567 0.922312 0.0634465 0.0389688
1 0.186188 0.830891 0.0459008 0.0284375
1 0.952898 0.304664 0.0643342 0.0389844
1 0.127337 0.204539 0.0209922 0.0120469
1 0.508381 0.403383 0.0543081 0.0311719
1 0.361619 0.508977 0.0394256 0.0179531
1 0.673786 0.481078 0.0454308 0.0210313
1 0.285953 0.525555 0.0525849 0.0283594
1 0.342794 0.105688 0.043812 0.0267188
1 0.128695 0.35875 0.0304439 0.020375
1 0.552598 0.188609 0.0662924 0.0361875
1 0.0364491 0.465852 0.0149347 0.0163281
1 0.273681 0.903867 0.0605222 0.0275156
1 0.804569 0.233422 0.0541514 0.0161875
1 0.255744 0.778508 0.0445953 0.0256406
1 0.739804 0.521328 0.0617493 0.0338437
1 0.432154 0.561109 0.0269713 0.0222188
1 0.263003 0.214875 0.0248564 0.01025
1 0.322454 0.645234 0.0667885 0.0322812
1 0.333838 0.255977 0.0309138 0.0178906
1 0.866044 0.256148 0.0596084 0.0179531
1 0.577833 0.411211 0.0483551 0.0137656
1 0.218433 0.0772656 0.029295 0.020625
1 0.16705 0.705727 0.0489295 0.0272969
1 0.115836 0.177305 0.0334465 0.00845313
1 0.809674 0.562555 0.0575196 0.0299531
1 0.399935 0.582406 0.045718 0.0233437
1 0.0587076 0.284828 0.0238903 0.00815625
1 0.250104 0.438445 0.0267885 0.0213594
1 0.281162 0.479023 0.0334465 0.0246094
1 0.265157 0.560641 0.0454569 0.0233437
1 0.446893 0.672656 0.0431332 0.0340625
1 0.242245 0.761859 0.0429243 0.0285938
1 0.541305 0.938156 0.0441775 0.0301563
1 0.189791 0.226477 0.0305483 0.0227031
1 0.388668 0.512484 0.0162924 0.0115312
1 0.271044 0.753969 0.0415666 0.024875
1 0.575627 0.686977 0.0578851 0.0353906
1 0.214295 0.79193 0.0521932 0.0330781
1 0.321475 0.625625 0.0549086 0.0233125
1 0.564034 0.457742 0.0621671 0.0328281
1 0.410796 0.570625 0.0485379 0.0220625
1 0.512206 0.78843 0.0713577 0.0401719
1 0.256149 0.868906 0.0551175 0.035125
1 0.550196 0.537875 0.0402872 0.0371875
1 0.21111 0.224969 0.0292689 0.0204688
1 0.35799 0.583336 0.0418277 0.0242031
1 0.317167 0.562016 0.0544909 0.0254688
1 0.644399 0.215852 0.0798172 0.0411094
1 0.541932 0.466844 0.0546214 0.0368125
1 0.22889 0.444977 0.0362663 0.0121719
1 0.27047 0.226852 0.0354047 0.0140156
1 0.381332 0.691539 0.0613055 0.0328281
1 0.581149 0.499883 0.0216188 0.0212969
1 0.158303 0.190484 0.0241775 0.00634375
1 0.130548 0.439094 0.0281984 0.0119063
1 0.362728 0.490437 0.0167363 0.0171875
1 0.371123 0.103414 0.0257441 0.00929687
1 0.105013 0.31 0.0227154 0.0143437
1 0.225392 0.399492 0.0331854 0.0205156
1 0.106736 0.480898 0.0369191 0.0182031
1 0.0935379 0.336094 0.0220627 0.01375
1 0.410274 0.735133 0.0313055 0.0205156
1 0.703773 0.500641 0.0621671 0.0310312
1 0.375522 0.115617 0.0336031 0.0211719
1 0.307389 0.463031 0.0403655 0.0219062
1 0.222467 0.388227 0.0314099 0.0150781
1 0.236658 0.0809219 0.0360313 0.0207188
1 0.193943 0.69725 0.0434465 0.0267188
1 0.326253 0.846313 0.0371018 0.0298125
1 0.559896 0.482969 0.0608877 0.028
1 0.774373 0.585055 0.0662402 0.0352969
1 0.0905352 0.320891 0.0319321 0.015625
1 0.780901 0.541273 0.067859 0.0242969
1 0.365509 0.562742 0.049295 0.0279531
1 0.226984 0.193328 0.0197128 0.00871875
1 0.442115 0.90782 0.0651697 0.0243594
1 0.58718 0.741797 0.06047 0.0338437
1 0.277572 0.0837109 0.0179634 0.0154844
1 0.550313 0.709484 0.049765 0.0295625
1 0.746958 0.214094 0.0425849 0.014375
1 0.447415 0.572016 0.0251697 0.0145625
1 0.567846 0.756453 0.0693734 0.0315
1 0.278368 0.933398 0.0238903 0.0279531
1 0.533903 0.723055 0.0613838 0.0376094
1 0.405666 0.754039 0.0330026 0.0389219
1 0.202102 0.370125 0.0282768 0.01225
1 0.168629 0.7805 0.0528198 0.0256563
1 0.192911 0.0696953 0.0338642 0.0192344
1 0.111867 0.469914 0.0346475 0.00989063
1 0.217689 0.203586 0.0263446 0.0133281
1 0.130509 0.414234 0.0274413 0.0161563
1 0.196762 0.202172 0.0167102 0.01
1 0.351462 0.474039 0.018799 0.0195156
1 0.043812 0.442406 0.0211488 0.0149062
1 0.43564 0.460422 0.0613577 0.035875
1 0.28312 0.222258 0.0331854 0.0122344
1 0.269217 0.497047 0.0269974 0.0238438
1 0.0863708 0.436562 0.0215144 0.0149062
1 0.675457 0.791539 0.0530026 0.0359219
1 0.076906 0.473875 0.0356397 0.0189375
1 0.414922 0.425234 0.0503655 0.0246562
1 0.282924 0.462758 0.0142037 0.0109531
1 0.817245 0.257695 0.0425326 0.0129531
1 0.201906 0.723719 0.0510183 0.0284687
1 0.641266 0.185344 0.042376 0.0133125
1 0.124974 0.345516 0.0111488 0.01
1 0.585927 0.175922 0.0338381 0.0116875
1 0.024517 0.408328 0.0287206 0.0135937
1 0.227454 0.458641 0.0471802 0.0228125
1 0.194021 0.416695 0.0345692 0.0182031
1 0.267507 0.418719 0.00644909 0.00665625
1 0.373525 0.872758 0.0336815 0.0307031
1 0.613329 0.437555 0.0339687 0.0144844
1 0.0524282 0.409422 0.0277807 0.00928125
1 0.152493 0.206664 0.025718 0.0169219
1 0.148577 0.0534453 0.0268146 0.0167656
1 0.416619 0.541406 0.0271802 0.0223125
1 0.624413 0.187414 0.0290339 0.0101406
1 0.779909 0.222828 0.0411749 0.00975
1 0.192076 0.0621016 0.0351697 0.0143594
1 0.833956 0.24625 0.0313055 0.0150937
1 0.263172 0.409781 0.0251958 0.0153437
1 0.227585 0.471813 0.0343864 0.0228125
1 0.324086 0.0978125 0.0253525 0.017375
1 0.150653 0.182484 0.0244386 0.01
1 0.33906 0.09225 0.0094517 0.00334375
1 0.626789 0.735563 0.0497128 0.0361563
1 0.393368 0.55343 0.0484595 0.0237969
1 0.367089 0.369773 0.0543864 0.0249219
1 0.315144 0.582781 0.0451697 0.0286875
1 0.489125 0.933844 0.0503133 0.0320625
1 0.271149 0.578328 0.0454308 0.0274375
1 0.256802 0.0876953 0.0381462 0.0215469
1 0.715979 0.536078 0.068564 0.04
1 0.675757 0.573281 0.0716188 0.0410313
1 0.0175849 0.390328 0.0265535 0.012875
1 0.152389 0.357312 0.0291645 0.0161563
1 0.0353264 0.414492 0.0180679 0.0120469
1 0.842637 0.585453 0.0873629 0.0444688
1 0.355731 0.612945 0.0563185 0.0271094
1 0.370418 0.385 0.0570235 0.0315312
1 0.138877 0.429102 0.0269974 0.0146094
1 0.235144 0.840516 0.0488773 0.03025
1 0.0670757 0.297719 0.0271018 0.0135625
1 0.491775 0.47543 0.0674151 0.0407031
1 0.509073 0.172734 0.0520366 0.03225
1 0.459399 0.97007 0.0608355 0.0367031
1 0.856292 0.24243 0.0403133 0.00948437
1 0.215065 0.745844 0.0508094 0.0289687
1 0.296266 0.774797 0.0278851 0.0161563
1 0.389465 0.900133 0.0566319 0.0378281
1 0.284217 0.833453 0.0551175 0.0342812
1 0.0299869 0.401414 0.0317232 0.0156406
1 0.910196 0.277438 0.0415927 0.0266562
1 0.165666 0.729281 0.0459008 0.0220625
1 0.301005 0.437477 0.0263446 0.0138906
1 0.0623368 0.405164 0.0145953 0.00820313
1 0.398538 0.395242 0.0508616 0.0195781
1 0.397885 0.112359 0.0201567 0.00921875
1 0.496057 0.390727 0.038329 0.0185781
1 0.246932 0.419742 0.0381462 0.0189844
1 0.332115 0.523547 0.0420366 0.025125
1 0.473982 0.733617 0.0404961 0.0381719
1 0.294608 0.247711 0.0346997 0.0188906
1 0.976345 0.318078 0.0454308 0.0459062
1 0.526488 0.684531 0.0496867 0.0348437
1 0.213721 0.437305 0.0370496 0.0191719
1 0.283642 0.0805859 0.0269191 0.0105469
1 0.476188 0.627227 0.0368668 0.0207344
1 0.420196 0.649094 0.0474935 0.0349687
1 0.655183 0.498594 0.0475979 0.035375
1 0.485379 0.904062 0.0516971 0.0325937
1 0.690483 0.194844 0.0296345 0.0129688
1 0.317807 0.81468 0.043342 0.0320156
1 0.488329 0.613375 0.0222977 0.0171875
1 0.396253 0.408469 0.061906 0.03175
1 0.224856 0.235047 0.0364491 0.01975
1 0.391332 0.715844 0.0679896 0.0426562
1 0.416253 0.388281 0.0380418 0.0260625
1 0.211527 0.426453 0.0334987 0.0149062
1 0.349373 0.596602 0.0489295 0.0230781
1 0.303838 0.234414 0.0270496 0.0105469
1 0.23752 0.71493 0.0415666 0.0230781
1 0.206828 0.058 0.0227415 0.00821875
1 0.0504047 0.39643 0.0314099 0.0182656
1 0.234191 0.699687 0.0437337 0.0240938
1 0.25124 0.390023 0.033342 0.0166719
1 0.12829 0.193031 0.023577 0.0125625
1 0.428146 0.703078 0.0449608 0.03025
1 0.304452 0.546422 0.0464491 0.0244688
1 0.0965013 0.299266 0.0237598 0.0119063
1 0.238342 0.199102 0.023577 0.00898437
1 0.0807311 0.449914 0.0207833 0.00639062
1 0.21406 0.37857 0.0305222 0.0116406
1 0.258838 0.24107 0.032611 0.0191719
1 0.543721 0.517453 0.0637859 0.0343437
1 0.193564 0.403758 0.0338642 0.0143594
1 0.129021 0.448586 0.0304178 0.0166719
1 0.0829896 0.458523 0.025718 0.0133281
1 0.245535 0.231695 0.0283029 0.0169219
1 0.272559 0.385977 0.0205744 0.0160781
1 0.647807 0.765125 0.0587467 0.0364063
1 0.0822585 0.287523 0.0206527 0.0117031
1 0.107898 0.185086 0.0315144 0.0208281
1 0.596253 0.425 0.0501567 0.0228125
1 0.209347 0.195789 0.0244909 0.0107969
1 0.0804439 0.311742 0.0300261 0.0164219
1 0.163329 0.186414 0.019295 0.00410938
1 0.40064 0.527484 0.017154 0.0207188
1 0.409752 0.122461 0.0367885 0.0213594
1 0.527702 0.433469 0.0517493 0.0267188
1 0.37453 0.501141 0.0260836 0.017875
1 0.482337 0.436305 0.0470757 0.0270469
1 0.191736 0.387258 0.0321932 0.0145469
1 0.293433 0.795695 0.0493211 0.0297344
1 0.342859 0.669266 0.055953 0.033125
1 0.495535 0.696594 0.0205744 0.0238438
1 0.76154 0.229609 0.0411488 0.0074375
1 0.191305 0.394664 0.0283029 0.0130781
1 0.00834204 0.397305 0.0166841 0.0158906
1 0.296136 0.0967969 0.0407311 0.0233437