14 0.18687 0.42005 0.07982 0.0659204
14 0.24724 0.475535 0.13108 0.0484826
38 0.11173 0.184104 0.05262 0.103582
38 0.11617 0.666393 0.20446 0.147761
38 0.70338 0.562537 0.20932 0.204627
38 0.14895 0.154279 0.04594 0.0613433
38 0.27094 0.428346 0.10732 0.074204
38 0.98559 0.58403 0.02882 0.0469154
38 0.89839 0.968197 0.06222 0.0610199
38 0.70969 0.958893 0.02534 0.0310199
38 0.83479 0.422052 0.05242 0.0466418
38 0.16097 0.288843 0.09502 0.149677
38 0.0292 0.132985 0.0584 0.11393
11 0.111 0.17903 0.05212 0.111045
11 0.27189 0.430224 0.10818 0.079005