8 0.48252 0.91307 0.189893 0.1443
44 0.67968 0.12223 0.20112 0.13622
44 0.404093 0.14207 0.1724 0.13982
44 0.52884 0.11499 0.1364 0.10682
6 0.573093 0.58778 0.0655467 0.0374
6 0.6108 0.53451 0.222933 0.18818
1 0.491933 0.25497 0.14088 0.10142
1 0.529173 0.21874 0.169973 0.1296
1 0.515947 0.46921 0.16688 0.11606
1 0.65668 0.23178 0.12024 0.08412
47 0.369587 0.51375 0.142693 0.07366
47 0.520813 0.46657 0.17544 0.10594
47 0.48532 0.56096 0.171973 0.11916
47 0.644867 0.53678 0.164187 0.12076
43 0.65816 0.86517 0.179467 0.1719