43 0.590062 0.804836 0.0674375 0.0488318
43 0.576969 0.755572 0.0668125 0.0663785
43 0.412102 0.859147 0.0661406 0.0967523
43 0.482641 0.912442 0.0708125 0.0491355
43 0.36975 0.810584 0.0286875 0.0321963
43 0.503453 0.747839 0.0637188 0.0565187
43 0.552828 0.847523 0.0646562 0.0678972
43 0.546672 0.790012 0.0369375 0.0566121
43 0.304203 0.874953 0.0270937 0.0623364
43 0.503125 0.899579 0.0683438 0.0380374
43 0.376203 0.914603 0.0702812 0.043785
43 0.522648 0.875 0.0692656 0.0731308
43 0.585883 0.864112 0.0486406 0.059486
43 0.4755 0.827208 0.080125 0.0747897
43 0.490539 0.860841 0.0684844 0.0557009
43 0.440789 0.891297 0.0304844 0.0744626
43 0.47293 0.717921 0.0422031 0.0645327
43 0.333719 0.866974 0.0495937 0.0660514
43 0.32832 0.802313 0.0595156 0.0600935
43 0.439289 0.74361 0.0694531 0.0768458
43 0.409938 0.907395 0.0438438 0.0565654