38 0.519352 0.727417 0.0667656 0.0734167
38 0.337383 0.501521 0.0129531 0.0132083
14 0.678898 0.64624 0.0397969 0.0397292
14 0.344758 0.440479 0.0651094 0.0490417
14 0.295344 0.437083 0.0535 0.0406667
14 0.651875 0.639854 0.0295 0.0417083
14 0.619555 0.689115 0.0452969 0.0670208
14 0.588742 0.63551 0.0457656 0.0228125
14 0.285297 0.404448 0.0263437 0.0425625
14 0.558734 0.65551 0.0501875 0.0407708
14 0.579062 0.673385 0.0445625 0.0569792
14 0.666141 0.625344 0.0325312 0.0269792
14 0.299047 0.463 0.0714687 0.0273333
14 0.601828 0.662615 0.0386562 0.0789792
14 0.578508 0.722031 0.0467969 0.0524792
14 0.253445 0.390844 0.0481094 0.0279375
14 0.630828 0.640667 0.0325937 0.0464167
14 0.380328 0.486552 0.0363438 0.0261042
14 0.472125 0.676042 0.045625 0.0304167
14 0.221508 0.478635 0.0399219 0.0244792
14 0.375555 0.445927 0.0375469 0.0311042
14 0.544031 0.669667 0.04 0.044375
14 0.379555 0.469104 0.0467344 0.0187083
14 0.680086 0.676021 0.0296094 0.0382083
14 0.7225 0.642615 0.032875 0.0410208
14 0.66643 0.695667 0.0206406 0.0227917
14 0.217813 0.381667 0.0301875 0.015625
14 0.321813 0.414417 0.0299687 0.0425833
14 0.562484 0.705385 0.032875 0.0379375
14 0.266133 0.421719 0.0386406 0.0530625
14 0.702961 0.660646 0.0317344 0.0417917