14 0.465729 0.632008 0.076375 0.0539844
14 0.472115 0.664023 0.0946875 0.0315156
14 0.538094 0.637437 0.0926458 0.0379375
14 0.572198 0.664109 0.0711042 0.0374375
14 0.452323 0.688281 0.134854 0.034375
14 0.736146 0.449797 0.025875 0.0104688
14 0.454854 0.452422 0.0425417 0.0319063
14 0.514937 0.469484 0.0536667 0.0174375
14 0.488802 0.453914 0.0258542 0.0190469
44 0.34425 0.627945 0.0803333 0.0256406
44 0.38975 0.641023 0.129708 0.0502656
44 0.376437 0.603 0.0717917 0.0305
44 0.453313 0.59882 0.121792 0.0512969
44 0.274562 0.664617 0.0642083 0.0352969
44 0.319802 0.668422 0.0595208 0.0591875
44 0.391083 0.674102 0.10975 0.0589844
44 0.30926 0.62907 0.134104 0.0459844
44 0.544594 0.610258 0.0523125 0.0348594