24 0.441627 0.52541 0.131253 0.04962
24 0.469933 0.54621 0.0757067 0.03738
24 0.50376 0.49936 0.0949867 0.03052
24 0.525093 0.54983 0.07968 0.03126
24 0.490787 0.52965 0.0868533 0.0323
24 0.365147 0.5191 0.0704 0.05256
24 0.261707 0.56186 0.0791467 0.02656
24 0.420147 0.54312 0.0757067 0.03264
24 0.507973 0.49562 0.04096 0.04
24 0.419093 0.49003 0.05072 0.01586
24 0.41336 0.50018 0.04032 0.01668
59 0.342973 0.74991 0.03432 0.04162
59 0.86944 0.73485 0.0700267 0.04466
59 0.63276 0.67255 0.06472 0.04562
59 0.67288 0.82032 0.08192 0.06332
59 0.318147 0.75315 0.0766133 0.04106
59 0.387773 0.80074 0.03448 0.03472
59 0.445013 0.74219 0.0296533 0.03938
59 0.664187 0.77671 0.07824 0.04058
59 0.49824 0.77723 0.0409067 0.04566
59 0.806027 0.70166 0.0519467 0.03564
59 0.789067 0.6781 0.0560533 0.03332
59 0.905907 0.77905 0.0628533 0.04702
59 0.61968 0.7073 0.0635733 0.03256
59 0.440667 0.79339 0.0844267 0.04974
59 0.34664 0.80901 0.07616 0.05394
59 0.376707 0.737 0.042 0.03216
59 0.41116 0.83296 0.08904 0.0372
59 0.599 0.77064 0.06392 0.04744
59 0.54704 0.73628 0.0611733 0.0346
59 0.539427 0.7692 0.06472 0.04912
59 0.571747 0.80145 0.0292 0.0189
59 0.832547 0.7695 0.0617333 0.03572
59 0.816387 0.81536 0.105093 0.06684
59 0.599067 0.82094 0.07264 0.05796
59 0.873347 0.80103 0.0492 0.0359
59 0.68428 0.7474 0.0623733 0.03392
59 0.4038 0.75446 0.082 0.06204
59 0.759573 0.75073 0.0866667 0.0477
59 0.766413 0.83929 0.04232 0.02978
59 0.540733 0.70525 0.0457867 0.03718
59 0.56696 0.72936 0.04272 0.03872
59 0.512133 0.73571 0.0376533 0.03802
59 0.62164 0.73013 0.0700533 0.04794
59 0.743253 0.79623 0.08096 0.0647
59 0.69176 0.67979 0.0536533 0.03882
59 0.681413 0.71001 0.0675733 0.04938
59 0.749627 0.69218 0.0614933 0.03616
59 0.53048 0.68911 0.0365867 0.02646
59 0.834453 0.69651 0.03312 0.02698
59 0.502827 0.84548 0.09184 0.0326
59 0.474187 0.82415 0.05056 0.04358
59 0.39292 0.71572 0.02344 0.0168
59 0.707867 0.74308 0.0261333 0.02596
59 0.825493 0.75231 0.04512 0.01538
59 0.701267 0.67269 0.0632267 0.03462
59 0.62704 0.80077 0.0235733 0.01334
59 0.875693 0.76833 0.05144 0.03202
59 0.591733 0.66517 0.0272 0.0143
59 0.911973 0.75364 0.0310933 0.01744
59 0.674 0.85498 0.0218667 0.00872
59 0.79544 0.72258 0.0674133 0.052
59 0.477267 0.74329 0.0649333 0.04378
59 0.51076 0.70813 0.0246133 0.0223
59 0.562067 0.84771 0.0419467 0.03202
59 0.47328 0.70088 0.0682133 0.0498
59 0.80148 0.77964 0.0588533 0.0346
59 0.528693 0.81034 0.07952 0.052
59 0.422973 0.70835 0.0500533 0.04866
59 0.854467 0.72811 0.0529867 0.04062
59 0.717493 0.83897 0.0758933 0.03794
59 0.650653 0.69385 0.0285067 0.01642
59 0.734147 0.71475 0.0574133 0.04334
59 0.46024 0.77003 0.04032 0.02258
59 0.503467 0.6918 0.01504 0.01384
59 0.467173 0.67513 0.05888 0.02222
59 0.618773 0.85234 0.08432 0.02572
59 0.32332 0.79406 0.0814133 0.04764
59 0.57688 0.68889 0.0645867 0.04846
59 0.74028 0.67166 0.0215733 0.01308
60 0.808173 0.53668 0.0516 0.03044
60 0.759547 0.5064 0.0501333 0.02872
60 0.715893 0.56693 0.0492267 0.0337
60 0.762667 0.542 0.0516267 0.03024
60 0.664547 0.56005 0.0450933 0.03178
60 0.7116 0.59304 0.0496 0.02928
60 0.769653 0.52134 0.0453867 0.02136
60 0.717493 0.54552 0.04512 0.02436
60 0.640413 0.56693 0.0298933 0.03834
60 0.767547 0.5815 0.0608533 0.04004
60 0.68156 0.53137 0.0503733 0.03798
60 0.726773 0.52498 0.0462933 0.03784
26 0.147827 0.51938 0.14328 0.0632
26 0.394427 0.57785 0.04208 0.01926
26 0.196493 0.52403 0.1084 0.05126
26 0.235187 0.57357 0.05 0.02574
26 0.144547 0.54455 0.123813 0.0291
26 0.378813 0.58202 0.0294667 0.04792
26 0.341973 0.60414 0.0474133 0.0248
26 0.274733 0.59578 0.0397067 0.01428
26 0.273307 0.58877 0.04112 0.02058
26 0.369267 0.61351 0.0188 0.01974
26 0.3484 0.58156 0.0642667 0.03052
26 0.200973 0.55989 0.0649333 0.02666
26 0.308573 0.59876 0.0305867 0.01804
26 0.298547 0.58317 0.03784 0.02006