12 0.558276 0.40594 0.0844935 0.0919444
12 0.818121 0.366822 0.0852614 0.0603431
12 0.659583 0.422051 0.132696 0.11384
12 0.685466 0.65433 0.0936438 0.0909477
12 0.64835 0.493399 0.103039 0.10183
12 0.894069 0.523889 0.13049 0.110588
12 0.778301 0.611054 0.16732 0.144101
12 0.544926 0.471904 0.105964 0.100343
12 0.786242 0.508015 0.105882 0.10031
12 0.8596 0.596969 0.121977 0.123088
12 0.727026 0.376193 0.0929085 0.0756863
12 0.547794 0.59174 0.124608 0.148382
12 0.808186 0.712337 0.112451 0.0980719
12 0.769052 0.444003 0.138693 0.112908
12 0.537059 0.492737 0.0970915 0.0708987
12 0.903856 0.426087 0.121078 0.111324
52 0.678448 0.199011 0.405686 0.333971