11 0.78005 0.24436 0.05346 0.0343733
11 0.53628 0.39112 0.01696 0.0250667
11 0.83752 0.330987 0.03856 0.0568533
11 0.36096 0.331653 0.04532 0.04752
11 0.75114 0.31016 0.06192 0.0558933
11 0.46205 0.354867 0.02346 0.03128
11 0.67642 0.253 0.04556 0.03
11 0.22944 0.21868 0.02828 0.0394933
4 0.19626 0.796133 0.03712 0.101173
4 0.41665 0.845693 0.02942 0.186267
4 0.15731 0.637813 0.11086 0.105973
4 0.50806 0.71192 0.02084 0.03184
4 0.73164 0.688027 0.03736 0.0842133
4 0.65169 0.814573 0.10386 0.102747
4 0.3276 0.678893 0.0702 0.0858933
4 0.37453 0.922533 0.05594 0.02304
4 0.36364 0.68116 0.14944 0.04744
4 0.17354 0.786027 0.02768 0.0274133
4 0.64231 0.702613 0.04482 0.07232
4 0.44408 0.639027 0.05616 0.05848
4 0.31525 0.65084 0.0217 0.0593333
4 0.14304 0.379947 0.06904 0.0430933
4 0.24258 0.429227 0.02732 0.0835733
4 0.01279 0.885947 0.01826 0.07488
4 0.19005 0.294667 0.0677 0.04
4 0.18151 0.339827 0.0217 0.05848
4 0.41471 0.59576 0.0671 0.0354133
4 0.49421 0.742307 0.0175 0.131813
4 0.94205 0.93064 0.02974 0.0828267
4 0.54254 0.956347 0.03016 0.0328
4 0.2111 0.660587 0.06408 0.0666667
4 0.72942 0.633907 0.07324 0.0625867
4 0.26628 0.436933 0.03268 0.129227
4 0.1159 0.466747 0.027 0.128693
4 0.34634 0.896507 0.10984 0.0437333
4 0.61777 0.866427 0.06162 0.18816
4 0.20916 0.523187 0.0258 0.0199733
4 0.51277 0.836547 0.03078 0.181787
4 0.22043 0.633427 0.06146 0.0366133
4 0.22383 0.526027 0.03942 0.01408
4 0.56517 0.79672 0.08154 0.134347
4 0.87292 0.915613 0.04624 0.0893067
4 0.69076 0.77872 0.04904 0.0610133
4 0.41412 0.647227 0.03636 0.0256533
4 0.30789 0.90788 0.18922 0.0741067
4 0.41611 0.912267 0.05838 0.0432533
4 0.92234 0.893627 0.03984 0.15984
4 0.13976 0.710773 0.08016 0.158613
4 0.14452 0.44472 0.04984 0.0369067
4 0.08232 0.791027 0.02 0.0405067
4 0.44763 0.700053 0.02562 0.0428267
4 0.0197 0.927307 0.03692 0.0146133
4 0.76648 0.727 0.03116 0.04152
4 0.28131 0.39444 0.02182 0.0800267
4 0.44941 0.642693 0.04674 0.0325867
4 0.23761 0.754653 0.03514 0.0290933
4 0.15215 0.33716 0.04878 0.07112
33 0.9202 0.925427 0.03596 0.09384
33 0.17544 0.7846 0.0298 0.03256
33 0.12393 0.736373 0.04694 0.106453
33 0.72423 0.591013 0.01902 0.0615467
33 0.15235 0.338333 0.04962 0.0720267
33 0.29718 0.90864 0.16692 0.0729067
33 0.23773 0.75552 0.03538 0.0305067
33 0.32845 0.6782 0.06866 0.0856267
33 0.51342 0.835533 0.02912 0.181413
33 0.65196 0.81508 0.1044 0.1012
33 0.72932 0.63376 0.07308 0.0628267
33 0.28067 0.395693 0.02134 0.0805067
33 0.11639 0.467613 0.02742 0.12856
33 0.02346 0.77364 0.0416 0.125787
33 0.19611 0.796853 0.03342 0.102507
33 0.20871 0.659667 0.06814 0.0658933
33 0.4147 0.5962 0.06816 0.0364
33 0.34003 0.892187 0.09922 0.0402667
33 0.38575 0.63564 0.01326 0.0174133
33 0.44116 0.63744 0.06232 0.06
33 0.31484 0.649347 0.02152 0.0566667
33 0.61752 0.864893 0.06324 0.191387
33 0.75412 0.650427 0.02632 0.0191467
33 0.15525 0.59008 0.01746 0.0674667
33 0.1593 0.629013 0.10428 0.102507
33 0.53204 0.92148 0.01672 0.0334133
33 0.44333 0.671827 0.0559 0.0345333
33 0.12926 0.62944 0.02244 0.02176
33 0.17247 0.602747 0.11846 0.0479467
33 0.04112 0.770427 0.0282 0.04864
33 0.79487 0.742627 0.08898 0.0548533
33 0.41354 0.648547 0.03992 0.02888
33 0.22019 0.632173 0.06378 0.03912
33 0.14171 0.38 0.0675 0.0435733
33 0.87335 0.915267 0.04654 0.09
33 0.18958 0.296453 0.06716 0.04016
33 0.24258 0.43008 0.02792 0.0819733
33 0.41555 0.844187 0.02962 0.189813
33 0.1808 0.337613 0.02148 0.05848
33 0.39714 0.89916 0.09032 0.0717067
33 0.14679 0.445307 0.05058 0.0353067
33 0.69114 0.777307 0.04788 0.0592533
33 0.21802 0.76184 0.03548 0.0918933
33 0.3004 0.642133 0.0114 0.0103467
33 0.09262 0.7942 0.03168 0.0527733
33 0.26693 0.437333 0.03234 0.13056
8 0.06753 0.78192 0.08634 0.0905067
8 0.42843 0.814693 0.0475 0.119147
8 0.87895 0.8298 0.07794 0.0988
8 0.74518 0.69576 0.07328 0.0771733
8 0.38439 0.869027 0.0463 0.0613067
8 0.36719 0.72708 0.07706 0.0679733
8 0.6682 0.642987 0.02976 0.0773867
8 0.42875 0.750307 0.05518 0.152293
8 0.36926 0.65372 0.06076 0.0464267
8 0.14704 0.50556 0.06088 0.05464
8 0.16758 0.674307 0.08888 0.0652
8 0.3519 0.872107 0.0224 0.0232
8 0.62557 0.628053 0.06654 0.0962667
8 0.83904 0.694787 0.0248 0.0607733
8 0.81197 0.919987 0.07882 0.110053
8 0.93813 0.714693 0.09966 0.0928
8 0.55577 0.59444 0.07638 0.0578933
8 0.66634 0.725093 0.07472 0.11248
8 0.86644 0.632147 0.0676 0.0689867
8 0.49482 0.856133 0.0304 0.1088
8 0.62962 0.77636 0.0884 0.0936267
8 0.16441 0.488573 0.08726 0.0530933
8 0.05778 0.879187 0.07708 0.108667
8 0.89026 0.89552 0.059 0.08752
8 0.26956 0.836307 0.07808 0.103653
8 0.17147 0.743573 0.11206 0.14944
8 0.28561 0.68064 0.05482 0.06384
8 0.15458 0.42 0.02876 0.0741333
8 0.61101 0.69464 0.07942 0.0655467
8 0.73538 0.754627 0.03884 0.06568
8 0.67609 0.911933 0.06726 0.12232
8 0.46067 0.759133 0.02094 0.0956
8 0.23715 0.490387 0.06154 0.0766667
8 0.24056 0.363587 0.05972 0.0751733
8 0.3308 0.9104 0.04852 0.0168
52 0.24057 0.16972 0.0569 0.0660533
52 0.55088 0.13236 0.04924 0.0833333
52 0.83494 0.122693 0.05884 0.05872
52 0.2871 0.0871867 0.06672 0.0702667
52 0.72008 0.110133 0.05232 0.0705067
52 0.64946 0.1036 0.05208 0.0658133
52 0.30979 0.13484 0.05326 0.0579467
52 0.42934 0.14672 0.06544 0.05984
52 0.39923 0.0949733 0.05382 0.06616
52 0.44841 0.0873333 0.04994 0.0654933
52 0.24075 0.0736133 0.04126 0.0613067
52 0.37897 0.145133 0.03886 0.0564
52 0.63181 0.129013 0.04594 0.0659733
52 0.20035 0.124173 0.05506 0.0929333
52 0.59111 0.0796133 0.06534 0.08232
52 0.74441 0.0590667 0.05118 0.0584
52 0.25128 0.132347 0.05008 0.0503467
52 0.59321 0.13724 0.04394 0.05448
52 0.47452 0.108853 0.05416 0.0508267
52 0.49174 0.13896 0.06832 0.0861333
52 0.22655 0.106507 0.01562 0.0200533
52 0.77991 0.0956933 0.06598 0.0769867
52 0.55442 0.08192 0.02012 0.0199467
52 0.75022 0.149533 0.05592 0.0604533