11 0.893668 0.467582 0.139297 0.214575
11 0.838889 0.301953 0.203529 0.199951
14 0.822092 0.761356 0.0801961 0.174608
14 0.182802 0.443456 0.286781 0.0689706
14 0.50741 0.880629 0.0630556 0.163186
14 0.303873 0.795286 0.111569 0.0470752
14 0.288595 0.862835 0.134673 0.196781
14 0.774338 0.569011 0.146683 0.107467
14 0.712451 0.720147 0.0436275 0.122614
14 0.170915 0.867092 0.0754902 0.188889
14 0.772582 0.933309 0.0391503 0.0540033
14 0.5821 0.712966 0.0128595 0.0177614
14 0.1021 0.597688 0.0554085 0.159265
14 0.064567 0.921454 0.0495261 0.078268
14 0.0800572 0.51933 0.085768 0.0958497
14 0.458015 0.85732 0.0422386 0.210425
14 0.414224 0.55683 0.0301144 0.115654
14 0.590997 0.881536 0.0655882 0.0962092
14 0.766275 0.840809 0.0722222 0.126977
14 0.850106 0.840792 0.0578268 0.0408007
14 0.674747 0.745768 0.0458987 0.195654
14 0.733391 0.817092 0.0368791 0.0644444
14 0.744673 0.905163 0.044183 0.112647
14 0.796716 0.919502 0.0981046 0.0848203
14 0.622958 0.680449 0.12585 0.401552
14 0.426029 0.831209 0.160261 0.258203
14 0.278954 0.668464 0.204346 0.379477
14 0.288538 0.547541 0.143676 0.268056
14 0.857418 0.904608 0.148725 0.113333
14 0.157075 0.917247 0.0525817 0.0883824
14 0.818766 0.706144 0.0458987 0.125294
14 0.690114 0.889355 0.0834314 0.142565
14 0.761699 0.64991 0.200882 0.280114
14 0.29049 0.823587 0.0469281 0.234363
14 0.22857 0.458619 0.13384 0.0523039
14 0.531201 0.632435 0.0710294 0.293595
14 0.113391 0.726038 0.0901471 0.315114
14 0.382843 0.66152 0.0245425 0.160196
14 0.122516 0.80268 0.0561111 0.217843
14 0.335686 0.763946 0.170621 0.145147
14 0.28683 0.793121 0.118529 0.192288
14 0.783922 0.871103 0.0772876 0.0778922
14 0.701438 0.869069 0.0665033 0.126601
14 0.208799 0.672394 0.113186 0.293252
14 0.680466 0.641495 0.144493 0.145049
14 0.575743 0.784224 0.0841013 0.179232
14 0.0803922 0.734959 0.0353922 0.114886
14 0.393129 0.829861 0.0513235 0.170049
14 0.154248 0.599714 0.0625817 0.206585
14 0.418538 0.897606 0.0489052 0.129395
14 0.17348 0.821136 0.195 0.172042
14 0.37969 0.566609 0.0594118 0.311324
14 0.0735294 0.589779 0.0718954 0.0948529
14 0.524224 0.721397 0.143252 0.0761601
14 0.808554 0.903562 0.142859 0.117843
14 0.405613 0.650008 0.0335131 0.181356
14 0.33902 0.545098 0.0460784 0.166667
14 0.651389 0.938333 0.0453922 0.0448693
14 0.589592 0.944575 0.0393464 0.0350654
14 0.65759 0.703456 0.0457353 0.136324
14 0.721822 0.824208 0.0733824 0.10518
14 0.511708 0.886324 0.132304 0.090098
14 0.595392 0.750098 0.0985948 0.384706
14 0.451021 0.561716 0.0910294 0.199739
14 0.493456 0.595449 0.0323039 0.105114
14 0.359469 0.866667 0.0476961 0.184608
14 0.671413 0.922721 0.0512582 0.0763562
14 0.717443 0.626585 0.111912 0.194967
14 0.352541 0.7029 0.232042 0.170866
14 0.166283 0.647361 0.0258987 0.0705065
14 0.611275 0.662279 0.0606863 0.221454
14 0.26826 0.556577 0.134395 0.148088
14 0.466577 0.50402 0.102369 0.124902
14 0.220212 0.884306 0.0655556 0.150637
14 0.763595 0.672623 0.067451 0.146127
14 0.0891993 0.55473 0.101536 0.155997
14 0.152288 0.816716 0.0778431 0.118824
14 0.620817 0.88567 0.131176 0.151373
14 0.727525 0.726201 0.0539379 0.129428
14 0.51558 0.798015 0.0877614 0.307925
14 0.455768 0.657606 0.0617647 0.277435
14 0.0584069 0.737696 0.0429575 0.256928
14 0.636324 0.871152 0.134608 0.132565
14 0.5425 0.92893 0.0336601 0.0648856
14 0.3546 0.830768 0.0656373 0.256928
14 0.335449 0.615531 0.150278 0.135049
14 0.182443 0.9146 0.025768 0.0935458
14 0.592067 0.775433 0.0156373 0.039232
14 0.675743 0.611928 0.19482 0.237026
14 0.167778 0.774363 0.0646732 0.250719
14 0.582042 0.851373 0.115556 0.212222
14 0.85491 0.809126 0.216193 0.20969
14 0.48781 0.544011 0.143072 0.190768
14 0.07125 0.865392 0.0628922 0.185
14 0.0700817 0.932917 0.0402288 0.0578268
14 0.446095 0.731871 0.0435621 0.10067