24 0.658354 0.547562 0.0379583 0.0228125
24 0.513656 0.574109 0.138812 0.0625625
24 0.427021 0.650305 0.178583 0.0906094
24 0.665063 0.519531 0.0479167 0.0367188
24 0.603615 0.638266 0.154146 0.0895
24 0.700573 0.560766 0.0437708 0.0138437
24 0.705948 0.595891 0.172604 0.0756875
59 0.745563 0.485305 0.0395417 0.0293906
59 0.838604 0.474313 0.0730833 0.02225
59 0.861344 0.490641 0.0270208 0.015125
59 0.722771 0.483719 0.024625 0.0095
59 0.764719 0.460672 0.0523542 0.0220625
1 0.687042 0.425703 0.08 0.0593437
1 0.794719 0.411609 0.0777292 0.0383125
1 0.602885 0.425383 0.0793125 0.0569219