46 0.70368 0.298458 0.0288594 0.0561667
46 0.266906 0.583729 0.0426562 0.0354167
46 0.396508 0.609229 0.0534844 0.0699583
46 0.826398 0.574229 0.0336719 0.0404167
46 0.829883 0.424771 0.0376094 0.0571667
46 0.840828 0.380135 0.0405 0.0478125
46 0.549797 0.785896 0.0440313 0.0779583
14 0.922578 0.65551 0.067875 0.100771
14 0.637289 0.616781 0.0679219 0.0786875
14 0.333984 0.59551 0.053625 0.124646
14 0.684344 0.603479 0.067875 0.0835833
14 0.619742 0.682917 0.0716406 0.0805833
14 0.804234 0.352844 0.040375 0.0607708
14 0.510492 0.708854 0.0772969 0.0869167
14 0.667852 0.8075 0.0705781 0.103625
14 0.83957 0.521406 0.0487656 0.0524375
14 0.569992 0.682854 0.0555469 0.138583
14 0.520437 0.573896 0.065 0.0630833
14 0.44532 0.547031 0.0443906 0.0337292
14 0.583516 0.788313 0.055625 0.0944167
52 0.925516 0.482083 0.0442813 0.106792
52 0.539352 0.477063 0.111453 0.2185
52 0.667687 0.469458 0.186062 0.201125
52 0.787859 0.733135 0.0918125 0.0995625
52 0.634578 0.328792 0.167063 0.164375
52 0.888625 0.33301 0.0584687 0.0470208
52 0.438094 0.788 0.198344 0.206708
52 0.454594 0.487052 0.0825 0.150521