59 0.535418 0.341531 0.144561 0.0298438
59 0.249195 0.742289 0.100941 0.0838594
59 0.203598 0.547016 0.126653 0.0541875
59 0.672312 0.768617 0.140481 0.0426719
59 0.78546 0.360289 0.0348117 0.0347656
59 0.484236 0.38925 0.0356276 0.0198125
59 0.771245 0.538648 0.121402 0.111859
59 0.941192 0.537055 0.0817155 0.0769219
59 0.58068 0.458 0.122197 0.0287187
59 0.549592 0.356852 0.0896025 0.0258906
59 0.336046 0.62093 0.0416318 0.0558906
59 0.266799 0.402516 0.0602092 0.045625
59 0.379874 0.612609 0.0543515 0.05425
59 0.870795 0.415719 0.125649 0.0430625
59 0.154801 0.520773 0.105377 0.0717969
8 0.770973 0.536 0.120063 0.115937
8 0.587939 0.457672 0.109435 0.0264688
8 0.378368 0.609523 0.0540167 0.0568906
8 0.248703 0.742563 0.102301 0.084625
8 0.873159 0.415187 0.118326 0.0415
8 0.107594 0.633203 0.0367364 0.0233437
8 0.549613 0.356844 0.0896025 0.0259062
8 0.531224 0.34218 0.130105 0.0289844
8 0.251464 0.489922 0.0937238 0.0176875
8 0.270418 0.4015 0.0707113 0.054625
8 0.936579 0.535695 0.0830753 0.0762344
8 0.585586 0.556961 0.0635146 0.0374844
8 0.227939 0.412258 0.0300209 0.0166094
8 0.168013 0.501031 0.0769038 0.0338437
8 0.182249 0.54668 0.164833 0.0500781
8 0.522186 0.77332 0.159603 0.0519219
8 0.673243 0.768914 0.139456 0.0417969
8 0.787082 0.372453 0.020523 0.0160313
8 0.333504 0.620945 0.0398117 0.0556406
8 0.160638 0.50968 0.0822803 0.0346406
43 0.233692 0.46368 0.0938285 0.0208281
43 0.274383 0.440117 0.0374268 0.0134531
43 0.390847 0.529062 0.06659 0.0589688
43 0.676056 0.442273 0.0875941 0.0332969
43 0.457762 0.479953 0.0770293 0.07475
43 0.453985 0.513977 0.0103138 0.0105156
43 0.736224 0.343672 0.0842887 0.0318125
43 0.556987 0.69325 0.0456485 0.03
43 0.686025 0.529117 0.0746862 0.0157656
43 0.675418 0.420898 0.0874895 0.0333281
43 0.235429 0.439719 0.0379707 0.0148125
43 0.855481 0.521141 0.0617573 0.0445938
43 0.434257 0.535367 0.0544142 0.0523281
43 0.195649 0.449867 0.047364 0.0166719
43 0.407542 0.460641 0.0291841 0.0407813
43 0.516506 0.548672 0.0593305 0.07275
43 0.444446 0.70768 0.0460042 0.0324844
43 0.829749 0.557016 0.0343515 0.0729687
43 0.697626 0.459102 0.0717364 0.0382031
43 0.62114 0.687297 0.0880962 0.024375
43 0.806297 0.460187 0.0219665 0.0101563
43 0.652343 0.532172 0.0967364 0.061625
43 0.426925 0.522984 0.0305439 0.0164063