38 0.190227 0.535531 0.0614844 0.0361458
38 0.599102 0.558083 0.0334531 0.0275
38 0.378078 0.584135 0.0314063 0.0433542
38 0.414531 0.701313 0.0509063 0.04425
38 0.226383 0.654271 0.0331719 0.059125
38 0.200539 0.581917 0.0476719 0.0819167
38 0.327102 0.603927 0.0275469 0.0219792
38 0.353789 0.600135 0.0453281 0.0566042
38 0.757414 0.60376 0.0361094 0.0886042
38 0.66068 0.562531 0.0254219 0.0231458
59 0.234266 0.610365 0.0369375 0.0460208
59 0.744266 0.652417 0.0362188 0.0848333
59 0.676898 0.58899 0.127672 0.0581042