50 0.345445 0.46023 0.195047 0.371138
50 0.454328 0.842659 0.421219 0.308162
50 0.0680313 0.512779 0.127125 0.316105
50 0.927422 0.711236 0.145156 0.187724
50 0.74493 0.801641 0.266484 0.384508
50 0.235625 0.575525 0.428031 0.402298
50 0.711016 0.47349 0.396094 0.296915
50 0.829633 0.798611 0.338078 0.331007
50 0.935203 0.577495 0.129594 0.114639
50 0.458781 0.488643 0.110813 0.429278
50 0.0596328 0.958731 0.118297 0.0673085
50 0.141523 0.706018 0.283047 0.179344
50 0.629367 0.66233 0.0536094 0.128643
50 0.580094 0.715919 0.0724687 0.204486
50 0.111922 0.851958 0.22075 0.167024
24 0.928461 0.708249 0.143078 0.185514
24 0.456758 0.842133 0.404953 0.312451
24 0.0593437 0.961915 0.118687 0.0761707
24 0.716617 0.790569 0.217797 0.355492
24 0.469445 0.489551 0.114391 0.430306
24 0.105664 0.800569 0.211328 0.282713
24 0.712836 0.467341 0.400266 0.280241
24 0.359234 0.467899 0.222312 0.388709
24 0.827187 0.794814 0.338531 0.335317
24 0.0626875 0.515284 0.123562 0.311357
24 0.689227 0.567177 0.335766 0.183676
24 0.591156 0.717702 0.0504375 0.196236
24 0.236141 0.577549 0.434969 0.411947
24 0.164539 0.406061 0.184609 0.11046
24 0.192078 0.894037 0.149031 0.211926
24 0.142047 0.705744 0.284094 0.178665
8 0.439914 0.0440919 0.259047 0.0592998
8 0.168867 0.197877 0.118859 0.0543545
8 0.190672 0.163578 0.27375 0.0686433
8 0.0715391 0.0415208 0.143078 0.0484683
8 0.131359 0.0623742 0.262719 0.124748
8 0.216555 0.210263 0.199266 0.0508534
8 0.482125 0.0189825 0.09325 0.037965
8 0.319445 0.0853282 0.103484 0.0905252
8 0.0873828 0.11047 0.142734 0.0857112
8 0.223828 0.355832 0.1045 0.0828665
8 0.145688 0.0667068 0.105344 0.133414
8 0.184094 0.108687 0.248625 0.174267
8 0.0517891 0.217035 0.103578 0.142735
8 0.353469 0.235514 0.140156 0.1793
8 0.280094 0.0276039 0.06975 0.0505689
8 0.270844 0.137505 0.053875 0.0294967
8 0.268289 0.307024 0.0511719 0.0642888
8 0.381484 0.143468 0.0668438 0.160022
8 0.0295234 0.335022 0.0549844 0.079453
8 0.0738359 0.318107 0.0741719 0.0953829
14 0.913578 0.228643 0.172844 0.0997374
14 0.946094 0.115613 0.107813 0.139759
14 0.457195 0.246313 0.0983906 0.167637
14 0.976828 0.297845 0.0463438 0.0756893
14 0.896422 0.104814 0.0645 0.0519912
14 0.479305 0.0926368 0.0658594 0.0760394
14 0.57 0.107352 0.16575 0.0797374
14 0.944891 0.380295 0.110219 0.0941138
14 0.698906 0.0690263 0.0509063 0.081291
14 0.643312 0.261499 0.103188 0.162298
14 0.573406 0.266904 0.103156 0.161685
14 0.67007 0.0326149 0.0736094 0.0622101
14 0.53332 0.0274726 0.0582969 0.05
14 0.98725 0.057046 0.024 0.0438512
14 0.768945 0.269803 0.123047 0.157505
14 0.542617 0.250788 0.0994531 0.222845
14 0.826812 0.188315 0.0641875 0.049453
14 0.877352 0.156772 0.133266 0.126105
14 0.730422 0.0972757 0.0700313 0.0855361
14 0.844125 0.0694858 0.0430313 0.061291
14 0.692375 0.124147 0.075375 0.0430416
14 0.556531 0.354551 0.0720625 0.0347046
14 0.982961 0.243129 0.0340781 0.0371991
14 0.481805 0.0194311 0.0914844 0.0388621
14 0.754703 0.185339 0.134844 0.232779
14 0.897234 0.319201 0.153875 0.114858
14 0.598047 0.0504705 0.0835313 0.098709
14 0.668766 0.0580635 0.0380937 0.0610284
14 0.768195 0.0590044 0.139422 0.118009
14 0.822188 0.0385996 0.0485312 0.0756236
14 0.475297 0.167177 0.126688 0.131772
14 0.663555 0.104147 0.0479844 0.061291