43 0.475677 0.465141 0.0633958 0.108969
43 0.657125 0.64443 0.0515833 0.0493906
43 0.438302 0.607664 0.0616458 0.0468594
43 0.544792 0.580055 0.13025 0.101547
43 0.423729 0.514563 0.075 0.09025
43 0.67874 0.694242 0.0819375 0.0392031
43 0.687729 0.548766 0.0744583 0.0606563
43 0.617573 0.623898 0.0680208 0.114859
43 0.552031 0.289312 0.0573125 0.0505938
43 0.531365 0.515102 0.0886458 0.0786719
43 0.640781 0.578437 0.0983125 0.100937
43 0.63075 0.34282 0.0885417 0.0502656
43 0.596927 0.517797 0.0963542 0.0584063
43 0.551656 0.305086 0.0633958 0.0299531
43 0.409323 0.466531 0.0290625 0.0441875
43 0.438229 0.389062 0.103417 0.0491562
43 0.438604 0.557688 0.031125 0.0374375
43 0.597188 0.307578 0.0361667 0.0380313
43 0.55501 0.476664 0.0225625 0.0271719
43 0.43701 0.354352 0.0609792 0.0384844
43 0.483313 0.626266 0.126833 0.106781
43 0.49899 0.343703 0.119729 0.0510938
43 0.446375 0.303727 0.035875 0.0225469
43 0.468177 0.550258 0.0362292 0.0507656