1 0.652789 0.792385 0.0577656 0.0619792
1 0.901797 0.72649 0.05175 0.0638542
1 0.0479062 0.967219 0.08625 0.0648125
1 0.937289 0.882229 0.0735156 0.0815417
1 0.79018 0.785781 0.0560781 0.0757708
1 0.584234 0.867625 0.0283125 0.0454583
1 0.391359 0.869969 0.0615625 0.0754792
1 0.286906 0.921833 0.0741875 0.086125
1 0.657109 0.845229 0.0594063 0.0800833
1 0.22532 0.874208 0.0739531 0.102708
1 0.695609 0.934771 0.0701875 0.0971667
1 0.398148 0.972771 0.0632969 0.0544583
1 0.8615 0.880406 0.0535 0.0558958
1 0.0122813 0.966906 0.0245625 0.0661875
1 0.439266 0.955927 0.0602812 0.0638958
1 0.46382 0.981448 0.0620156 0.0371042
1 0.73807 0.954729 0.0221094 0.0371667
1 0.856828 0.97149 0.0575937 0.0407292
1 0.873594 0.78499 0.0549687 0.0691458
1 0.847562 0.759344 0.0430938 0.0386042
1 0.607828 0.559677 0.0570625 0.108104
1 0.897266 0.880854 0.0330937 0.0529583
1 0.28418 0.247583 0.0495781 0.0698333
1 0.16025 0.916885 0.0744688 0.0839792
1 0.967352 0.917052 0.0652969 0.0491042
1 0.946539 0.791521 0.0491719 0.0517917
1 0.915219 0.821823 0.0614375 0.0808125
1 0.0290703 0.926042 0.0260156 0.0386667
1 0.835344 0.818052 0.0610313 0.0813542
1 0.806383 0.759292 0.0428281 0.04225
1 0.754125 0.775729 0.0375625 0.04975
1 0.741586 0.833167 0.0522969 0.0605833
1 0.615141 0.8535 0.0468438 0.0709167
1 0.512656 0.907677 0.0450313 0.0758542
1 0.984125 0.892833 0.0274375 0.056625
1 0.636234 0.976865 0.0686563 0.0462708
1 0.972187 0.832354 0.055625 0.0809583
1 0.51807 0.858406 0.0583281 0.0683958
1 0.639422 0.905688 0.0545937 0.0537917
1 0.174102 0.965604 0.0803906 0.0687917
1 0.314328 0.978958 0.0586875 0.0396667
1 0.597453 0.890365 0.0431875 0.0258958
1 0.658523 0.552812 0.0206719 0.0922917
1 0.555937 0.925115 0.0627188 0.0811458
1 0.283289 0.874208 0.0409531 0.0277083
1 0.691477 0.809448 0.0254531 0.0253125
1 0.763188 0.890615 0.0740625 0.0896458
1 0.716555 0.97975 0.0666094 0.0405
1 0.911148 0.91875 0.0453906 0.0339583
1 0.427734 0.920375 0.0438125 0.057625
1 0.872352 0.83926 0.0429844 0.0426875
1 0.786219 0.958135 0.0833438 0.0837292
1 0.256219 0.956958 0.080375 0.0825
1 0.0662969 0.923448 0.0592188 0.0757708
1 0.811727 0.941125 0.0468906 0.061125
1 0.390633 0.920104 0.0369844 0.054
1 0.33507 0.885594 0.0662031 0.0819375
1 0.219641 0.932229 0.0218125 0.0181667
1 0.674891 0.988073 0.0221562 0.0230625
1 0.328422 0.992104 0.0481562 0.0111667
1 0.355922 0.934813 0.0672813 0.0937083
1 0.931695 0.762177 0.0550781 0.0409375
1 0.207688 0.412479 0.220406 0.087875
1 0.70268 0.854698 0.0638281 0.0829792
1 0.827227 0.99499 0.0489844 0.0100208
1 0.565328 0.979021 0.0512188 0.039125
1 0.186422 0.942344 0.064875 0.0542708
1 0.419172 0.990885 0.0480938 0.0146042
1 0.98525 0.789948 0.0295 0.0272708