11 0.746461 0.911258 0.0512969 0.0324508
11 0.40868 0.473228 0.142391 0.122998
11 0.143625 0.479004 0.0475313 0.0736761
11 0.777102 0.842505 0.0360156 0.0501751
11 0.938453 0.8414 0.0216875 0.0281838
11 0.1725 0.402593 0.0411562 0.0616411
11 0.746883 0.381696 0.0996406 0.116171
11 0.624461 0.489573 0.0426719 0.0888184
11 0.521266 0.436783 0.0822813 0.133567
11 0.864727 0.849278 0.0547656 0.0548796
11 0.0516406 0.409978 0.05 0.0748796
11 0.624617 0.8614 0.0322344 0.0438512
11 0.0748125 0.54953 0.0588125 0.0734136
11 0.759008 0.832101 0.0377344 0.0478775
11 0.755687 0.808293 0.0283438 0.0391247
11 0.197469 0.489409 0.0466562 0.0499344
11 0.0405391 0.530766 0.0467656 0.0800875
11 0.0758125 0.249464 0.0379063 0.0553829
11 0.81432 0.89395 0.0458281 0.0419912
11 0.141656 0.377484 0.0375625 0.0726039
11 0.596031 0.547046 0.11475 0.130109
11 0.646695 0.929223 0.0269219 0.0225602
11 0.196891 0.392079 0.025375 0.041488
11 0.173031 0.584179 0.042625 0.0675711
11 0.671188 0.343293 0.0839688 0.0951204
11 0.780586 0.50837 0.102016 0.146411
11 0.660336 0.862549 0.0402344 0.0547702
11 0.125312 0.412735 0.038 0.0304158
11 0.272609 0.567144 0.070875 0.0789716
11 0.0956719 0.593206 0.0695 0.0493873
11 0.712961 0.892626 0.0391094 0.0501969
11 0.163539 0.526783 0.0580469 0.0638512
11 0.294805 0.48954 0.0323594 0.035186
11 0.105695 0.16767 0.0311406 0.0317943
11 0.723977 0.826794 0.0386406 0.0535886
11 0.550516 0.502418 0.0900312 0.121685
11 0.648133 0.482254 0.0455469 0.0740919
11 0.924336 0.852735 0.0446094 0.0501969
11 0.0510859 0.272024 0.0221719 0.033326
11 0.684656 0.528063 0.0780625 0.104092
11 0.0532031 0.192845 0.0179375 0.0256455
11 0.123352 0.533118 0.0628281 0.0717943
11 0.0652891 0.451127 0.0360469 0.0498687
11 0.785883 0.446258 0.0357031 0.0515536
11 0.216469 0.483567 0.0404687 0.0692341
11 0.224875 0.438228 0.0214062 0.0323414
11 0.092375 0.210656 0.0327812 0.0423195
11 0.276969 0.436838 0.0647188 0.0687746
11 0.589984 0.436696 0.0559063 0.0541357
11 0.658531 0.44093 0.0429688 0.0608972
11 0.20993 0.562451 0.0542969 0.0818381
11 0.261008 0.473315 0.0505781 0.0553392
43 0.454656 0.894354 0.0882813 0.0456455
43 0.525172 0.831783 0.0685 0.0605033
43 0.471586 0.89023 0.0456719 0.0384464
43 0.454141 0.823589 0.0557813 0.0323851
43 0.526453 0.736018 0.0974375 0.0669147
43 0.469117 0.76244 0.0192656 0.0279431
43 0.441367 0.961138 0.0619531 0.0667834
43 0.719258 0.256368 0.0351719 0.146389
43 0.481586 0.8164 0.0216094 0.0317943
43 0.524164 0.799223 0.00970312 0.00461707
43 0.43482 0.755481 0.0484219 0.0330635
43 0.444172 0.791193 0.0668438 0.0404158
43 0.524391 0.730098 0.0764062 0.0519694
43 0.464086 0.803479 0.0141094 0.0336543
43 0.895586 0.291236 0.0743281 0.0709628
43 0.555406 0.319967 0.141 0.0794967
43 0.753727 0.0806455 0.0190781 0.0174836
43 0.526906 0.818206 0.115375 0.118468
43 0.525188 0.845503 0.055 0.0391904
43 0.789797 0.157987 0.0357188 0.113085
43 0.44307 0.712681 0.0650156 0.0305252
43 0.428969 0.780503 0.037 0.0333479
43 0.518219 0.896838 0.0553125 0.0669365
43 0.495406 0.95256 0.0994375 0.0794748
43 0.564164 0.289726 0.0492031 0.131619
43 0.481398 0.728818 0.0117344 0.0403063
43 0.452047 0.839956 0.081875 0.0731291
43 0.477594 0.683851 0.0424687 0.0378556
43 0.524633 0.72105 0.0492344 0.037593
43 0.51775 0.86826 0.0410313 0.0938512
43 0.459703 0.694147 0.04275 0.0258425
43 0.576234 0.776171 0.026 0.0900219