10 0.480281 0.760904 0.01825 0.0187089
10 0.948047 0.727336 0.0153437 0.0135915
10 0.905195 0.598392 0.0151094 0.0150469
10 0.449164 0.605587 0.00732813 0.0143662
10 0.739375 0.645317 0.0121875 0.0202582
10 0.828023 0.655164 0.0183906 0.0175117
10 0.854055 0.717547 0.0232031 0.0212911
10 0.632742 0.686103 0.00817188 0.0140845
10 0.708031 0.638298 0.016375 0.0207746
10 0.610203 0.504707 0.00846875 0.0139671
10 0.675828 0.871009 0.0127812 0.0144131
10 0.573719 0.52196 0.010125 0.0138732
10 0.841609 0.608415 0.016375 0.0174413
10 0.683711 0.809225 0.0121094 0.0142254
10 0.482828 0.648087 0.0104375 0.0131221
10 0.766414 0.553286 0.00976562 0.00887324
10 0.766469 0.669401 0.012625 0.0189906
10 0.636375 0.527054 0.0086875 0.0133568
10 0.596836 0.785458 0.0134219 0.0191784
10 0.784508 0.622899 0.0168906 0.0151408
10 0.723758 0.601514 0.00985938 0.0142958
10 0.844719 0.563791 0.00565625 0.00715962
10 0.893945 0.735657 0.0140781 0.0174648
10 0.590227 0.595012 0.0155156 0.0169249
10 0.817797 0.595329 0.0112812 0.0143662
10 0.647992 0.47 0.00792188 0.0116432
10 0.447133 0.546538 0.0119531 0.024108
10 0.642523 0.781491 0.0124531 0.0142958
10 0.631102 0.854812 0.0131406 0.0328169
10 0.937789 0.754648 0.0253594 0.0307512
10 0.509594 0.644906 0.0236563 0.0239906
10 0.791273 0.579249 0.00614063 0.00896714
10 0.571273 0.645786 0.00920312 0.0165493
10 0.903344 0.638486 0.0133125 0.0130751
10 0.668734 0.552394 0.011 0.0142723
10 0.819109 0.69561 0.0204688 0.0266667
10 0.680469 0.576808 0.0104063 0.0138498
10 0.713156 0.566279 0.00921875 0.0192254
10 0.500828 0.816174 0.0165 0.0275587
10 0.597961 0.662864 0.0153594 0.0223474
10 0.912812 0.697617 0.0153437 0.0164085
10 0.664578 0.654977 0.0138437 0.0200939
10 0.711648 0.524847 0.00954687 0.014061
10 0.873031 0.583944 0.0148437 0.0182629
10 0.536711 0.764202 0.0184844 0.0216901
10 0.459414 0.738369 0.0140156 0.0208216
10 0.875023 0.68196 0.0143594 0.0174413
10 0.606742 0.562981 0.0161094 0.0164789
10 0.460398 0.700634 0.0123594 0.0125352
10 0.488813 0.608239 0.0114375 0.0168545
10 0.517312 0.592089 0.0108125 0.0162441
10 0.547391 0.566221 0.00975 0.00985915
10 0.665078 0.593838 0.00853125 0.0112911
10 0.787687 0.684425 0.0302187 0.035
10 0.868891 0.616725 0.016375 0.0150469
10 0.619445 0.64419 0.0105781 0.015892
10 0.613289 0.468545 0.0108594 0.0148357
10 0.422109 0.638157 0.01125 0.0172066
10 0.470063 0.590258 0.0058125 0.0113615
10 0.696758 0.472993 0.0110781 0.0179577
10 0.595414 0.842676 0.00751562 0.00896714
10 0.505875 0.722876 0.0136562 0.0192254
10 0.541992 0.627007 0.0230781 0.0264554
10 0.504328 0.500176 0.0137813 0.0148592
10 0.549805 0.864671 0.0166719 0.0279343
10 0.817 0.542359 0.014 0.0125587
10 0.935641 0.66196 0.00896875 0.00870892
10 0.542961 0.507676 0.0145156 0.0165258
10 0.576539 0.484014 0.00685937 0.00953052
10 0.59493 0.735 0.0102031 0.0103286
10 0.547109 0.802383 0.0283125 0.0269249
10 0.570391 0.723732 0.0169375 0.0224883
10 0.42032 0.670833 0.0197969 0.0264554
10 0.636133 0.735552 0.00682812 0.0165493
10 0.554367 0.682347 0.0142656 0.0161502
10 0.669891 0.695117 0.01825 0.0207512
10 0.736914 0.534343 0.0138281 0.014507
10 0.512656 0.5425 0.010375 0.015892
10 0.604352 0.615669 0.00476562 0.00767606