26 0.153406 0.690312 0.159281 0.09775
26 0.419625 0.678021 0.107563 0.238375
26 0.179766 0.81325 0.1025 0.136458
26 0.218016 0.3155 0.081625 0.079
26 0.790469 0.619615 0.134625 0.136146
26 0.785758 0.278198 0.0732656 0.150771
26 0.219023 0.288979 0.0186406 0.0179583
26 0.839578 0.399198 0.0671875 0.0946875
26 0.70682 0.677865 0.146141 0.177479
26 0.239508 0.754927 0.0504844 0.110021
26 0.496602 0.296521 0.0875156 0.119333
26 0.536352 0.771104 0.171078 0.072375
26 0.588828 0.343802 0.1105 0.246604
26 0.206164 0.785625 0.0712031 0.114417
14 0.591578 0.197917 0.0788438 0.0559583
14 0.160352 0.547885 0.105953 0.142854
14 0.521305 0.15399 0.0414219 0.0298958
14 0.879828 0.570406 0.106625 0.120438
14 0.298828 0.29826 0.11 0.137937
14 0.0317188 0.540385 0.0615313 0.0710208
14 0.576289 0.130635 0.0625781 0.0305208
14 0.689125 0.535656 0.0578125 0.128479
14 0.309461 0.380594 0.0709219 0.0421042
14 0.803 0.43776 0.0953438 0.0909792
14 0.262039 0.523563 0.0896719 0.0880417
14 0.6 0.150135 0.0562187 0.0499792
43 0.440047 0.170229 0.134187 0.180333
43 0.358008 0.83549 0.0758906 0.104313
43 0.555273 0.880385 0.0527031 0.177688
43 0.679312 0.302187 0.045375 0.118208
43 0.690844 0.210187 0.118562 0.118083
43 0.26557 0.426104 0.154203 0.209958
43 0.556328 0.410094 0.16175 0.213729
43 0.63443 0.0758125 0.0415469 0.0821667
43 0.213445 0.224812 0.0493281 0.0834583
43 0.172305 0.608219 0.0872031 0.184729
43 0.275852 0.259885 0.0451719 0.0964375
43 0.276461 0.816896 0.197203 0.366208
43 0.578836 0.594792 0.151828 0.0765
43 0.15318 0.316719 0.0984531 0.288188
43 0.633867 0.476823 0.112109 0.162729
43 0.533891 0.19025 0.104313 0.123083
43 0.531859 0.829333 0.0331875 0.0582917
43 0.526609 0.693292 0.131125 0.106667
43 0.549719 0.258781 0.0775 0.107771
43 0.553109 0.261542 0.0267188 0.0533333
43 0.514031 0.543375 0.0882187 0.11825
43 0.376906 0.26474 0.101344 0.0546042
43 0.677344 0.286323 0.0941562 0.128896
43 0.766148 0.319083 0.0873906 0.0806667
8 0.818594 0.285073 0.127625 0.0809792
8 0.622906 0.863417 0.0947187 0.130417
8 0.658602 0.739229 0.247391 0.268208
8 0.702852 0.402 0.0876719 0.182042
8 0.368211 0.239052 0.0654844 0.0363958
8 0.279406 0.637562 0.111 0.105583
8 0.702711 0.323563 0.0625781 0.0994583
8 0.446555 0.41676 0.0697031 0.0816875
8 0.0865625 0.60051 0.130844 0.0887708
8 0.624789 0.258135 0.0218906 0.0638542
8 0.342641 0.567292 0.101125 0.0966667
8 0.745492 0.431854 0.0892344 0.054875
8 0.0995469 0.344677 0.118656 0.138563
8 0.496383 0.482052 0.0592344 0.0594792
8 0.359102 0.372469 0.0759844 0.0927708
8 0.643102 0.138292 0.0424531 0.0645