8 0.251615 0.660516 0.0223125 0.0091875
8 0.469896 0.945836 0.142958 0.0528594
8 0.346552 0.736281 0.0338542 0.0140937
8 0.363042 0.75575 0.0332083 0.0134062
8 0.0289167 0.937102 0.05675 0.0361406
8 0.491667 0.574383 0.0115417 0.00617188
8 0.0295521 0.847633 0.0591042 0.0255781
8 0.0296562 0.819539 0.0593125 0.0266719
8 0.563729 0.722438 0.024625 0.0135937
8 0.40876 0.675844 0.0273542 0.0189687
8 0.54074 0.673586 0.0177708 0.0143594
8 0.193917 0.757523 0.0328333 0.0197031
8 0.637865 0.784422 0.0174375 0.0076875
8 0.299552 0.738461 0.0389792 0.0235781
8 0.299979 0.691414 0.034875 0.0141094
8 0.77699 0.780828 0.0276042 0.013875
8 0.292198 0.671664 0.0404792 0.0129844
8 0.129906 0.604664 0.0362292 0.0158906
8 0.826104 0.764836 0.03425 0.0132656
8 0.307833 0.806023 0.0300833 0.0217969
8 0.885635 0.902516 0.126104 0.047625
8 0.355177 0.701336 0.0827292 0.0230781
8 0.0401979 0.866023 0.0803958 0.0407656
8 0.0529479 0.653945 0.0270625 0.00739063
8 0.602552 0.639125 0.0454792 0.013125
8 0.415969 0.847258 0.0396875 0.0195156
8 0.226146 0.551219 0.0189583 0.0142187
8 0.143823 0.831984 0.0138958 0.0158125