14 0.366952 0.597289 0.0533772 0.0274844
14 0.591349 0.517734 0.0392325 0.0333437
14 0.300735 0.595266 0.0283553 0.02425
14 0.292467 0.467656 0.0703289 0.0195312
14 0.314232 0.505672 0.0637281 0.0279063
14 0.245471 0.528461 0.0917763 0.0615781
14 0.482599 0.514625 0.0426974 0.04875
14 0.559726 0.621016 0.0424781 0.0259062
14 0.615822 0.464406 0.0576096 0.044125
14 0.368443 0.499555 0.0675877 0.0128594
14 0.316776 0.417117 0.0338158 0.0245156
14 0.514792 0.613891 0.071864 0.0331562
14 0.698761 0.434109 0.0569079 0.0276563
14 0.315022 0.404047 0.0563158 0.031625
14 0.249254 0.515125 0.0921491 0.0271875
14 0.46364 0.362781 0.0262719 0.0107813
14 0.573651 0.46118 0.0319079 0.0503594
14 0.399956 0.574234 0.0226754 0.0110312
14 0.669342 0.479203 0.0472807 0.03
14 0.402445 0.431539 0.0464254 0.0405469
14 0.757675 0.451789 0.0533772 0.0294844
14 0.627961 0.364898 0.0505263 0.0314844
14 0.373289 0.579719 0.0388596 0.0487187
14 0.396129 0.469203 0.0374342 0.0271875
14 0.680384 0.525922 0.0300658 0.0238125
14 0.228728 0.474234 0.0280263 0.0607812
14 0.544967 0.544625 0.0478728 0.033875
14 0.554331 0.560531 0.0673026 0.0456562
14 0.306042 0.441258 0.0987061 0.0292969
14 0.44352 0.599727 0.0610746 0.0188906
14 0.188344 0.486664 0.0539693 0.0671406
14 0.456524 0.44107 0.0278728 0.0275781
14 0.547445 0.595141 0.0668202 0.0256875
14 0.728399 0.549164 0.0230263 0.0151406
14 0.44716 0.619984 0.0724342 0.0230937
14 0.448443 0.573953 0.0858772 0.0328125
14 0.594583 0.36493 0.0385088 0.0228281
14 0.391919 0.417484 0.0247588 0.0115
14 0.199529 0.541055 0.010943 0.0164219
14 0.392215 0.530734 0.0410526 0.0212812
14 0.672237 0.548578 0.0450439 0.0379375
14 0.420471 0.527359 0.0287939 0.0218125
14 0.237072 0.467883 0.0762061 0.0257344
14 0.436217 0.353187 0.0394956 0.0238125
14 0.535877 0.504891 0.0591228 0.04325
14 0.402061 0.363594 0.0175439 0.014875
14 0.716754 0.387477 0.0299561 0.0197031
14 0.349046 0.411531 0.0327851 0.0298438
14 0.446502 0.366266 0.0405044 0.0187812
14 0.32818 0.496156 0.0532456 0.0071875
14 0.346447 0.478945 0.0259211 0.0128281
14 0.5025 0.442 0.0745175 0.0220625
14 0.448871 0.504609 0.0405482 0.0199063
14 0.515811 0.451492 0.0532895 0.0164219
14 0.580143 0.376727 0.0310307 0.0152969
14 0.470022 0.471914 0.0391228 0.0238906
14 0.702379 0.422016 0.0339693 0.0119375
14 0.649265 0.518906 0.0402412 0.0289687
14 0.342116 0.482797 0.0273465 0.0076875
14 0.383421 0.430555 0.0441667 0.0282969
14 0.561086 0.355648 0.0595833 0.0351719
14 0.557029 0.51857 0.0367763 0.0245469
14 0.726963 0.583727 0.0482675 0.0320156
14 0.399737 0.479023 0.0410965 0.0128594
14 0.459386 0.558867 0.0921491 0.0423281
14 0.234024 0.561492 0.0213377 0.00901562
14 0.723662 0.459789 0.0451754 0.0191406
14 0.711634 0.590672 0.0320395 0.0284687
14 0.611272 0.393352 0.0596053 0.0437969
14 0.21057 0.44293 0.0508772 0.0131094
14 0.634507 0.579383 0.0180921 0.00673437
14 0.518871 0.472531 0.0374342 0.0174375
14 0.156217 0.477102 0.0776974 0.0452969
14 0.607116 0.488102 0.0527851 0.0254531
14 0.505658 0.580906 0.0281579 0.06025
14 0.580888 0.58543 0.0837939 0.0363594
14 0.413059 0.603305 0.0467763 0.0137344
14 0.329189 0.539867 0.0349123 0.0146094
14 0.323618 0.384164 0.0446491 0.0300469
14 0.626327 0.428914 0.0341886 0.0348906
14 0.650439 0.537828 0.0392544 0.0315625
14 0.249353 0.572547 0.0307237 0.0129375
14 0.611974 0.599828 0.0430263 0.0275313
14 0.321425 0.527695 0.0673246 0.0189844
14 0.54398 0.558734 0.0644518 0.0595313
14 0.437456 0.488922 0.0241228 0.0125
14 0.403531 0.371273 0.0386404 0.0249531
14 0.450154 0.524797 0.0313158 0.0110312
14 0.594057 0.457406 0.0157456 0.0079375
14 0.52943 0.342133 0.0272368 0.0168906
14 0.272314 0.547242 0.0151096 0.00667187
14 0.254934 0.429422 0.0258772 0.0194375
14 0.585603 0.411492 0.0712061 0.0522656
14 0.787346 0.419031 0.0778509 0.051625
14 0.502007 0.535445 0.0389693 0.0359219
14 0.649485 0.437125 0.0240132 0.019125
14 0.657445 0.423 0.025636 0.0123125
14 0.681425 0.373102 0.0666667 0.0254219
14 0.423454 0.453867 0.0341886 0.0428906
14 0.487061 0.590039 0.0161842 0.00770312
14 0.796075 0.445984 0.0447368 0.0285625
14 0.715932 0.611437 0.0707675 0.0175937
14 0.489287 0.458102 0.0302412 0.0117969
14 0.7 0.400352 0.0923684 0.0309844
14 0.739759 0.425625 0.0519737 0.0229687
14 0.364024 0.541508 0.0377851 0.0274531
14 0.574507 0.565719 0.0440132 0.0208438
14 0.587083 0.449953 0.0219737 0.0123125
14 0.460965 0.351703 0.0574561 0.0162813
14 0.321206 0.55557 0.0448246 0.00973437
14 0.624726 0.566062 0.0375658 0.0250937
14 0.350581 0.472148 0.0565132 0.0295156
14 0.603103 0.496008 0.0921711 0.0351406
14 0.471897 0.481258 0.71239 0.308891
37 0.213947 0.357133 0.271096 0.144016
37 0.0734211 0.787016 0.146842 0.200219