62 0.311134 0.24131 0.0685122 0.07438
62 0.571171 0.67602 0.056878 0.09888
62 0.647159 0.60018 0.0666098 0.09
62 0.639841 0.3522 0.0402683 0.07968
62 0.711207 0.48147 0.109 0.04998
62 0.537927 0.29123 0.111463 0.0809
62 0.33361 0.55805 0.101951 0.10194
62 0.761488 0.68762 0.105805 0.05152
62 0.715317 0.32798 0.0412195 0.03476
62 0.670037 0.31247 0.0723171 0.06538
62 0.314012 0.31686 0.065439 0.06752
62 0.544561 0.49923 0.13 0.05934
62 0.269988 0.56513 0.0362683 0.04258
62 0.241854 0.57102 0.097561 0.09436
62 0.38728 0.4647 0.108902 0.04388
62 0.471341 0.70839 0.116293 0.0637
62 0.625659 0.72546 0.0719024 0.104
62 0.739183 0.56488 0.0772439 0.08
62 0.323488 0.46244 0.0976585 0.08712
62 0.247549 0.42627 0.0803659 0.05414
62 0.290805 0.78911 0.135268 0.0745
62 0.268951 0.7183 0.121707 0.09736
62 0.29278 0.4779 0.111854 0.1064
62 0.731841 0.49484 0.043878 0.06112
62 0.379159 0.7429 0.0829024 0.0836
62 0.205256 0.45957 0.065878 0.08826
62 0.728256 0.76015 0.096561 0.0737
62 0.421 0.63624 0.0809756 0.09576
62 0.700354 0.39438 0.091878 0.07424
62 0.697305 0.71668 0.0920244 0.07592
62 0.340159 0.76054 0.0580732 0.05176
62 0.496841 0.40836 0.130366 0.08336
62 0.530159 0.70757 0.0612927 0.0423
62 0.401317 0.24206 0.111317 0.05128
62 0.623476 0.28725 0.0950488 0.0575
62 0.382098 0.65054 0.0752683 0.06932
62 0.586244 0.36791 0.078 0.0839
62 0.482451 0.57933 0.0834878 0.08102
62 0.563293 0.56217 0.106927 0.08282
62 0.516012 0.47429 0.127146 0.05298
62 0.376134 0.50852 0.0448049 0.04392
62 0.534817 0.27417 0.0758293 0.0529
62 0.215841 0.33946 0.0534878 0.0406
62 0.339671 0.6151 0.0580732 0.02348
62 0.594463 0.45143 0.0838537 0.0587
62 0.606854 0.63415 0.0639024 0.0977
62 0.404098 0.52843 0.0747317 0.08334
62 0.52922 0.69133 0.0578537 0.0441
62 0.665268 0.65757 0.0594146 0.07462
62 0.200366 0.36052 0.0652195 0.0214
62 0.60061 0.41457 0.101317 0.04694
62 0.372073 0.38493 0.124195 0.0709
62 0.500573 0.36375 0.0904146 0.04474
62 0.602927 0.23846 0.0687317 0.07448
62 0.232098 0.71201 0.102537 0.06766
62 0.511207 0.76892 0.0822683 0.06216
62 0.289951 0.6441 0.129512 0.0764
62 0.269512 0.32705 0.0916098 0.06538
62 0.22411 0.26512 0.0734878 0.06308
14 0.464793 0.23804 0.0210976 0.01368
14 0.414793 0.71705 0.0522195 0.04334
14 0.593317 0.74949 0.0219024 0.03334
14 0.771268 0.43459 0.0350732 0.02118
14 0.721915 0.31057 0.0206585 0.01602
14 0.725378 0.4373 0.0367073 0.02116
14 0.337841 0.3718 0.0493902 0.01744
14 0.573841 0.76237 0.0447073 0.03898
14 0.673829 0.43744 0.0456585 0.02924
14 0.459902 0.452 0.0337073 0.02764
14 0.159451 0.47013 0.0309512 0.03358
14 0.351439 0.3282 0.0427805 0.028
14 0.377122 0.34992 0.0297073 0.02076
14 0.491134 0.39078 0.0412927 0.01828
14 0.411354 0.29613 0.0369512 0.02986
14 0.33128 0.69115 0.0293902 0.02538
14 0.309756 0.41335 0.0440976 0.01698
14 0.762122 0.47513 0.042878 0.04054
14 0.213171 0.30512 0.0405854 0.0354
14 0.420183 0.75728 0.0303171 0.02936
14 0.736866 0.45569 0.0309512 0.02154
14 0.18461 0.32358 0.0331707 0.04796
14 0.511439 0.33605 0.0512195 0.02778
14 0.536878 0.65911 0.0556585 0.0459
14 0.379171 0.5716 0.0408293 0.0182
14 0.234622 0.50896 0.0348049 0.02068
14 0.344098 0.67077 0.0203415 0.01642
14 0.703537 0.2619 0.0377561 0.02592
14 0.512488 0.62641 0.0290732 0.02718
14 0.450415 0.72041 0.0309268 0.0243
14 0.294854 0.59564 0.0265854 0.02308
14 0.460268 0.75115 0.0303415 0.04026
14 0.199244 0.40265 0.0333171 0.03506
14 0.161939 0.27025 0.0222195 0.03118
14 0.266585 0.24012 0.0425366 0.02036
14 0.370024 0.29873 0.0526829 0.02306
14 0.482195 0.72474 0.0381463 0.03256
14 0.493598 0.6691 0.0453415 0.0336
14 0.387463 0.4286 0.0301463 0.0186
14 0.791024 0.49307 0.0381463 0.03538
14 0.636 0.54 0.0421951 0.02872
14 0.534171 0.61586 0.0272683 0.02636
14 0.444098 0.23268 0.0239512 0.02388
14 0.217622 0.5282 0.0559756 0.041
14 0.487768 0.44749 0.021878 0.0195
14 0.178793 0.26664 0.0256829 0.03356
14 0.433756 0.59262 0.0440976 0.02564
14 0.689207 0.27542 0.0390976 0.02724
14 0.554146 0.23796 0.036 0.0266
14 0.188 0.31528 0.0243902 0.01928
14 0.480354 0.24973 0.0364634 0.02222
14 0.211549 0.21933 0.0373415 0.02786
14 0.421122 0.57262 0.0465366 0.01104
14 0.704 0.45036 0.0375122 0.0204