59 0.17019 0.643907 0.12274 0.10168
59 0.22944 0.375507 0.05332 0.17128
59 0.34173 0.604547 0.05398 0.0985333
59 0.57029 0.238627 0.09578 0.111173
59 0.10592 0.289133 0.07468 0.13496
59 0.74931 0.256213 0.04446 0.0966933
59 0.42506 0.63212 0.069 0.135173
59 0.53989 0.113267 0.13594 0.0938933
59 0.7446 0.403333 0.0946 0.144107
59 0.68436 0.478027 0.07 0.0995733
59 0.82648 0.50876 0.13404 0.16968
59 0.38551 0.561627 0.06018 0.0717867
59 0.30055 0.582667 0.05862 0.0814933
59 0.38076 0.611053 0.05136 0.0849867
59 0.62937 0.05604 0.04794 0.0794933
59 0.5217 0.24956 0.07268 0.08792
59 0.2762 0.378493 0.08752 0.13128
59 0.35304 0.45252 0.14528 0.19256
59 0.7819 0.347693 0.10312 0.127547
59 0.82429 0.38692 0.04966 0.142053
59 0.25446 0.271267 0.07212 0.08408
59 0.70753 0.188093 0.0625 0.05928
59 0.20224 0.807013 0.05768 0.09472
59 0.58052 0.345213 0.1154 0.134747
59 0.26103 0.19244 0.09422 0.0652533
43 0.13699 0.38532 0.09538 0.102693
43 0.55375 0.177707 0.08474 0.0610667
43 0.6923 0.270253 0.07492 0.0588533
43 0.11774 0.6034 0.02828 0.0428533
43 0.10495 0.513573 0.03058 0.0530667
43 0.66983 0.250413 0.08146 0.0473867
43 0.60197 0.493813 0.03362 0.07232
43 0.26132 0.5118 0.06052 0.0486133
43 0.17202 0.3208 0.06944 0.0482133
43 0.60002 0.0762 0.03548 0.06328
43 0.6507 0.598067 0.0402 0.0433333
43 0.6476 0.53056 0.04068 0.05792
43 0.33161 0.646853 0.03518 0.0536
43 0.69881 0.22252 0.04654 0.0394933
43 0.32643 0.545387 0.03462 0.0492267
43 0.6395 0.451053 0.0312 0.08664
43 0.17815 0.209053 0.05094 0.0876
43 0.61968 0.466307 0.02368 0.0482933
43 0.13709 0.479413 0.01314 0.01008
43 0.16445 0.439707 0.0575 0.08224
43 0.49361 0.158547 0.04638 0.0206667
43 0.4943 0.172853 0.03556 0.0248
43 0.24862 0.46032 0.09404 0.06384
43 0.58356 0.45208 0.05092 0.0477333
43 0.62835 0.1068 0.03386 0.06896
43 0.15886 0.492507 0.07616 0.0583467
43 0.17571 0.715547 0.04078 0.05776