11 0.567164 0.373044 0.109672 0.170539
11 0.575109 0.578981 0.0876563 0.174637
11 0.714961 0.205433 0.0842969 0.126838
11 0.460539 0.826475 0.119578 0.257026
11 0.938805 0.474063 0.0725469 0.105738
11 0.708969 0.905913 0.105156 0.10363
11 0.343453 0.172436 0.117562 0.104169
11 0.617188 0.869684 0.101531 0.154731
11 0.896961 0.76404 0.100703 0.173185
11 0.816 0.470105 0.107969 0.185691
11 0.599852 0.113806 0.0922969 0.139883
11 0.778445 0.31589 0.134703 0.199321
11 0.433164 0.330047 0.108234 0.123513
11 0.930586 0.35692 0.125859 0.170703
11 0.342102 0.522775 0.0719219 0.0923888
11 0.720219 0.552564 0.1025 0.116276
11 0.679008 0.75781 0.0836406 0.115855
11 0.729695 0.0974356 0.0751719 0.0895316
11 0.316883 0.767834 0.147234 0.208033
11 0.366852 0.275 0.0479531 0.0393208
11 0.835023 0.642752 0.114484 0.0978689