14 0.357945 0.687083 0.111734 0.218917
14 0.383227 0.823406 0.0977344 0.0712708
34 0.376031 0.195823 0.0263437 0.0289792
34 0.386797 0.171562 0.0154687 0.0240833
34 0.448187 0.202115 0.0392813 0.0473542
34 0.547453 0.192979 0.0287187 0.0247083
34 0.497727 0.365677 0.0562656 0.0828958
34 0.43907 0.339625 0.0376094 0.0763333
34 0.400758 0.16951 0.0280156 0.0331875
34 0.294219 0.182948 0.0205313 0.0374792
34 0.584586 0.274333 0.0205469 0.0359167
34 0.485633 0.160115 0.0343281 0.0408958
34 0.419789 0.140437 0.0307656 0.0314167
34 0.460656 0.178646 0.0156875 0.0192083
34 0.376484 0.156979 0.0292812 0.0210833
34 0.563461 0.263958 0.0221719 0.0210833
34 0.521836 0.281073 0.0209844 0.0323542
34 0.418594 0.264115 0.028625 0.0316042
34 0.428172 0.227104 0.0386562 0.0371667
34 0.48393 0.194302 0.0381094 0.0329792
34 0.415961 0.248646 0.0243594 0.0233333
34 0.465281 0.162104 0.0202813 0.020375
11 0.60775 0.43375 0.126375 0.186125
11 0.26207 0.777563 0.201078 0.273958
11 0.499742 0.827604 0.176141 0.228125
11 0.136313 0.657135 0.0739062 0.101187
11 0.174391 0.541646 0.127875 0.179375
11 0.508852 0.600698 0.274016 0.370396
11 0.266437 0.594479 0.1005 0.13
11 0.597008 0.701406 0.128078 0.151021
11 0.204664 0.646656 0.0672656 0.114354
11 0.302641 0.427219 0.109094 0.117938
11 0.653773 0.81625 0.158297 0.18375
11 0.349031 0.568229 0.0711563 0.155958
11 0.387531 0.475115 0.0625313 0.109896