52 0.74039 0.770398 0.08454 0.115352
52 0.6562 0.768456 0.0906 0.078318
52 0.8257 0.815306 0.10092 0.0684098
11 0.08448 0.593563 0.08628 0.107431
11 0.92162 0.777859 0.101 0.129725
11 0.57091 0.706529 0.08218 0.122783
11 0.21912 0.752187 0.1104 0.163884
11 0.10967 0.780979 0.13202 0.12422
11 0.30789 0.756713 0.0899 0.114832
11 0.94197 0.711361 0.02666 0.0460245
11 0.35476 0.488761 0.07476 0.0907339
11 0.19443 0.51211 0.04022 0.0455657
11 0.15569 0.562554 0.07198 0.135688
11 0.42366 0.733517 0.08308 0.101774
11 0.87676 0.586728 0.06924 0.0659327
11 0.27171 0.520505 0.10738 0.123578
11 0.45529 0.570872 0.09046 0.140703
11 0.56433 0.575076 0.06482 0.086789
11 0.61512 0.53263 0.08712 0.0747401