11 0.314766 0.383635 0.0761563 0.116494
11 0.277797 0.488518 0.0638438 0.0912941
11 0.689969 0.590576 0.0972187 0.169435
11 0.4455 0.236847 0.04975 0.0864
11 0.172266 0.847071 0.0661875 0.111788
11 0.683711 0.441506 0.0424531 0.0810353
11 0.446109 0.672282 0.0631875 0.165082
11 0.439461 0.979318 0.0515781 0.0413647
11 0.158422 0.578282 0.109344 0.138212
11 0.0379375 0.670224 0.075875 0.187835
11 0.0879453 0.933388 0.0987656 0.12
11 0.118336 0.449718 0.0837031 0.0490353
11 0.55825 0.713329 0.0807187 0.126141