59 0.115625 0.597055 0.0956667 0.0669531
59 0.190792 0.701125 0.0934583 0.0789375
59 0.607844 0.819859 0.119313 0.0851875
59 0.416365 0.404953 0.0767708 0.037875
59 0.178865 0.474984 0.0818542 0.0512813
59 0.649365 0.498375 0.0858542 0.0631875
43 0.539802 0.859898 0.138021 0.0711719
43 0.820156 0.679492 0.137479 0.0282969
43 0.628375 0.637344 0.0256667 0.0246875
43 0.556802 0.477039 0.0848125 0.0509844
43 0.243573 0.597906 0.0689375 0.0275
43 0.233146 0.745938 0.0143333 0.0163125
43 0.447531 0.531055 0.0229375 0.0173594
43 0.522198 0.414664 0.0233542 0.0164219
43 0.546531 0.541359 0.0571875 0.027375
43 0.349365 0.635227 0.0303958 0.0200781
43 0.285625 0.809531 0.148542 0.114656
43 0.305521 0.407797 0.0267917 0.019875
43 0.623594 0.464078 0.0278958 0.0181875
43 0.613156 0.522602 0.0146042 0.0129844
43 0.131792 0.514484 0.0194583 0.0145937
43 0.534312 0.599688 0.0262917 0.0153437
43 0.367531 0.408656 0.0261042 0.013625
43 0.508896 0.543695 0.0304583 0.0219219
43 0.474521 0.393078 0.04 0.0232187
43 0.858135 0.58093 0.179271 0.0887031
43 0.218187 0.575125 0.0319167 0.0247188
43 0.152302 0.727625 0.165771 0.0694375
43 0.0908333 0.505398 0.025875 0.0117344
43 0.324594 0.800461 0.0278125 0.0128594
43 0.551135 0.445086 0.0266875 0.0275156
43 0.493708 0.591117 0.0157917 0.0132031
43 0.753156 0.728141 0.0256875 0.0169063
43 0.666052 0.438289 0.0207292 0.0106719
43 0.693521 0.570008 0.0242917 0.0147969
43 0.746125 0.555508 0.013875 0.0156094
43 0.599146 0.511336 0.0155417 0.0128594
43 0.684802 0.534336 0.0210625 0.0117344
43 0.397062 0.447078 0.0659167 0.0470938
43 0.397583 0.366758 0.0572917 0.0268281
43 0.45426 0.705383 0.0359792 0.0158906