6 0.848493 0.487703 0.303014 0.111312
6 0.568376 0.385016 0.365724 0.0804062
6 0.519404 0.33932 0.324182 0.117609
6 0.608528 0.74525 0.740514 0.169531
6 0.317453 0.33782 0.374533 0.214953
6 0.293738 0.558547 0.451168 0.314344
6 0.593808 0.636789 0.774299 0.180609
6 0.602944 0.381906 0.503037 0.0990938
6 0.249755 0.198211 0.273995 0.271203
6 0.215129 0.945156 0.10236 0.109688
6 0.91028 0.73107 0.107477 0.0592656
6 0.0955841 0.56968 0.184393 0.312016
6 0.742091 0.528195 0.369463 0.0757344
6 0.098785 0.95368 0.128458 0.0825469
6 0.161343 0.374484 0.0796495 0.103344
6 0.131857 0.301875 0.263715 0.26025
6 0.520514 0.558711 0.681449 0.300078
6 0.782932 0.691469 0.24507 0.0869062
6 0.362091 0.921711 0.292967 0.149734
6 0.830748 0.955211 0.317196 0.0837656
6 0.804322 0.457742 0.226589 0.0998594
6 0.0540304 0.17118 0.0970794 0.191641
6 0.635058 0.830773 0.729883 0.236922
6 0.535759 0.277922 0.350537 0.230531
6 0.310654 0.274352 0.184393 0.0825469
6 0.0347079 0.967992 0.0573598 0.0560781
6 0.486145 0.897836 0.513084 0.194234