14 0.515352 0.342291 0.0532969 0.0416527
14 0.220562 0.486569 0.0383437 0.0351464
14 0.277938 0.224571 0.0095625 0.0242469
14 0.435078 0.697699 0.0935312 0.10272
14 0.531687 0.288734 0.01075 0.011318
14 0.308156 0.243316 0.0294375 0.0482218
14 0.0118672 0.281056 0.0237344 0.0356276
14 0.793641 0.579498 0.0431563 0.0320084
14 0.819063 0.554948 0.05025 0.0275523
14 0.770219 0.542552 0.0496562 0.0525105
14 0.293797 0.234623 0.0340312 0.0605439
14 0.432094 0.723912 0.0289063 0.0317992
14 0.165891 0.450868 0.0505938 0.0807322