11 0.292133 0.613676 0.0935781 0.0733479
11 0.315531 0.689464 0.0585 0.117265
11 0.277695 0.671302 0.0599844 0.0637856
11 0.514336 0.780766 0.0645781 0.113917
11 0.362687 0.765416 0.0932187 0.1107
11 0.37518 0.587199 0.0503281 0.0777681
11 0.284641 0.771991 0.0765625 0.120175
11 0.460852 0.783731 0.107328 0.170613
11 0.327789 0.846532 0.0638281 0.0972648
11 0.471898 0.657538 0.0771719 0.0720131
11 0.342242 0.572735 0.0601094 0.0691028
11 0.412961 0.607243 0.0346406 0.0408315
11 0.480883 0.702932 0.0301719 0.0517724
11 0.379313 0.686225 0.0614062 0.0806783
48 0.559531 0.173359 0.152594 0.267287