11 0.53099 0.278947 0.15762 0.151973
11 0.88531 0.58568 0.16442 0.184213
11 0.9165 0.270693 0.13268 0.09488
11 0.81666 0.69604 0.06652 0.128827
11 0.63509 0.0920133 0.18602 0.0830667
11 0.37916 0.305627 0.19936 0.141707
11 0.96226 0.665693 0.07548 0.175973
11 0.41447 0.19016 0.14354 0.15808
11 0.22768 0.4078 0.10096 0.08232
11 0.69321 0.5222 0.2197 0.25256
11 0.32151 0.60332 0.16094 0.17544
11 0.69415 0.683333 0.1775 0.167733
11 0.83812 0.14356 0.12912 0.0910667
11 0.70109 0.3318 0.15466 0.06776
11 0.40993 0.41504 0.15258 0.168107
11 0.69235 0.395067 0.0771 0.07968
11 0.94837 0.462093 0.10326 0.195547
11 0.68226 0.192213 0.18964 0.156693
11 0.56937 0.16668 0.11342 0.0871733
11 0.83451 0.21268 0.1227 0.110053
11 0.45855 0.510973 0.0651 0.0812
11 0.49071 0.442 0.06086 0.210133
11 0.77281 0.0777333 0.15038 0.13216
11 0.86331 0.447627 0.07282 0.08
11 0.89259 0.110253 0.10154 0.0830667