0 0.808361 0.137016 0.091897 0.03625
0 0.774895 0.170469 0.0851054 0.0583125
0 0.730609 0.222633 0.088993 0.0505469
0 0.826276 0.215547 0.104309 0.0400313
0 0.636311 0.243398 0.09 0.0243594
0 0.734895 0.151539 0.058829 0.0553906
0 0.643489 0.217852 0.0922717 0.0357969
0 0.702272 0.196328 0.0719906 0.0477812
0 0.594953 0.190305 0.0800703 0.0477344
0 0.905468 0.191867 0.0912178 0.0464531
0 0.821347 0.181711 0.0969789 0.0460469
0 0.716674 0.250188 0.0800468 0.0123125
0 0.682787 0.242422 0.0223419 0.0207813
0 0.900703 0.154023 0.105386 0.0366719
0 0.571183 0.228242 0.0599297 0.0437969
0 0.647998 0.185859 0.0563232 0.0385313
0 0.680059 0.158859 0.0766042 0.0493437
0 0.788642 0.235234 0.0669789 0.029
1 0.293033 0.0660547 0.205082 0.0702656
1 0.0743677 0.221445 0.14377 0.121578
1 0.070281 0.146328 0.137939 0.124562
1 0.363431 0.126547 0.168314 0.0904375
1 0.187986 0.157906 0.24178 0.136844
1 0.306534 0.0179609 0.171335 0.0319219
1 0.141815 0.0477266 0.195527 0.0954531