11 0.479227 0.423087 0.153672 0.169894
11 0.520867 0.549175 0.0913906 0.0979281
11 0.593547 0.398171 0.120469 0.165307
11 0.554023 0.773594 0.0591719 0.0774207
11 0.436062 0.723499 0.0665625 0.076723
11 0.584859 0.740687 0.0441875 0.0704228
11 0.584688 0.654841 0.0934375 0.126765
11 0.495563 0.784715 0.0682813 0.114038
11 0.621547 0.552178 0.116813 0.147949
11 0.49407 0.661924 0.117641 0.164863
11 0.57357 0.50907 0.0462656 0.0819873
11 0.416398 0.55352 0.131922 0.128478
34 0.197328 0.491522 0.0045625 0.00630021
34 0.2155 0.469376 0.0124688 0.0138901
34 0.184305 0.528573 0.0115469 0.0127061
34 0.189195 0.57777 0.00898437 0.0147357
34 0.266258 0.740053 0.0237031 0.01537
34 0.176086 0.448689 0.00667187 0.00849894
34 0.2425 0.552505 0.020375 0.0190063
34 0.256109 0.560148 0.0130312 0.0183932
34 0.324945 0.588076 0.0202969 0.0207611
34 0.215703 0.463383 0.00909375 0.00820296
34 0.275602 0.640137 0.00564062 0.0181184
34 0.303094 0.548298 0.010125 0.0194292
34 0.281547 0.509989 0.0135625 0.0161311
34 0.288391 0.563858 0.005625 0.0155391
34 0.294469 0.546702 0.0111562 0.00926004
34 0.287516 0.680296 0.00821875 0.0166596
34 0.237852 0.524165 0.00601563 0.0118393
34 0.246586 0.544017 0.00945312 0.0120507
52 0.26743 0.429873 0.177641 0.170529
52 0.295078 0.692484 0.130906 0.140951
52 0.138898 0.403171 0.105359 0.105455
52 0.375297 0.648721 0.0419062 0.101036
52 0.336625 0.485137 0.0575312 0.0671882
52 0.29225 0.752357 0.151531 0.127167
52 0.314422 0.574228 0.110563 0.163848
52 0.165102 0.483203 0.137141 0.154524
52 0.0797109 0.490264 0.0567031 0.158879
52 0.195016 0.652019 0.168469 0.171776