10 0.547477 0.791408 0.0631406 0.0633333
10 0.61025 0.825035 0.0647812 0.0943427
10 0.76982 0.789812 0.0398594 0.0412207
10 0.508461 0.806995 0.0470781 0.0623005
10 0.367828 0.746901 0.0602812 0.0568075
10 0.692773 0.742312 0.0651719 0.0872066
10 0.669195 0.815857 0.0405781 0.074061
10 0.557469 0.843415 0.0664687 0.0671596
10 0.486492 0.774143 0.0406094 0.0614319
10 0.638516 0.805869 0.0282813 0.0653991
10 0.53307 0.729847 0.0609219 0.100023
10 0.746594 0.764319 0.0311875 0.0653991
10 0.495125 0.831538 0.0585938 0.0350939
10 0.570563 0.744824 0.02375 0.0337793
10 0.72832 0.761643 0.0243594 0.0397653
10 0.733992 0.726772 0.0251094 0.0246714
10 0.607305 0.75743 0.0427969 0.038615
10 0.710133 0.818521 0.0664219 0.081784
10 0.447289 0.78615 0.0313906 0.0365728
6 0.85393 0.575106 0.274047 0.34162
1 0.240734 0.815892 0.364 0.211878
1 0.670687 0.701984 0.109563 0.109742
1 0.529023 0.640505 0.0969531 0.144812
1 0.61582 0.483192 0.219078 0.261408
1 0.727062 0.660552 0.127125 0.124718
1 0.416336 0.604589 0.0507969 0.109225
1 0.605102 0.682453 0.0910781 0.154437
1 0.389828 0.698779 0.0786563 0.153052
1 0.66543 0.633685 0.119828 0.134554
1 0.475969 0.573357 0.129094 0.207653
1 0.426711 0.504671 0.0552656 0.0680751
1 0.0139141 0.702793 0.0278281 0.105681
1 0.380891 0.57534 0.043 0.0921362