62 0.357391 0.369908 0.0195 0.123303
62 0.232359 0.589954 0.0374375 0.22578
62 0.263531 0.461147 0.022875 0.152385
62 0.480938 0.121651 0.0184062 0.100734
62 0.466 0.653624 0.01975 0.140459
62 0.368734 0.765826 0.0239688 0.140275
62 0.40143 0.84367 0.0236094 0.141468
62 0.238273 0.385275 0.0290156 0.154771
62 0.380648 0.212248 0.0185469 0.0934862
62 0.257281 0.413073 0.0169063 0.178624
62 0.236266 0.202569 0.0299687 0.136697
62 0.392727 0.558853 0.0184844 0.106514
62 0.258 0.0892202 0.0266562 0.111284
62 0.266883 0.338486 0.0189844 0.134587
62 0.449695 0.602798 0.0226094 0.107431
62 0.223148 0.276514 0.0300781 0.150275
62 0.210531 0.329266 0.0325937 0.191009
62 0.480914 0.0530734 0.0120469 0.0421101
62 0.114125 0.28844 0.0787188 0.0974312
62 0.230602 0.0987615 0.0281406 0.130734
62 0.36518 0.317982 0.0125469 0.0618349
62 0.467414 0.910092 0.0196719 0.118165
62 0.293172 0.830963 0.0374375 0.228899
62 0.438453 0.792385 0.0219375 0.129725
62 0.276039 0.639862 0.0314219 0.170734
62 0.452664 0.71055 0.0214844 0.11578
62 0.282352 0.325963 0.0214219 0.165505
62 0.472867 0.220229 0.0210781 0.116606
62 0.304258 0.194725 0.0249219 0.0615596
62 0.413594 0.303028 0.0205625 0.120917
62 0.269062 0.934358 0.0375 0.0687156
62 0.442188 0.170505 0.0165937 0.0975229
62 0.275539 0.0611927 0.0166406 0.0594495
62 0.215578 0.658991 0.0215 0.190826
62 0.429047 0.579358 0.0212188 0.115413
62 0.584055 0.646376 0.0162969 0.0441284
62 0.207586 0.189128 0.0198281 0.103028
62 0.393047 0.691376 0.0143125 0.0941284
62 0.417844 0.645 0.021 0.107431
62 0.450711 0.431743 0.0196094 0.118532
62 0.461133 0.403257 0.0162031 0.12633
62 0.38757 0.443028 0.0187031 0.137982
62 0.44507 0.43711 0.0214844 0.112752
62 0.112422 0.319037 0.078375 0.11
62 0.216438 0.0822936 0.0270625 0.101101
62 0.493547 0.261284 0.00740625 0.0677064
62 0.436914 0.312064 0.0207344 0.125963
62 0.289961 0.14 0.0189531 0.126422
62 0.273469 0.151101 0.0293125 0.161835
62 0.455664 0.061055 0.0177656 0.0591743
62 0.458664 0.143119 0.0166719 0.0618349
62 0.365453 0.132661 0.020375 0.11578
62 0.480578 0.371468 0.00790625 0.0625688
62 0.252875 0.401972 0.0161563 0.170734
62 0.254164 0.581606 0.0139844 0.160826
62 0.365797 0.494083 0.0189375 0.0951376
62 0.249078 0.777982 0.0387813 0.213211
62 0.232797 0.491972 0.0353125 0.12156
42 0.488016 0.329174 0.0191562 0.0946789
42 0.436633 0.10289 0.0182031 0.120826
42 0.468414 0.343716 0.0129531 0.0986239
42 0.486492 0.669174 0.0212344 0.108991
42 0.190195 0.426606 0.0336094 0.150275
42 0.180039 0.259495 0.0182656 0.160826
42 0.378758 0.309266 0.0213281 0.174312
42 0.440672 0.491514 0.0235938 0.124312
42 0.482555 0.550642 0.0205781 0.0946789
42 0.192039 0.658211 0.0240781 0.147431
42 0.896703 0.465321 0.0239375 0.137431
42 0.35618 0.637615 0.0257969 0.147339
42 0.182031 0.310367 0.0184375 0.17156
42 0.458734 0.812798 0.02275 0.114037
42 0.418133 0.0837615 0.0258281 0.105138
42 0.400938 0.187248 0.0214062 0.128991
42 0.193805 0.502202 0.0313281 0.164771
42 0.195656 0.24078 0.0164687 0.176239
42 0.479586 0.465275 0.0223906 0.141927
42 0.429312 0.274358 0.0144375 0.0810092
42 0.372547 0.43445 0.0174063 0.10945
42 0.107633 0.217936 0.0131719 0.057156
42 0.181344 0.147982 0.02025 0.0891743
42 0.418438 0.0709174 0.0153437 0.0811009
42 0.409219 0.605459 0.0215625 0.107064
42 0.420266 0.520275 0.0219688 0.138716
8 0.314719 0.423532 0.031125 0.281927
8 0.487094 0.756101 0.0205625 0.0892661
8 0.457883 0.512752 0.0135156 0.0836697
8 0.429531 0.224174 0.0311875 0.037156
8 0.404563 0.504495 0.0173125 0.117248
8 0.299031 0.336743 0.019125 0.185963
8 0.277477 0.474037 0.0319219 0.193394
8 0.316258 0.232431 0.0312656 0.0995413
8 0.599773 0.271101 0.0122344 0.0122936
8 0.378367 0.0668349 0.0159844 0.0707339
8 0.450797 0.325229 0.0104063 0.0972477
8 0.421359 0.437156 0.0211875 0.0766972
8 0.435656 0.660826 0.0143125 0.122202
8 0.632414 0.592523 0.0132969 0.0698165
8 0.271258 0.85711 0.0270469 0.220642
8 0.447977 0.921697 0.0178906 0.0936697
8 0.754281 0.300183 0.0253437 0.0675229
8 0.320773 0.876743 0.0161094 0.183394
8 0.740633 0.461697 0.0266719 0.0657798
8 0.945344 0.166881 0.0139063 0.0941284
8 0.427391 0.158761 0.012875 0.056789
8 0.0564297 0.215872 0.0396406 0.222936
8 0.744367 0.144174 0.0103906 0.138257
8 0.583047 0.359037 0.00946875 0.0443119
8 0.294484 0.697706 0.0149062 0.156147
8 0.298258 0.488486 0.0254844 0.163578
8 0.367563 0.214771 0.0136875 0.105872
8 0.452641 0.248211 0.0161563 0.0720183
8 0.485828 0.266514 0.0144687 0.0513761
8 0.916297 0.751927 0.0334375 0.119266
8 0.418969 0.711606 0.0217812 0.12578
8 0.309117 0.581193 0.0306719 0.120367
8 0.56232 0.647248 0.00723437 0.0251376
8 0.928273 0.195596 0.0234844 0.0970642
8 0.36682 0.655642 0.0209219 0.10578
8 0.862625 0.214266 0.0252188 0.212385