11 0.256992 0.544412 0.192797 0.294988
11 0.276727 0.376541 0.107109 0.127435
11 0.397687 0.342294 0.0925938 0.0788
11 0.30968 0.429388 0.0489531 0.0624
11 0.405859 0.300506 0.222938 0.147694
11 0.346266 0.215929 0.06525 0.0542118
11 0.492867 0.175059 0.136422 0.1776
11 0.273 0.309494 0.0545312 0.0496706
52 0.416883 0.441976 0.133859 0.134118
52 0.643258 0.524588 0.106109 0.147294
52 0.631328 0.663224 0.173594 0.158306
52 0.518289 0.676718 0.125828 0.146659
52 0.399695 0.618812 0.137266 0.267835
52 0.526836 0.516012 0.0876094 0.215365
52 0.466664 0.578588 0.0417656 0.157741