44 0.395836 0.960903 0.0605781 0.0781944
44 0.0229922 0.0918889 0.0459844 0.0825556
44 0.403758 0.900222 0.0639531 0.104222
44 0.298961 0.395514 0.0510469 0.0861389
44 0.343406 0.258375 0.0464062 0.0320833
44 0.497898 0.930167 0.0615781 0.107722
44 0.980391 0.773069 0.0384062 0.113583
44 0.359758 0.937181 0.0394219 0.12325
44 0.533648 0.151972 0.0451406 0.0669444
44 0.149953 0.297889 0.0419062 0.0645556
44 0.336695 0.528458 0.0372031 0.0440833
44 0.40657 0.594347 0.0561094 0.0989722
44 0.198102 0.628208 0.0535156 0.0374167
44 0.615258 0.170069 0.0318281 0.05025
44 0.0435 0.229111 0.0564375 0.0875556
44 0.255391 0.622306 0.0607812 0.0705556
44 0.447539 0.928583 0.0503281 0.0761667
44 0.691305 0.171972 0.0392344 0.0487222
44 0.566734 0.239417 0.0494062 0.0528889
44 0.174172 0.406806 0.0529375 0.096
44 0.2195 0.235819 0.0311875 0.0399167
44 0.679172 0.865181 0.0663125 0.131861
44 0.0827813 0.128306 0.0534063 0.0832222
44 0.0334844 0.564861 0.06275 0.104722
44 0.287664 0.173611 0.0476406 0.0829444
44 0.478008 0.187056 0.0571094 0.0812778
44 0.237961 0.248347 0.0525781 0.0523056
44 0.187617 0.228222 0.0384219 0.0749444
44 0.383859 0.171611 0.0430938 0.0978333
44 0.80443 0.979194 0.0692031 0.0416111
44 0.216781 0.452958 0.053625 0.0924722
44 0.741094 0.932778 0.0799688 0.127389
44 0.453742 0.844611 0.0664844 0.117944
44 0.130484 0.443597 0.0565312 0.0789722
44 0.857133 0.965889 0.0692969 0.0682222
44 0.755844 0.146264 0.0373437 0.0519722
44 0.151523 0.223153 0.0446406 0.0853056
44 0.345164 0.572361 0.0535781 0.0955
44 0.795719 0.228319 0.0387813 0.0440833
44 0.293664 0.539153 0.0534844 0.0969167
44 0.293648 0.465431 0.0563906 0.0856389
44 0.238836 0.179236 0.0465781 0.0835833
44 0.888602 0.805569 0.0631719 0.09975
44 0.763195 0.241208 0.0366406 0.0848611
44 0.0809062 0.402458 0.0589063 0.0956944
44 0.698617 0.0251667 0.0432969 0.0487778
44 0.570672 0.806403 0.0250937 0.0584722
44 0.865969 0.258333 0.0394062 0.0553333
44 0.524602 0.992431 0.0375469 0.0134722
44 0.247734 0.411625 0.051875 0.0971944
44 0.529969 0.0273056 0.0475938 0.0520556
44 0.0310078 0.466333 0.0595781 0.101278
44 0.849344 0.886556 0.0691875 0.119389
44 0.504656 0.473847 0.0633125 0.118972
44 0.716148 0.528611 0.0550469 0.0843333
44 0.660516 0.524139 0.0616563 0.105056
44 0.198602 0.191319 0.0416719 0.0713056
44 0.986273 0.452181 0.0266719 0.0435278
44 0.698688 0.968431 0.0763438 0.0631389
44 0.161437 0.07925 0.0464375 0.0748889
44 0.607852 0.751875 0.0767031 0.115361
44 0.669148 0.0620556 0.0334531 0.0261667
44 0.300727 0.110056 0.0462969 0.0784444
44 0.279078 0.243361 0.04875 0.0622778
44 0.373633 0.467014 0.0184531 0.0503611
44 0.470406 0.25625 0.0619375 0.0492778
44 0.712602 0.0591667 0.0318281 0.0402778
44 0.365211 0.869403 0.0248594 0.0610833
44 0.970742 0.955264 0.0585156 0.0894722
44 0.607531 0.535 0.0611563 0.104889
44 0.645633 0.380736 0.0486094 0.0780278
44 0.788281 0.279208 0.0485938 0.0336389
44 0.385383 0.529 0.0572656 0.0996111
44 0.485625 0.0224444 0.0439688 0.0448889
44 0.613687 0.852569 0.0757188 0.118472
44 0.534008 0.014875 0.0421094 0.02975
44 0.727289 0.216667 0.0397031 0.0663889
44 0.243898 0.111708 0.0460156 0.0756389
44 0.142937 0.591375 0.0614688 0.0900278
44 0.664609 0.0219167 0.0323125 0.0438333
44 0.970187 0.788264 0.0457188 0.0861389
44 0.549328 0.387417 0.0613437 0.109056
44 0.197953 0.582806 0.0576875 0.088
44 0.383773 0.105639 0.0521719 0.0693333
44 0.415125 0.246903 0.0485625 0.0590833
44 0.199422 0.122278 0.0470625 0.0798889
44 0.91832 0.958542 0.0775781 0.0829167
44 0.676453 0.582333 0.064375 0.0648889
44 0.130625 0.119861 0.0576562 0.0859444
44 0.649984 0.239153 0.0400313 0.0439167
44 0.424109 0.155819 0.049625 0.0725833
44 0.56875 0.0494444 0.0407813 0.0212222
44 0.798555 0.909292 0.0684531 0.111861
44 0.0560937 0.052625 0.05025 0.0870833
44 0.761891 0.583069 0.02625 0.0343611
44 0.174227 0.251667 0.0549531 0.0443333
44 0.0790781 0.492083 0.0569687 0.103167
44 0.936477 0.367125 0.0328906 0.0506944
44 0.785164 0.0650972 0.0397656 0.0616944
44 0.611172 0.263514 0.0511563 0.0459167
44 0.0865781 0.603444 0.0603437 0.0514444
44 0.558172 0.581972 0.06225 0.0927222
44 0.782281 0.714431 0.0669687 0.101528
44 0.446813 0.0192361 0.0398125 0.0384722
44 0.0912813 0.198153 0.0515 0.0851944
44 0.345227 0.470681 0.0490469 0.0913611
44 0.287812 0.645375 0.0108438 0.0251944
44 0.602062 0.391806 0.0539375 0.0958889
44 0.521008 0.236389 0.0476094 0.0525
44 0.876656 0.287111 0.04 0.0277778
44 0.332766 0.0102639 0.0298438 0.0205278
44 0.524945 0.199569 0.0495156 0.0743611
44 0.321117 0.622667 0.0616719 0.0813333
44 0.435055 0.111153 0.0481719 0.0879722
44 0.186477 0.511792 0.0552344 0.0856389
44 0.717828 0.099375 0.0431875 0.0500833
44 0.54832 0.520611 0.0652344 0.0856667
44 0.348195 0.399833 0.0509531 0.0842778
44 0.672844 0.743222 0.0652812 0.118889
44 0.240109 0.530306 0.0555312 0.1005
44 0.609023 0.0148472 0.0384844 0.0256944
44 0.163547 0.155514 0.0480312 0.0843611
44 0.617906 0.042125 0.0354063 0.0464722
44 0.732461 0.0335833 0.0364844 0.0646111
44 0.376297 0.622861 0.0532813 0.0635
44 0.0405781 0.156181 0.0510312 0.0759722
44 0.463141 0.967569 0.063875 0.0628611
44 0.0144297 0.253722 0.0237344 0.0392222
44 0.121687 0.167611 0.0438438 0.0474444
44 0.171023 0.471875 0.0334531 0.0541389
44 0.733437 0.82925 0.0691563 0.105389
44 0.741773 0.07475 0.0381406 0.0296111
44 0.827297 0.227944 0.0382188 0.0482222
44 0.520336 0.264417 0.0492656 0.0367778
44 0.398492 0.847625 0.0481094 0.0569722
44 0.906352 0.286333 0.0346094 0.03
44 0.577 0.153931 0.0470313 0.0745278
44 0.56568 0.200056 0.0432656 0.06
44 0.649312 0.442917 0.0540937 0.0841667
44 0.725344 0.57925 0.0558438 0.0538333
44 0.78932 0.152903 0.0343281 0.0559722
44 0.0921484 0.565125 0.0537969 0.0769167
44 0.317594 0.173736 0.0205313 0.0518611
44 0.912352 0.880486 0.0722031 0.106083
44 0.757117 0.18775 0.0394219 0.0563889
44 0.486031 0.140514 0.051625 0.0723056
44 0.60918 0.462472 0.0562969 0.0835
44 0.194164 0.326375 0.0417031 0.0124167
44 0.313992 0.229528 0.0402031 0.0731111
44 0.703242 0.221681 0.0336719 0.0646389
44 0.821016 0.158389 0.036 0.0576667
44 0.647062 0.038625 0.0342187 0.0363611
44 0.635461 0.0144861 0.0267656 0.0289722
44 0.962922 0.685194 0.0589063 0.111389
44 0.421398 0.215236 0.0587344 0.0925278
44 0.661953 0.141264 0.0195 0.0413611
44 0.00298438 0.516597 0.00596875 0.0403056
44 0.681039 0.417292 0.0182656 0.0501389
44 0.778164 0.104694 0.0374844 0.0512778
44 0.833617 0.708097 0.0622656 0.0969167
44 0.756156 0.0711389 0.031625 0.0379444
44 0.446898 0.409097 0.0326094 0.0838611
44 0.521992 0.597111 0.0630156 0.0748333
44 0.940258 0.709097 0.0484844 0.0760833
44 0.258672 0.589028 0.0572812 0.0687778
44 0.0503281 0.613333 0.0194687 0.0153889
44 0.606945 0.199083 0.0504531 0.0736667
44 0.475695 0.231486 0.0504531 0.0545833
44 0.681172 0.0558194 0.0351875 0.0446389
44 0.493344 0.541042 0.0446562 0.07175
44 0.009125 0.122625 0.01825 0.0676944
44 0.612867 0.237167 0.0487344 0.0542222
44 0.406406 0.0170556 0.0429375 0.0316111
44 0.403469 0.0273056 0.0289375 0.0108333
44 0.356602 0.650653 0.0435469 0.0223056
44 0.833711 0.268792 0.0391094 0.0559722
44 0.741313 0.260639 0.04575 0.0558889
44 0.826219 0.203083 0.0398125 0.0461667
44 0.44168 0.0534861 0.0451406 0.0609167
44 0.646687 0.0622917 0.033875 0.0155278
44 0.800453 0.267167 0.0475938 0.0585
44 0.0497969 0.109292 0.0134687 0.0339167
44 0.865945 0.226028 0.0411094 0.0587222
44 0.359055 0.0171806 0.0340469 0.0179722
44 0.366586 0.0133333 0.0399531 0.0266667
44 0.778695 0.807528 0.0698281 0.128889
44 0.429797 0.978847 0.0110937 0.0423056
44 0.255211 0.475833 0.0320156 0.0611111
44 0.734063 0.268931 0.0380625 0.0415278
44 0.685148 0.141167 0.0384844 0.0400556
44 0.465133 0.473972 0.0228906 0.0618889
44 0.0161641 0.196472 0.0310156 0.0887222
44 0.632398 0.942444 0.0679219 0.115111
44 0.697008 0.465694 0.0475469 0.0776111
44 0.843617 0.289167 0.0387969 0.0183333
44 0.648531 0.802681 0.0279687 0.0518056
44 0.724164 0.73125 0.0597344 0.118556
44 0.11843 0.231028 0.0490156 0.085
44 0.347734 0.828153 0.0258437 0.0974167
44 0.973102 0.401792 0.0446094 0.0620278
44 0.0266016 0.403361 0.0532031 0.0615
44 0.791063 0.190611 0.0361563 0.0510556
44 0.0110312 0.589486 0.0194062 0.05175
44 0.833625 0.798278 0.059375 0.1135
44 0.0812656 0.253028 0.0342187 0.0406111
44 0.485938 0.0558889 0.0434063 0.0687222
44 0.49032 0.395097 0.0608594 0.0949722
44 0.656172 0.267944 0.0467813 0.0374444
44 0.558992 0.465222 0.0515781 0.0980556
44 0.314633 0.264333 0.0206406 0.0201667
44 0.618961 0.593111 0.0682031 0.0651667
44 0.565422 0.265819 0.051875 0.0374167
44 0.132391 0.508417 0.0586563 0.100778
44 0.515219 0.543708 0.013125 0.0348611
44 0.719344 0.143319 0.0427812 0.0601944
44 0.992125 0.691486 0.0155 0.0619722
44 0.104625 0.270375 0.0239375 0.00691667
48 0.953023 0.275403 0.0268281 0.0384722
48 0.90475 0.192181 0.025375 0.0315278
48 0.978758 0.204528 0.0243281 0.0752222
48 0.959227 0.196792 0.0298594 0.0515278
48 0.983133 0.268486 0.0316719 0.0545833
48 0.97925 0.296903 0.0401875 0.00780556
48 0.978789 0.190167 0.0242344 0.0394444
48 0.935984 0.241625 0.0251563 0.0399167
48 0.996 0.232514 0.00709375 0.0265278
48 0.971172 0.235639 0.0266875 0.0374444
48 0.993812 0.196431 0.0113125 0.0706389
48 0.937688 0.206417 0.02975 0.039
48 0.957648 0.236667 0.0166406 0.0299444
48 0.964234 0.258972 0.0344062 0.0757222
48 0.915805 0.220125 0.0191406 0.0263611
48 0.914641 0.184236 0.0276875 0.0515278