14 0.570523 0.233718 0.219203 0.0974553
14 0.610078 0.796909 0.203219 0.185785
14 0.531984 0.439811 0.0267188 0.0162823
14 0.433391 0.428042 0.158187 0.0802982
14 0.507359 0.380944 0.07125 0.034334
14 0.411352 0.289453 0.243453 0.204712
14 0.558813 0.259036 0.0753125 0.0546918
14 0.539867 0.383946 0.159891 0.117038
14 0.632016 0.199712 0.033625 0.163439
14 0.579961 0.516223 0.0336094 0.0544334
14 0.312266 0.762445 0.0869687 0.0291849
14 0.474828 0.225239 0.0497187 0.0692048
14 0.700453 0.699433 0.240656 0.132863
14 0.671828 0.756322 0.111125 0.0674751
14 0.773242 0.2084 0.0217031 0.0336978
14 0.656211 0.270905 0.0279531 0.05
14 0.592836 0.815328 0.0285156 0.0149901
14 0.407742 0.158559 0.0638281 0.0189861
14 0.636273 0.31004 0.0305156 0.0728827
14 0.495438 0.745924 0.071625 0.140119
14 0.517094 0.754901 0.0126875 0.0173161
14 0.460672 0.221074 0.313312 0.122664
14 0.57307 0.628887 0.0113594 0.0186481
14 0.468844 0.290805 0.0194062 0.0533797
14 0.577094 0.225129 0.0890625 0.0327237
14 0.575672 0.237207 0.0114062 0.0137376
14 0.498844 0.261292 0.0475625 0.0448509
14 0.374352 0.272654 0.160891 0.132306
14 0.634305 0.352346 0.0542969 0.102704
14 0.548055 0.648628 0.0429844 0.130855
14 0.571539 0.173946 0.0260781 0.0257455
11 0.508008 0.503579 0.126203 0.135149
11 0.418836 0.553698 0.105047 0.106521