11 0.56076 0.628827 0.20988 0.0817067
11 0.19784 0.702 0.09324 0.118613
11 0.45436 0.75212 0.10024 0.110107
11 0.37145 0.512413 0.20666 0.330693
11 0.7641 0.24372 0.09712 0.151813
11 0.60034 0.191933 0.03956 0.0531467
11 0.29766 0.320813 0.2164 0.25448
11 0.28088 0.724 0.12024 0.128267
11 0.67416 0.453947 0.22124 0.161493
11 0.53357 0.2514 0.06134 0.0858933
11 0.21594 0.212267 0.24576 0.270507
11 0.36666 0.10156 0.07876 0.0931467
11 0.58399 0.150613 0.08262 0.0807467
11 0.40969 0.0588533 0.1065 0.117707
11 0.89376 0.432973 0.13416 0.168133
11 0.5723 0.389733 0.16592 0.10272