43 0.520883 0.596655 0.0432969 0.110117
43 0.0995078 0.325106 0.101172 0.103638
43 0.677117 0.555904 0.0603594 0.066784
43 0.713336 0.277758 0.0909844 0.14669
43 0.573352 0.18615 0.0881406 0.114883
43 0.252367 0.456937 0.0842344 0.0796948
43 0.617453 0.560822 0.0619062 0.0598592
43 0.233172 0.70243 0.0965312 0.152559
43 0.728352 0.118991 0.0587344 0.0788263
8 0.319891 0.498862 0.0715 0.0733568
8 0.202109 0.330892 0.1 0.0742254
8 0.822063 0.434143 0.0703438 0.11007
8 0.475484 0.564742 0.0530312 0.115399
8 0.651906 0.602148 0.0300625 0.0569249
8 0.284133 0.588838 0.107672 0.121291
8 0.405133 0.213122 0.0835469 0.121549
8 0.517281 0.789002 0.0292812 0.10223
8 0.674305 0.167547 0.117016 0.0679108
8 0.635203 0.368322 0.0567187 0.0972535
8 0.370469 0.0932042 0.0379375 0.0473474
8 0.552539 0.0935798 0.0576094 0.0337793
8 0.361047 0.81493 0.162562 0.0733803
8 0.824375 0.122911 0.0581562 0.066338
8 0.773266 0.659495 0.0724375 0.0774413
8 0.899781 0.5525 0.044375 0.085
8 0.528328 0.334754 0.0650937 0.113592
8 0.767656 0.0590962 0.0864688 0.118192
8 0.332867 0.0350235 0.0740781 0.0700469