15 0.660016 0.577628 0.167125 0.156479
15 0.758961 0.535477 0.100266 0.137946
15 0.427984 0.449548 0.115625 0.16423
11 0.550539 0.236858 0.101609 0.182029
11 0.426984 0.451186 0.113281 0.162127
11 0.632227 0.287286 0.115297 0.182543
11 0.861344 0.348545 0.1165 0.145941
14 0.79732 0.597543 0.0869844 0.131125
14 0.67043 0.682971 0.0768281 0.0999756
14 0.407695 0.589364 0.0854531 0.118729
14 0.424258 0.333264 0.0653281 0.0779707
14 0.622742 0.678912 0.116766 0.130733
14 0.623437 0.688667 0.0778438 0.0988509
14 0.526953 0.20588 0.0350625 0.0315159
14 0.728742 0.640856 0.0565156 0.0738875
14 0.687758 0.145697 0.155984 0.206797
14 0.710445 0.682995 0.0711094 0.0699022