14 0.228109 0.719385 0.0900625 0.161229
14 0.0729844 0.717083 0.0699063 0.0447917
14 0.131844 0.72699 0.0228437 0.0656042
14 0.276016 0.843542 0.193781 0.133958
14 0.178344 0.704271 0.06075 0.096125
14 0.165094 0.728948 0.075 0.0788542
38 0.132367 0.942385 0.264734 0.115229
38 0.359125 0.666927 0.111281 0.126729
38 0.149977 0.601042 0.0630781 0.0785833
38 0.309023 0.789531 0.0923594 0.0738125
38 0.260687 0.984448 0.227562 0.0311042
38 0.273828 0.63625 0.124156 0.0752917
38 0.112187 0.498396 0.124562 0.143833
38 0.12907 0.835938 0.109609 0.163708
38 0.0696641 0.903948 0.0918906 0.0535208
38 0.0196641 0.593771 0.0393281 0.128
38 0.228984 0.89925 0.0654375 0.0820417
38 0.326805 0.570198 0.0432344 0.110812
38 0.0398047 0.820531 0.0796094 0.120646
38 0.377664 0.871479 0.105172 0.07775
38 0.280742 0.663833 0.135828 0.0589583
38 0.0869141 0.813469 0.0612656 0.0978958
38 0.111211 0.563042 0.0553281 0.0851667
38 0.23132 0.56149 0.135016 0.0978958
38 0.0587891 0.68524 0.0747969 0.0631042
38 0.0700937 0.872062 0.0676563 0.033875
38 0.0364375 0.74524 0.072875 0.0954375
38 0.041125 0.642594 0.08225 0.0688958
38 0.137086 0.649375 0.122797 0.100292
38 0.373633 0.726625 0.159359 0.114
38 0.0662812 0.742188 0.0170625 0.02075
38 0.26257 0.728969 0.0518906 0.0768542
38 0.115328 0.716698 0.024625 0.0880625
38 0.0698125 0.578292 0.07225 0.127333