43 0.393586 0.599215 0.0822031 0.0334192
43 0.706602 0.426581 0.0867656 0.0383607
43 0.543102 0.423794 0.0622656 0.03363
43 0.646195 0.242225 0.0444531 0.0415457
43 0.287227 0.309555 0.0530781 0.0274473
43 0.331023 0.295258 0.0623906 0.0545902
43 0.314664 0.506546 0.0249219 0.0310773
43 0.616187 0.380386 0.0124688 0.0320609
43 0.419828 0.222927 0.0335625 0.0285714
43 0.310211 0.398876 0.113547 0.0588759
43 0.318297 0.433126 0.04 0.0712646
43 0.476312 0.493923 0.0567187 0.0267681
43 0.448922 0.217494 0.0320625 0.0678689
43 0.576797 0.258759 0.0580312 0.0561124
43 0.334227 0.6274 0.00748437 0.00847775