11 0.161306 0.829742 0.1404 0.0667344
11 0.199659 0.786547 0.138847 0.058375
11 0.257976 0.835859 0.159859 0.0768438
44 0.860447 0.770242 0.238165 0.0482969
44 0.892518 0.777992 0.127576 0.0517656
44 0.399518 0.753039 0.398847 0.0653281
14 0.645824 0.781367 0.203976 0.0661719
14 0.925 0.741539 0.0941882 0.0225156
14 0.609424 0.704766 0.0499059 0.0133437
14 0.443694 0.826586 0.164188 0.0750781
14 0.885388 0.724867 0.0661176 0.0377344
14 0.673471 0.791336 0.247741 0.0668906
14 0.873871 0.777367 0.0896235 0.0512969
14 0.781682 0.729023 0.0932941 0.0287344
14 0.866824 0.762266 0.232471 0.0336562