1 0.948992 0.647594 0.0509844 0.0507708
1 0.426414 0.561271 0.0329844 0.03075
1 0.753914 0.688833 0.0537344 0.06075
1 0.9855 0.658792 0.029 0.053375
1 0.18118 0.198719 0.0193906 0.0196875
1 0.522953 0.224271 0.0400625 0.0367917
1 0.307367 0.0870729 0.0258281 0.0266458
1 0.598945 0.118573 0.0415469 0.0446042
1 0.831336 0.811635 0.0652969 0.0961458
1 0.621812 0.592688 0.045375 0.0535833
1 0.318883 0.192792 0.0402969 0.0272083
1 0.921992 0.144552 0.0405469 0.0421458
1 0.364711 0.00517708 0.0410469 0.00847917
1 0.219305 0.543823 0.0328906 0.0430625
1 0.76025 0.580573 0.0375 0.0474375
1 0.584602 0.603844 0.0417344 0.0538542
1 0.573656 0.57651 0.0513438 0.0830625
1 0.45625 0.191594 0.0298125 0.0271875
1 0.37218 0.650885 0.0422656 0.0711875
1 0.118086 0.34626 0.0199531 0.0218125
1 0.125227 0.336906 0.0133906 0.0168958
1 0.976711 0.620052 0.0442344 0.0558958
1 0.181406 0.527167 0.0515 0.0522083
1 0.773844 0.816958 0.0657188 0.094375
1 0.422383 0.0759896 0.0316719 0.0306042
1 0.766914 0.759417 0.0882031 0.09325
1 0.219508 0.513208 0.0305781 0.0412917
1 0.817961 0.161021 0.0355781 0.0312917
1 0.290242 0.195052 0.0119219 0.0258958
1 0.222883 0.196885 0.0228906 0.0189792
1 0.0555547 0.389188 0.0269531 0.03125
1 0.106305 0.348385 0.00717187 0.00764583