6 0.448406 0.300152 0.0099375 0.0366042
6 0.252461 0.302436 0.0167969 0.0602342
6 0.428352 0.268185 0.0291094 0.0734192
6 0.351523 0.258817 0.0453594 0.0214286
6 0.713578 0.262436 0.021875 0.101265
6 0.386867 0.312541 0.0131406 0.0689696
6 0.323234 0.317049 0.0076875 0.031007
6 0.588977 0.312939 0.0155469 0.0807728
6 0.248828 0.400855 0.00771875 0.0542155
6 0.461609 0.258595 0.0229062 0.0659016
6 0.608406 0.308466 0.0165313 0.0878923
6 0.667813 0.408571 0.022375 0.0859953
6 0.280977 0.275937 0.0353906 0.0218033
6 0.370805 0.382155 0.0141094 0.0568618
6 0.216781 0.490258 0.0208438 0.0923185
6 0.281805 0.250585 0.0377344 0.0222482
6 0.320273 0.430012 0.0129531 0.0568852
6 0.438437 0.270785 0.0211562 0.085082
6 0.724953 0.265316 0.02325 0.095644
6 0.357 0.293712 0.0352188 0.0376815
6 0.356148 0.38397 0.0134219 0.0619906
6 0.236437 0.290082 0.03025 0.0423185
6 0.61432 0.301593 0.0256406 0.0763934
6 0.675117 0.405691 0.0305156 0.0775176
6 0.598437 0.308806 0.01275 0.0769555
6 0.23325 0.280176 0.0357188 0.0320609
6 0.283602 0.266288 0.0412344 0.0257377
6 0.226953 0.481557 0.0223125 0.0912646
6 0.641563 0.4063 0.0222812 0.0813115
6 0.438492 0.327822 0.0147031 0.0325527
6 0.346664 0.273126 0.0271719 0.0169321
6 0.345633 0.425141 0.0317344 0.0582904
6 0.334539 0.430422 0.0199844 0.0562529
6 0.291063 0.318501 0.0129688 0.0501639
6 0.411852 0.305199 0.0117969 0.0484778
6 0.262539 0.303115 0.0121406 0.0605152
6 0.278625 0.284965 0.0329688 0.0335363
6 0.241711 0.297752 0.0256406 0.0512881
6 0.283687 0.317986 0.017625 0.0337237
6 0.395883 0.307822 0.0169219 0.0607494
6 0.654188 0.406206 0.0230625 0.0820609
6 0.371492 0.30322 0.0225781 0.0698595
6 0.453664 0.263501 0.0171094 0.0655972
6 0.365141 0.38411 0.0123125 0.0553864
6 0.258742 0.405316 0.00910937 0.0591101
6 0.30782 0.306241 0.0105781 0.0404918
6 0.31568 0.294836 0.0119844 0.0344028
6 0.401906 0.294227 0.0203438 0.0474239
6 0.354734 0.280902 0.0422187 0.03
6 0.327297 0.434485 0.0169375 0.0623185
6 0.364602 0.30192 0.0302656 0.0515222
6 0.201156 0.487143 0.0230625 0.0913349
6 0.256461 0.317611 0.00595313 0.0183607
6 0.378203 0.311171 0.0137187 0.0655269
6 0.311852 0.418419 0.0195156 0.0530913
6 0.297477 0.316979 0.00785938 0.0453864
6 0.270383 0.292307 0.0229531 0.0447073
44 0.964086 0.939379 0.0386719 0.0303747
44 0.868281 0.942693 0.0196563 0.0192506
44 0.892773 0.940445 0.0387969 0.0294145
44 0.803352 0.924754 0.0122969 0.0219672
44 0.846859 0.944473 0.026625 0.0134426
44 0.932531 0.944297 0.0410313 0.0272365
44 0.983367 0.82877 0.0295781 0.0197424
4 0.662078 0.86952 0.0039375 0.00667447
4 0.643766 0.850164 0.0423437 0.0125059
4 0.632523 0.868126 0.0513594 0.0158782
4 0.635305 0.85966 0.0525469 0.0174005
4 0.589664 0.835258 0.0176094 0.00587822
4 0.690195 0.88452 0.0204844 0.00777518
4 0.591062 0.840328 0.0447813 0.0152225
4 0.728469 0.862963 0.0229375 0.0153396
4 0.624984 0.884965 0.041875 0.00922717
4 0.575305 0.853899 0.0542031 0.0176347
4 0.728781 0.872998 0.018625 0.0120375
4 0.686531 0.850457 0.0143125 0.0102342
4 0.570594 0.87671 0.0514375 0.0183372