20 0.704145 0.550195 0.0270726 0.0208906
20 0.401651 0.455703 0.0422248 0.0170313
20 0.592049 0.62468 0.0111241 0.0224844
20 0.607998 0.670281 0.0892974 0.0211562
20 0.470445 0.567055 0.0250117 0.0496406
20 0.499098 0.524438 0.0373068 0.012
20 0.324801 0.522211 0.0238407 0.0169531
20 0.746569 0.599375 0.0137471 0.0381875
20 0.50767 0.416867 0.0500937 0.0157344
20 0.579602 0.479555 0.041171 0.0272031
20 0.659075 0.509656 0.0306557 0.0255625
20 0.240527 0.529344 0.0430211 0.0311875
20 0.558642 0.601727 0.03363 0.0409844
20 0.519754 0.527195 0.0580094 0.0193281
20 0.525995 0.588969 0.0246838 0.0354688
20 0.587436 0.536539 0.0441452 0.0172969
20 0.533244 0.451414 0.0332787 0.0125469
20 0.440398 0.447031 0.0265574 0.00903125
20 0.557775 0.445281 0.0393911 0.0135
20 0.981148 0.483773 0.0244028 0.0150156
20 0.675492 0.533391 0.0536066 0.00946875
20 0.628443 0.508828 0.0351522 0.0345
20 0.321311 0.471984 0.0795316 0.0241875
20 0.834789 0.518539 0.0581499 0.0302344
20 0.595293 0.645242 0.0754567 0.0224219
20 0.486487 0.448664 0.0252459 0.00973437
20 0.49603 0.51107 0.0272365 0.0179844
20 0.720585 0.584719 0.0581733 0.0222188
20 0.38363 0.546602 0.0210773 0.0164219
20 0.325433 0.615266 0.0703044 0.0162813
20 0.661604 0.676125 0.0567447 0.0141875
20 0.571171 0.531859 0.0757377 0.0219688
20 0.62719 0.554883 0.061733 0.0104219
20 0.621967 0.606148 0.0179391 0.0592656
20 0.338712 0.498437 0.0636066 0.04225
20 0.716511 0.52425 0.0161593 0.00440625
20 0.361511 0.545602 0.0298595 0.0583281
20 0.569309 0.419484 0.0252693 0.01175
20 0.436077 0.640891 0.0322014 0.0339687
20 0.453583 0.467813 0.0428103 0.0263125
20 0.399098 0.564852 0.0323419 0.0178906
20 0.517237 0.657297 0.028993 0.041875
20 0.540738 0.502469 0.0342623 0.0076875
20 0.727635 0.505914 0.0440281 0.0290781
20 0.509145 0.401641 0.0697658 0.0170625
20 0.401815 0.500297 0.0214286 0.0220625
20 0.649379 0.465195 0.0141218 0.0241094
20 0.812717 0.557133 0.0330679 0.0197656
20 0.674543 0.584266 0.0232319 0.0148437
20 0.473852 0.431406 0.018993 0.0060625
20 0.240644 0.515625 0.031733 0.0296563
20 0.456534 0.404289 0.0220609 0.0280156
20 0.397892 0.574313 0.134333 0.0180312
20 0.381206 0.415516 0.0327166 0.0167813
20 0.426124 0.558984 0.0364637 0.027375
20 0.660738 0.352297 0.0901874 0.013375
20 0.689684 0.477281 0.0302342 0.0482812
20 0.679063 0.388414 0.0469321 0.0247031
20 0.49637 0.617289 0.0283372 0.0383906
20 0.752564 0.626625 0.0668618 0.0132188
20 0.621487 0.403664 0.0700468 0.0122031
20 0.449649 0.553078 0.0258548 0.0245312
20 0.237494 0.568883 0.0426698 0.0234219
20 0.563044 0.563664 0.105105 0.0226094
20 0.647775 0.595688 0.0313817 0.0150312
20 0.768162 0.385469 0.0559016 0.0468438
20 0.381194 0.531266 0.04726 0.0204063
20 0.6676 0.450656 0.0505152 0.0130625
20 0.405761 0.582281 0.0613583 0.0295625
20 0.462822 0.418055 0.00836066 0.00835937
20 0.888162 0.533875 0.0559016 0.0162813
20 0.314368 0.550086 0.0548712 0.0192031
20 0.444075 0.490242 0.0178923 0.0255781
20 0.578478 0.435867 0.0231382 0.0139219
20 0.700761 0.631531 0.0478454 0.0264688
20 0.297857 0.601656 0.0802576 0.015125
20 0.44877 0.418812 0.0218033 0.0133437
20 0.385714 0.514891 0.0744731 0.0091875
20 0.805035 0.469258 0.0414988 0.0253281
20 0.555211 0.516758 0.0116862 0.00598438
20 0.390515 0.436883 0.0512881 0.00857813
20 0.723044 0.601305 0.0202342 0.0272031
20 0.678724 0.560797 0.062178 0.0242188
20 0.442916 0.561187 0.0282201 0.0123438
20 0.642939 0.486711 0.0481733 0.0198906
20 0.461241 0.513039 0.0531616 0.0380781
20 0.504075 0.559055 0.0178923 0.0129219
20 0.780948 0.588859 0.0166979 0.00515625
20 0.363407 0.497211 0.0515457 0.0322656
20 0.574403 0.64175 0.0257611 0.059
20 0.299719 0.573195 0.101311 0.0308906
20 0.463548 0.514773 0.0594614 0.0400781
20 0.861979 0.497258 0.09 0.00929687
20 0.403923 0.633227 0.0319672 0.0253281
20 0.67322 0.503133 0.0212412 0.0210469
20 0.59781 0.566664 0.0325293 0.00820313
20 0.429555 0.433398 0.0147541 0.0141719
20 0.55493 0.543867 0.0249415 0.0100156
20 0.686112 0.522039 0.0268384 0.00826563
20 0.624005 0.656398 0.0774239 0.0171094
20 0.56671 0.409016 0.0721546 0.0407813
20 0.64356 0.572586 0.0142857 0.0146719
20 0.44267 0.585 0.0202342 0.00778125
20 0.55 0.633344 0.0283841 0.0304687
20 0.746792 0.555578 0.0144731 0.0143437
20 0.516206 0.622648 0.0459016 0.0499844
20 0.468665 0.600789 0.0753162 0.0229219
20 0.63315 0.529844 0.0198361 0.0068125
20 0.487201 0.543961 0.0700937 0.0196719
20 0.286838 0.55818 0.0335831 0.0417344
20 0.837635 0.404133 0.0269321 0.00729687
20 0.48815 0.484281 0.0448712 0.0175313
20 0.283337 0.510594 0.0176815 0.0295
20 0.419122 0.424516 0.016089 0.012125
20 0.427658 0.485828 0.0300234 0.0184062
20 0.556581 0.668062 0.011897 0.0055625
20 0.554696 0.48968 0.0215222 0.0123281
20 0.746241 0.53325 0.033466 0.0293438
20 0.599438 0.453273 0.0225293 0.0120156
20 0.409906 0.553305 0.0448244 0.00914062
20 0.598852 0.545602 0.0170023 0.00882813
20 0.632752 0.4275 0.0316862 0.0360938
20 0.448747 0.623414 0.0921546 0.0329844
20 0.808396 0.597891 0.0359953 0.00528125
20 0.380152 0.625172 0.0487822 0.031125
20 0.612693 0.545352 0.011897 0.00639062
20 0.875234 0.449172 0.0335597 0.0129062
20 0.491066 0.470344 0.0378689 0.019
20 0.813759 0.391148 0.0555738 0.0162969