14 0.178672 0.607521 0.111937 0.233958
14 0.258258 0.603167 0.219703 0.276708
14 0.228898 0.551083 0.0927031 0.15975
14 0.767047 0.211771 0.0553438 0.0494583
14 0.239383 0.560115 0.0836719 0.0783542
14 0.264242 0.641354 0.203203 0.237833
14 0.341539 0.138635 0.0355781 0.0376875
14 0.760719 0.219417 0.0342187 0.0300833
14 0.273398 0.515615 0.0235156 0.0353125
14 0.365844 0.162562 0.0488438 0.0210417
33 0.32207 0.140823 0.0267344 0.0102708
33 0.385414 0.971542 0.0253906 0.0395
33 0.210352 0.758 0.0807656 0.195375
33 0.386789 0.829198 0.0697031 0.0758125
33 0.352961 0.877844 0.166203 0.0497292
33 0.65682 0.211396 0.0207344 0.0170833
33 0.180172 0.832365 0.081875 0.249521
33 0.339562 0.86574 0.0381875 0.168979
33 0.289563 0.126146 0.0128125 0.0184583
33 0.304305 0.802583 0.0495156 0.145292
33 0.223906 0.822094 0.0715313 0.258063
33 0.497258 0.208948 0.0392031 0.0407708
33 0.267383 0.775094 0.0866719 0.327562
33 0.628164 0.210187 0.0258594 0.015875
33 0.394789 0.955969 0.0229844 0.0372708
33 0.285805 0.816156 0.0257656 0.100521
33 0.309156 0.146542 0.0112812 0.0100833
33 0.321617 0.743594 0.144234 0.161021
33 0.412625 0.956948 0.0321562 0.0841458
33 0.588445 0.221979 0.0161406 0.0130417
33 0.185109 0.800177 0.0560937 0.160146
33 0.565797 0.203229 0.025125 0.052125
33 0.674867 0.208813 0.0183594 0.015875
33 0.264766 0.829094 0.0203125 0.115229
33 0.610867 0.17949 0.0221094 0.0892292
33 0.593172 0.210594 0.0104688 0.0281875
33 0.417195 0.214875 0.0146094 0.00820833
33 0.63768 0.215385 0.0209531 0.0143542
33 0.479602 0.972052 0.0340469 0.0543542
33 0.309023 0.131667 0.0234531 0.0110417
33 0.337289 0.949406 0.0870781 0.101187
33 0.399867 0.908354 0.0904844 0.0480833
38 0.706594 0.61776 0.0201875 0.0684375
38 0.748445 0.607187 0.0221094 0.0333333
38 0.665055 0.50724 0.0154844 0.0396875
38 0.59482 0.488563 0.0171094 0.0212917
38 0.609211 0.509156 0.0403906 0.0474375
38 0.724367 0.641208 0.0337344 0.0484167
38 0.709961 0.576771 0.0540781 0.043875
38 0.716023 0.674385 0.0384844 0.0439792
38 0.611492 0.466052 0.0545469 0.0374375
38 0.636625 0.506625 0.0609375 0.0674583
38 0.907852 0.198417 0.0771094 0.0820417
38 0.685992 0.577438 0.0680781 0.0389583
38 0.781539 0.64074 0.0224219 0.0222292
38 0.554125 0.469865 0.0541562 0.0908125
38 0.703078 0.558635 0.0458125 0.0230625
38 0.659547 0.551854 0.0538125 0.0437917
38 0.759219 0.613302 0.0264688 0.0208125
38 0.771992 0.675156 0.0445781 0.0349792
38 0.690227 0.511156 0.0442344 0.0761458
38 0.626836 0.513135 0.0244219 0.0202708
38 0.666086 0.479208 0.0407656 0.033375