24 0.480828 0.480146 0.06975 0.124
24 0.357062 0.48574 0.0476875 0.0692292
24 0.496594 0.434406 0.0464062 0.107312
52 0.0515234 0.675125 0.0405781 0.044625
52 0.105703 0.746312 0.0505625 0.0521667
52 0.0588125 0.763156 0.043375 0.0455208
52 0.127758 0.697188 0.0493594 0.0572083
52 0.0862813 0.731177 0.0454375 0.0593958
52 0.707563 0.788354 0.0548125 0.0459583
52 0.0929844 0.66199 0.0366563 0.0317708
52 0.0261953 0.719469 0.0347344 0.0386875
52 0.0569609 0.730875 0.0180156 0.0252917
52 0.774062 0.874948 0.0390937 0.0434375
52 0.0187656 0.694104 0.0375313 0.0512917
52 0.141055 0.725437 0.0269219 0.03025
52 0.680422 0.824458 0.0296875 0.0439167
52 0.760953 0.978281 0.0467187 0.0434375
52 0.129195 0.747552 0.0210156 0.0288958
52 0.749789 0.891292 0.0205781 0.0533333
52 0.0901953 0.690979 0.0415469 0.0471667
52 0.0516172 0.714229 0.0319219 0.0438333
11 0.599055 0.136396 0.0646094 0.0563333
11 0.479094 0.111208 0.0492187 0.0700417
11 0.788195 0.778 0.0467344 0.094625
11 0.548445 0.18749 0.0569219 0.0558958
11 0.507203 0.0739687 0.0226875 0.0310208
11 0.51432 0.126208 0.0705781 0.0666667
11 0.0236484 0.758344 0.0472969 0.0782708
11 0.0849141 0.63249 0.0521406 0.0783958
11 0.728039 0.861562 0.0763594 0.131625
11 0.679063 0.872167 0.0776875 0.0872083
11 0.567008 0.12525 0.0342344 0.0664167
11 0.146719 0.652563 0.0688438 0.0928333
11 0.596742 0.16801 0.0401719 0.0415208
11 0.500797 0.165198 0.0448125 0.0458958
11 0.516711 0.0931354 0.0432969 0.0545625
11 0.629789 0.116792 0.0282656 0.0438333
11 0.548109 0.0783333 0.0465313 0.0505
11 0.591828 0.0669792 0.02 0.0312917
11 0.603492 0.113063 0.0306094 0.0467083
23 0.744344 0.66074 0.192625 0.244396
23 0.0442344 0.568917 0.0863125 0.205042