19 0.138742 0.98259 0.0779531 0.0348203
19 0.778531 0.349503 0.0725625 0.0900846
19 0.754883 0.830137 0.0834219 0.114059
19 0.129047 0.710994 0.0787188 0.112685
19 0.641227 0.319101 0.0571406 0.0712262
19 0.670289 0.515888 0.0745156 0.0885201
19 0.736406 0.517537 0.0605313 0.0987104
19 0.0772812 0.934884 0.0595 0.109218
19 0.0885469 0.356913 0.0620938 0.0605497
19 0.474383 0.178044 0.0486719 0.0913531
19 0.529766 0.161998 0.0647188 0.0778224
19 0.314633 0.953911 0.0877656 0.0921776
19 0.952375 0.676089 0.077375 0.0986469
19 0.701578 0.454979 0.0673438 0.0782875
19 0.77993 0.657304 0.0634844 0.091945
19 0.775328 0.748932 0.0901875 0.108901
19 0.554484 0.210793 0.0524687 0.0767653
19 0.0221484 0.416744 0.0442969 0.0646512
19 0.884625 0.711882 0.0714375 0.103298
19 0.477906 0.476395 0.0727812 0.0693658
19 0.331281 0.200772 0.0646562 0.0765962
19 0.64125 0.103277 0.0680937 0.0766596
19 0.733953 0.589101 0.067625 0.0683932
19 0.296797 0.497632 0.0685313 0.106258
19 0.585766 0.125423 0.0569375 0.0990486
19 0.201898 0.946554 0.0411406 0.106892
11 0.979898 0.56297 0.0402031 0.112452
11 0.393953 0.847431 0.207281 0.305137
11 0.502172 0.661617 0.0959062 0.122431
11 0.558086 0.760973 0.297922 0.19814
11 0.900055 0.323404 0.161172 0.113023
59 0.226203 0.329461 0.113031 0.132833
59 0.287422 0.91129 0.0554375 0.0737844
59 0.683688 0.635317 0.108281 0.153298
59 0.497891 0.276564 0.0694063 0.0844609
59 0.335492 0.0796829 0.0478594 0.0780973
59 0.701992 0.136617 0.112203 0.14389
59 0.0493516 0.377315 0.0987031 0.105962
59 0.971516 0.809873 0.0569687 0.0841438
59 0.0991875 0.600793 0.127625 0.155835