14 0.66523 0.577307 0.04442 0.0320533
14 0.47037 0.624613 0.02482 0.0466667
14 0.41483 0.179773 0.09266 0.12632
14 0.69382 0.399787 0.02472 0.0306667
14 0.6313 0.44896 0.02968 0.16784
14 0.25821 0.356387 0.03306 0.0364
14 0.59564 0.54596 0.0512 0.0798667
14 0.65818 0.42492 0.03288 0.0471733
14 0.55328 0.62444 0.09624 0.0538933
14 0.59097 0.65412 0.06226 0.128187
14 0.61448 0.5888 0.03292 0.07744
14 0.53389 0.670853 0.0257 0.0481067
14 0.5384 0.09696 0.03208 0.0497067
14 0.57091 0.656693 0.04038 0.0497067
14 0.4644 0.588413 0.03724 0.0608267