22 0.257438 0.645223 0.0478125 0.0643427
22 0.163031 0.624026 0.0539687 0.0639671
22 0.100102 0.581984 0.0437969 0.066784
22 0.267359 0.587066 0.0338125 0.0650235
22 0.14382 0.581561 0.0434531 0.0684742
22 0.0694922 0.62385 0.0486406 0.0637559
22 0.237023 0.68419 0.0454219 0.0628404
22 0.177836 0.559988 0.0450781 0.0668779
22 0.110141 0.638028 0.0449062 0.0494836
22 0.208555 0.641937 0.0420156 0.0654695
22 0.785492 0.538286 0.0198906 0.0255399
22 0.218062 0.58635 0.0426875 0.0600235
22 0.246313 0.549613 0.0322812 0.0655164