11 0.831195 0.625292 0.337609 0.612694
11 0.598031 0.356958 0.412781 0.50625
11 0.509023 0.210417 0.249453 0.224389
11 0.565305 0.543653 0.252703 0.486028
11 0.344727 0.331819 0.232734 0.32325
11 0.810953 0.285111 0.377625 0.387778
11 0.110367 0.524861 0.220734 0.848611
11 0.899938 0.824708 0.200125 0.350583
11 0.489156 0.80975 0.625 0.3805
11 0.292812 0.523694 0.252406 0.395
11 0.332367 0.0948889 0.150703 0.188611
11 0.500281 0.264319 0.0876563 0.135417
11 0.0652578 0.0839306 0.130516 0.167861
11 0.187383 0.277458 0.180828 0.554917
11 0.111836 0.108069 0.104297 0.142472