8 0.953289 0.566615 0.0922969 0.0937292
8 0.630023 0.592823 0.116109 0.185271
8 0.497945 0.759906 0.118953 0.0673542
8 0.488312 0.106625 0.126281 0.134208
8 0.291172 0.192219 0.0758125 0.0656042
8 0.803281 0.0725521 0.124531 0.145104
8 0.481594 0.793167 0.124219 0.070125
8 0.551219 0.240687 0.112688 0.0907083
8 0.758898 0.0738437 0.0681719 0.0964792
8 0.567227 0.0632708 0.0565156 0.0443333
59 0.807609 0.589208 0.0630938 0.144125
59 0.599523 0.730167 0.0717031 0.1
59 0.305102 0.627271 0.0977344 0.0820833
59 0.0941094 0.278083 0.166813 0.122583
59 0.678141 0.07575 0.168656 0.115625
59 0.409984 0.558531 0.0675 0.105729
59 0.270758 0.396875 0.107359 0.127833
59 0.0418594 0.60975 0.0837187 0.0717083
59 0.435266 0.128375 0.0890625 0.13225
59 0.291414 0.514729 0.150953 0.0844167
59 0.134531 0.687729 0.105656 0.109583
59 0.980266 0.481438 0.0394688 0.0820417
59 0.327148 0.263927 0.131297 0.108979
59 0.0757422 0.745583 0.145016 0.130875
59 0.63893 0.367438 0.0937969 0.0729167
59 0.548859 0.548729 0.138781 0.132833
59 0.58575 0.124688 0.0984688 0.09
59 0.0304219 0.518719 0.0608437 0.117104
59 0.374625 0.172135 0.0765625 0.150313