14 0.827148 0.677729 0.0721719 0.104625
14 0.396039 0.883458 0.110609 0.146042
14 0.313609 0.495073 0.135969 0.123063
14 0.503367 0.558344 0.140766 0.316937
14 0.685656 0.787552 0.126094 0.211354
14 0.31982 0.60825 0.165734 0.186542
11 0.891352 0.30025 0.0650469 0.05325
11 0.691828 0.334812 0.114813 0.147458
11 0.876227 0.824052 0.140297 0.111312
11 0.670555 0.641906 0.201141 0.212104
11 0.292039 0.761979 0.155172 0.160708
11 0.904602 0.282177 0.0744219 0.0802708
11 0.71057 0.434104 0.238766 0.169708
7 0.583039 0.534667 0.0187656 0.060375
7 0.564086 0.358969 0.178047 0.187854
7 0.416398 0.37626 0.158109 0.197063
7 0.528188 0.230833 0.0921875 0.0670417
7 0.790281 0.256229 0.107875 0.111958
7 0.596703 0.235573 0.0955312 0.144854
7 0.751477 0.472219 0.132734 0.153688
7 0.29625 0.886938 0.1435 0.136667
7 0.234898 0.425792 0.0994531 0.228583
7 0.359594 0.334542 0.159219 0.213583
7 0.595 0.85499 0.113094 0.0545625
7 0.601281 0.837885 0.0950938 0.0533542
7 0.768383 0.598667 0.116984 0.189625
7 0.294688 0.633635 0.206031 0.159604
7 0.775523 0.831875 0.0681719 0.167167
7 0.619891 0.911563 0.09725 0.068375
7 0.611273 0.48674 0.0828906 0.128396
7 0.768422 0.340073 0.115469 0.115646