11 0.705773 0.801056 0.147266 0.23594
11 0.400773 0.570719 0.236422 0.392947
11 0.0524922 0.519026 0.0745156 0.111647
11 0.0926797 0.52435 0.0347969 0.0453132
11 0.214781 0.72478 0.132 0.186961
11 0.0437813 0.831845 0.0689375 0.30768
59 0.438875 0.878039 0.133094 0.215847
59 0.228156 0.407262 0.16675 0.135731
59 0.678789 0.627065 0.123547 0.108886
59 0.781266 0.585383 0.137531 0.156427
59 0.847883 0.872622 0.100391 0.141021
59 0.644453 0.585302 0.07775 0.111531
59 0.373625 0.779698 0.11425 0.150162
59 0.770695 0.703886 0.0710156 0.107819
59 0.584297 0.928619 0.0467187 0.111763
59 0.537328 0.669118 0.0701875 0.120186
14 0.557281 0.685603 0.105281 0.149675
14 0.438594 0.825371 0.070125 0.114269
14 0.530375 0.941415 0.0590938 0.0869142
14 0.365594 0.913376 0.144937 0.122807
14 0.0936562 0.855882 0.0746875 0.263364
7 0.650563 0.921787 0.129594 0.126311
7 0.140039 0.928434 0.0926094 0.113063
7 0.241742 0.628933 0.105766 0.125661
7 0.320383 0.497703 0.126359 0.15652
7 0.518188 0.785186 0.124625 0.154919
7 0.244336 0.897529 0.0675156 0.0751508
7 0.514297 0.612146 0.0373437 0.0802552
7 0.758492 0.963503 0.0545469 0.0449652
7 0.532891 0.5121 0.086625 0.171206
7 0.127375 0.596543 0.125969 0.185893
8 0.365273 0.393724 0.119016 0.197564
8 0.587508 0.525232 0.0389219 0.0667517
8 0.439773 0.924026 0.116141 0.124153
8 0.22782 0.40355 0.164609 0.121392
8 0.542523 0.669176 0.0591406 0.121044
8 0.370359 0.78174 0.109813 0.154339
8 0.623445 0.7379 0.0722656 0.12935
8 0.769977 0.703933 0.0752031 0.108515
8 0.676734 0.62674 0.1265 0.10884
8 0.352938 0.915452 0.116875 0.114617
8 0.0930469 0.857842 0.073625 0.253271
8 0.216086 0.50065 0.0678906 0.14051
8 0.561297 0.884397 0.0932187 0.0835035
8 0.84757 0.862981 0.103141 0.159002
8 0.447297 0.837703 0.0907188 0.136056
8 0.183969 0.629258 0.0561562 0.099768