6 0.13777 0.211453 0.27554 0.378
6 0.17555 0.191853 0.2377 0.380507
6 0.21966 0.1356 0.1098 0.2712
6 0.27563 0.183867 0.12938 0.367733
6 0.15566 0.516573 0.2408 0.117147
6 0.13293 0.287707 0.26586 0.289067
6 0.13079 0.405307 0.26158 0.240853
26 0.81186 0.836613 0.13848 0.203093
26 0.86858 0.659467 0.16124 0.19696
26 0.7124 0.588027 0.15492 0.208907
26 0.84092 0.490987 0.15296 0.214667
26 0.72386 0.426453 0.14168 0.1736
26 0.94636 0.57764 0.10516 0.199387
26 0.90066 0.92104 0.19868 0.15792
5 0.24703 0.783893 0.10546 0.11264
5 0.0581 0.882547 0.1162 0.17704
5 0.18292 0.97616 0.10884 0.04768
5 0.17178 0.883827 0.12828 0.150267
5 0.19978 0.62008 0.12024 0.11152
5 0.08625 0.633987 0.12046 0.14776
40 0.38503 0.309373 0.1225 0.11688
40 0.43191 0.172253 0.12198 0.178427
40 0.91885 0.384573 0.1225 0.150053
40 0.586 0.384493 0.13808 0.176667
40 0.67902 0.279813 0.1448 0.180053
40 0.87325 0.22312 0.0825 0.159733
40 0.36577 0.20104 0.07146 0.13584
40 0.79648 0.3286 0.12616 0.150853
40 0.93442 0.234947 0.13008 0.180453
40 0.74843 0.20124 0.04382 0.12904
40 0.61416 0.127773 0.06332 0.0881867
40 0.88913 0.0900267 0.06186 0.1152
40 0.50142 0.299667 0.11528 0.152453
40 0.8141 0.172973 0.12392 0.1876
40 0.69075 0.13308 0.12346 0.153093
40 0.51847 0.169333 0.07666 0.126667
40 0.57981 0.202573 0.10814 0.163813
40 0.80648 0.0641067 0.12464 0.128213