1 0.390297 0.216749 0.107625 0.145102
1 0.348438 0.600892 0.166563 0.241467
1 0.538492 0.608894 0.205422 0.27842
1 0.270141 0.434018 0.154062 0.267585
1 0.706016 0.581433 0.165531 0.254108
1 0.767719 0.361219 0.0781875 0.203747
1 0.676617 0.31298 0.163609 0.294853
1 0.516945 0.171941 0.204922 0.303612
1 0.396406 0.369492 0.169375 0.237449
1 0.307055 0.231005 0.107328 0.168871
1 0.661406 0.200011 0.0505625 0.0845372
1 0.409203 0.131975 0.0195312 0.0295034
1 0.548898 0.409266 0.195516 0.22246
1 0.609328 0.206354 0.0576875 0.207111