1 0.86074 0.815173 0.06352 0.0804267
1 0.25193 0.720147 0.07234 0.09464
1 0.81259 0.8818 0.09038 0.11896
1 0.92101 0.937587 0.05578 0.0788533
1 0.21446 0.381667 0.06116 0.0715467
1 0.15591 0.37524 0.06138 0.07432
1 0.49676 0.726533 0.0852 0.1136
1 0.25206 0.32552 0.0352 0.0602667
1 0.75119 0.67376 0.05934 0.0738133
1 0.39261 0.73972 0.0913 0.11912
1 0.87692 0.899427 0.06984 0.10552
1 0.1071 0.371667 0.04424 0.0443467
1 0.77782 0.732933 0.06724 0.09072
1 0.23103 0.549733 0.07446 0.0806933
1 0.17946 0.74424 0.07636 0.0968533
1 0.80917 0.709307 0.03198 0.0324267
1 0.71965 0.87144 0.06802 0.08432
1 0.47984 0.62372 0.06972 0.0926667
1 0.9006 0.97116 0.0922 0.04632
1 0.65126 0.847467 0.08308 0.115893
1 0.31883 0.692293 0.07182 0.0887467
1 0.28206 0.572213 0.02884 0.02384
1 0.30442 0.76556 0.08288 0.111547
1 0.5243 0.67316 0.0598 0.0773067
1 0.55237 0.626107 0.0777 0.09744
1 0.1765 0.595467 0.06796 0.0869867
1 0.87957 0.857 0.06654 0.06024
1 0.85508 0.767427 0.07 0.07128
1 0.30254 0.615253 0.075 0.0997333
1 0.36087 0.643067 0.07654 0.105653
1 0.7636 0.714253 0.05604 0.0704267
1 0.93807 0.822933 0.08394 0.0958933
1 0.10818 0.399867 0.06344 0.0512533
1 0.49975 0.431667 0.0279 0.0213067
1 0.27029 0.369067 0.06666 0.0719467
1 0.7938 0.819427 0.0742 0.0889333
1 0.90536 0.783933 0.04372 0.08184
1 0.15938 0.413133 0.05584 0.0242933
1 0.83065 0.74712 0.05894 0.0776
1 0.28605 0.323533 0.06078 0.0721333
1 0.40486 0.604867 0.06276 0.0894667
1 0.79825 0.96164 0.08346 0.0565067
1 0.76975 0.91392 0.04834 0.0631467
1 0.66933 0.804667 0.06174 0.0724267
1 0.18452 0.685027 0.07616 0.0831733
1 0.73007 0.937 0.06062 0.0465333
1 0.21485 0.351587 0.05594 0.0518667
1 0.92745 0.887947 0.03994 0.0468267
1 0.11107 0.711413 0.07642 0.101493
1 0.43606 0.678227 0.07908 0.10968
1 0.70216 0.688147 0.04948 0.05448
1 0.76101 0.865533 0.0177 0.0396
1 0.71943 0.751467 0.0527 0.0571733
1 0.19039 0.625827 0.06814 0.05592
1 0.93021 0.768013 0.03154 0.02696
1 0.11361 0.64808 0.08162 0.0885333
1 0.51272 0.444747 0.01424 0.0222933
1 0.35146 0.575387 0.05504 0.0553067
1 0.45052 0.798893 0.086 0.117627
1 0.24226 0.591 0.06288 0.0694667
1 0.68836 0.722133 0.07444 0.09952
1 0.25162 0.64956 0.07356 0.08504
1 0.73184 0.791587 0.06704 0.07912