42 0.576675 0.427144 0.0602167 0.0430444
42 0.648083 0.355356 0.0492667 0.0629333
42 0.7382 0.598889 0.0806333 0.104622
42 0.420967 0.369933 0.0445 0.0350667
42 0.708167 0.721911 0.1438 0.101956
42 0.342917 0.550922 0.0648 0.0644667
42 0.44685 0.1984 0.0368667 0.0719111
42 0.42395 0.248722 0.0504333 0.0692222
42 0.899533 0.6914 0.0270333 0.0337333
42 0.463583 0.543644 0.0677 0.0853778
42 0.368025 0.539378 0.0186167 0.0161333
42 0.542092 0.532967 0.04715 0.0909111
42 0.809517 0.387478 0.0277667 0.0770444
42 0.616433 0.540511 0.0415333 0.0543556
42 0.551583 0.657778 0.0715667 0.0967556
42 0.799508 0.555722 0.0775833 0.0648667
42 0.253358 0.386289 0.0353833 0.07
42 0.399533 0.3369 0.0449 0.0462889
42 0.831908 0.484367 0.0605833 0.0461556
42 0.665658 0.562544 0.0666167 0.0608667
42 0.695617 0.434589 0.0498 0.0536667
42 0.3596 0.400511 0.0375 0.0436
42 0.526217 0.280222 0.0711667 0.0515556
42 0.773017 0.363922 0.0420333 0.0570444
42 0.725542 0.3994 0.0944833 0.0595111
42 0.538317 0.746922 0.0927667 0.106289
42 0.323067 0.287622 0.0510333 0.0583111
42 0.700025 0.6353 0.07465 0.0881111
42 0.190367 0.505211 0.0461333 0.0490889
42 0.778308 0.309211 0.05285 0.053
42 0.459467 0.623933 0.0388667 0.0379111
42 0.430833 0.732011 0.0563333 0.045
42 0.3562 0.673878 0.0242333 0.0251778
42 0.523867 0.346656 0.0377667 0.0422444
42 0.719033 0.300178 0.0384667 0.0351111
42 0.754358 0.3291 0.05365 0.0335778
42 0.432025 0.328622 0.06665 0.0436
42 0.6548 0.417478 0.0365333 0.0407778
42 0.647583 0.638978 0.0419333 0.0636
42 0.4972 0.484189 0.0433 0.0582889
42 0.404433 0.619322 0.0434333 0.0579333
42 0.729133 0.518533 0.0354333 0.0419111
42 0.689917 0.464389 0.0563333 0.0718
42 0.479808 0.175944 0.0453833 0.0497556
42 0.308283 0.496689 0.0601 0.0659556
42 0.581625 0.198433 0.0580833 0.0517556
42 0.3678 0.709767 0.0679333 0.0446
42 0.620075 0.322178 0.01885 0.0274222
42 0.382283 0.645167 0.0321667 0.0544222
42 0.257533 0.493944 0.0423 0.0627778
42 0.323133 0.664089 0.0881333 0.0549778
42 0.379125 0.507722 0.0411167 0.0264667
42 0.197142 0.394622 0.05655 0.0423111
42 0.179808 0.5482 0.0627167 0.0299111
42 0.375908 0.254856 0.0420833 0.0340222
42 0.232867 0.3914 0.0492667 0.0664
42 0.363175 0.430522 0.05755 0.0375333
42 0.238158 0.491411 0.0251833 0.0269111
42 0.655325 0.252689 0.07665 0.0830667
42 0.169517 0.429033 0.0557667 0.0394889
42 0.271358 0.335422 0.0443167 0.0404444
42 0.780483 0.811844 0.0423 0.0753333
42 0.48935 0.437456 0.0446 0.0265556