15 0.918545 0.32224 0.0233862 0.01924
15 0.868955 0.30885 0.0339418 0.0185
15 0.88869 0.27252 0.0430423 0.02868
15 0.936323 0.30185 0.0514815 0.02718
15 0.902235 0.29008 0.043254 0.03636
15 0.905238 0.31667 0.0157143 0.00922
51 0.503876 0.20757 0.0348942 0.01718
51 0.544365 0.20603 0.0464021 0.05718
51 0.447897 0.20078 0.0412963 0.02488
51 0.57004 0.20233 0.0390212 0.04658
51 0.488505 0.23602 0.0380159 0.00896
51 0.600661 0.22586 0.0273016 0.01748
51 0.526733 0.22788 0.0366931 0.0162
51 0.625013 0.22403 0.0274339 0.02258
51 0.470225 0.22355 0.0445238 0.01742
51 0.578267 0.22794 0.0192328 0.01528
1 0.397976 0.22561 0.0241534 0.01562
1 0.648294 0.27742 0.0206614 0.015
1 0.640741 0.30782 0.0196296 0.01104
1 0.549815 0.45049 0.0256614 0.01242
1 0.423942 0.23282 0.0277778 0.01848
1 0.562989 0.27231 0.0193122 0.00718
1 0.272553 0.27488 0.022672 0.01308
1 0.229841 0.26515 0.021164 0.01446
1 0.466389 0.3126 0.0186508 0.01256
1 0.423254 0.2641 0.0250794 0.01384
1 0.665132 0.26628 0.0237037 0.01668
1 0.444484 0.26201 0.0240476 0.0123
1 0.306548 0.29091 0.0156878 0.00882
1 0.355767 0.26084 0.0192593 0.01828
1 0.575542 0.45658 0.025 0.01144
1 0.326733 0.28008 0.0162698 0.01432
1 0.309974 0.28244 0.0226984 0.01564
1 0.423069 0.25436 0.0230688 0.01296
1 0.524603 0.26573 0.0191534 0.01094
1 0.680728 0.27773 0.0204497 0.01598
1 0.35004 0.21167 0.0274868 0.01746
1 0.443241 0.27089 0.023254 0.01334
1 0.394193 0.2819 0.0245767 0.0132
1 0.426376 0.3175 0.0273016 0.01672
1 0.365172 0.20464 0.023836 0.0164
1 0.621931 0.30132 0.0230688 0.01112
1 0.583743 0.31141 0.0240476 0.0095
1 0.546601 0.26891 0.0248942 0.01322
1 0.396402 0.27277 0.0251852 0.01406
1 0.287778 0.2901 0.0234921 0.01368
1 0.466402 0.26019 0.0230688 0.0135
1 0.452235 0.30382 0.0160053 0.01368
1 0.660556 0.45346 0.0274603 0.01872
1 0.360675 0.22672 0.0227249 0.01904
1 0.717434 0.29632 0.0297354 0.01728
1 0.702725 0.28487 0.0243915 0.01742
1 0.195608 0.26808 0.0237037 0.01872
1 0.608307 0.44807 0.0250794 0.01102
1 0.602632 0.46394 0.0305026 0.01212
1 0.608942 0.26807 0.0215873 0.01094
1 0.342579 0.21789 0.0154762 0.01366
1 0.328016 0.20302 0.0226984 0.01488
1 0.584206 0.26817 0.0224868 0.01114
1 0.442249 0.28018 0.0253968 0.01256
1 0.326402 0.28979 0.0193122 0.0077
1 0.56369 0.26646 0.0172751 0.00872
1 0.446971 0.25134 0.0224074 0.01152
1 0.454444 0.32274 0.0270899 0.01308
1 0.419894 0.27303 0.0238095 0.01378
1 0.25209 0.2748 0.0226984 0.01588
1 0.418532 0.28141 0.0251587 0.01306
1 0.508452 0.32292 0.0183333 0.00628
1 0.341601 0.19756 0.0247354 0.0182
1 0.400119 0.31153 0.0170635 0.01086
1 0.398426 0.26633 0.0233598 0.01134
1 0.372407 0.23949 0.0246032 0.01498
1 0.489299 0.31746 0.0199206 0.00952
1 0.632632 0.45628 0.0318254 0.01832
1 0.689484 0.29819 0.0283862 0.01822
1 0.603981 0.30962 0.0199735 0.01052
1 0.417831 0.30423 0.022381 0.0141
1 0.30078 0.24322 0.0228307 0.01664
1 0.388862 0.2118 0.0226984 0.01488
1 0.46631 0.27125 0.0228307 0.01462
1 0.670542 0.28307 0.0250529 0.01538
1 0.658267 0.27221 0.0214021 0.01574
1 0.337725 0.28195 0.017037 0.01366
1 0.297831 0.26453 0.0243915 0.01258
1 0.213082 0.26787 0.0186508 0.01206
1 0.604312 0.30215 0.0190476 0.00998
1 0.205608 0.24128 0.0159259 0.00872
1 0.436892 0.325 0.0129365 0.00768
1 0.375 0.21902 0.0216931 0.01436
1 0.208135 0.27795 0.0216667 0.01334
1 0.64537 0.30159 0.0198942 0.01314
1 0.584101 0.30449 0.0197884 0.01154
1 0.401667 0.25657 0.0242328 0.01506
1 0.403386 0.2047 0.0275132 0.01588
1 0.665556 0.29059 0.017619 0.01258
1 0.221362 0.24283 0.00880952 0.01282
1 0.377209 0.19813 0.026746 0.02026
1 0.268175 0.28129 0.0226984 0.01026
1 0.642434 0.26052 0.0270899 0.01744
1 0.566865 0.30578 0.0148942 0.00824
1 0.275516 0.26336 0.0256878 0.01168
1 0.319762 0.26558 0.0205291 0.01356
1 0.68922 0.27177 0.0245238 0.01574
1 0.227619 0.27641 0.0203175 0.01178
1 0.432116 0.3 0.0234392 0.01796
1 0.412487 0.2189 0.027037 0.01736
1 0.484749 0.27314 0.0193386 0.00956
1 0.37414 0.2691 0.0264286 0.0182
1 0.673254 0.25881 0.0233862 0.01666
1 0.386892 0.23256 0.0209788 0.01204
1 0.509378 0.26526 0.0118783 0.00796
1 0.378664 0.25813 0.0230423 0.0139
1 0.59078 0.24861 0.0153175 0.01158
1 0.637354 0.28811 0.0209524 0.01482
1 0.636243 0.4418 0.0284656 0.01384
1 0.579418 0.44782 0.0304762 0.01152
1 0.255132 0.2659 0.017619 0.0118