59 0.547758 0.593571 0.0369844 0.0395082
59 0.401883 0.458068 0.0372656 0.045644
59 0.599828 0.577998 0.028375 0.0574473
59 0.37875 0.404356 0.0381875 0.0369087
59 0.528266 0.628934 0.0621563 0.0334192
59 0.475078 0.591768 0.0355938 0.0681733
59 0.626797 0.584391 0.0100625 0.0105621
59 0.63325 0.544988 0.01975 0.0107728
59 0.35493 0.456171 0.0401094 0.0457845
59 0.612719 0.562576 0.0199063 0.0436534
59 0.522234 0.605468 0.021875 0.0234426
59 0.571187 0.602096 0.0377813 0.0640984
59 0.499469 0.608993 0.0321875 0.0251522
59 0.432938 0.421733 0.042125 0.0470726
59 0.425813 0.385082 0.018875 0.0500703
59 0.557937 0.562178 0.038125 0.0161593
59 0.484891 0.553091 0.0228125 0.0273536
59 0.649062 0.58493 0.0261562 0.0369321
59 0.509133 0.580211 0.0441094 0.0311944
14 0.757453 0.735738 0.0389375 0.0795785
14 0.650797 0.676663 0.0350312 0.0379625
14 0.701266 0.787436 0.0487187 0.0302342
14 0.64693 0.768525 0.0362344 0.0410304
14 0.793633 0.718056 0.0527031 0.0886651
14 0.888508 0.736663 0.0562344 0.0917799
14 0.602727 0.635621 0.0230469 0.0335831
14 0.8455 0.795867 0.043125 0.0740281
14 0.914711 0.692857 0.0486719 0.0465574
14 0.708359 0.682939 0.028875 0.050281
14 0.86107 0.676511 0.0594844 0.0473536
14 0.794875 0.634028 0.0379375 0.0428103
14 0.811648 0.659883 0.0365781 0.0551288
14 0.771289 0.664028 0.0275156 0.0359719
14 0.668703 0.780984 0.0195312 0.0257143
14 0.685016 0.665035 0.0465313 0.0313349
14 0.711602 0.76822 0.0477031 0.0328337
14 0.873664 0.76397 0.0247969 0.0581967
14 0.822031 0.771101 0.0455 0.0646838
14 0.612594 0.728981 0.0259688 0.0266745
14 0.723945 0.727459 0.0400781 0.04274
14 0.649914 0.722354 0.0233594 0.0304215
14 0.725437 0.612365 0.0435625 0.0397658
14 0.900664 0.71089 0.0517969 0.064356
14 0.665562 0.601534 0.0367188 0.0200703
14 0.8395 0.701218 0.0500938 0.0746136
14 0.82743 0.649122 0.0258906 0.0296253
14 0.85225 0.741674 0.0250625 0.035808
14 0.615844 0.703888 0.0291875 0.0393911
14 0.717617 0.685948 0.0179219 0.0317096
14 0.684344 0.720726 0.0425937 0.0515222
14 0.627375 0.748466 0.0389688 0.0364169
14 0.637047 0.624356 0.0499062 0.0444965
14 0.751906 0.802564 0.061375 0.0682201
14 0.738875 0.680246 0.0294063 0.0353864
14 0.694852 0.632494 0.0475156 0.0494848
14 0.787039 0.774906 0.0440781 0.0287822
14 0.754453 0.680504 0.0219062 0.0200234
14 0.630805 0.659485 0.0348594 0.0490398
14 0.740141 0.645234 0.0409062 0.0373068