44 0.15114 0.777507 0.063 0.0879733
44 0.25545 0.926613 0.0643 0.0891733
44 0.30462 0.70532 0.063 0.0896267
44 0.98723 0.0557067 0.02554 0.111413
44 0.65085 0.0685867 0.1023 0.122827
44 0.356 0.850493 0.05852 0.0936267
44 0.24394 0.843867 0.06472 0.08752
44 0.30143 0.857093 0.05738 0.08336
44 0.70101 0.366947 0.05162 0.0931467
44 0.45805 0.89512 0.06262 0.0678933
44 0.4636 0.82528 0.05264 0.09376
44 0.15765 0.977653 0.08214 0.0446933
44 0.27355 0.77516 0.06266 0.0744267
44 0.03776 0.956413 0.05564 0.0846133
44 0.84255 0.199093 0.10366 0.123307
44 0.65062 0.3514 0.0984 0.12456
44 0.96196 0.34756 0.07608 0.13448
44 0.18028 0.842573 0.06268 0.0820533
44 0.09362 0.911627 0.06376 0.08288
44 0.41118 0.618253 0.0608 0.0826933
44 0.69658 0.117147 0.11152 0.148693
44 0.28863 0.934387 0.07326 0.09816
44 0.94352 0.0370933 0.087 0.0708267
44 0.24469 0.707653 0.07454 0.0929067
44 0.06729 0.674347 0.06494 0.0774933
44 0.07943 0.974253 0.04846 0.0514933
44 0.38199 0.97548 0.05402 0.04904
44 0.23246 0.978307 0.07492 0.0433867
44 0.92413 0.12164 0.09622 0.125413
44 0.98663 0.17928 0.02674 0.11024
44 0.35321 0.623573 0.05682 0.08336
44 0.61681 0.242493 0.1049 0.153893
44 0.13114 0.700387 0.06948 0.0861067
44 0.94027 0.241533 0.10774 0.134907
44 0.28981 0.98672 0.04538 0.0256533
44 0.75082 0.149827 0.07888 0.13768
44 0.79541 0.26924 0.08546 0.0623733
44 0.34019 0.934453 0.05746 0.0867733
44 0.33557 0.986147 0.06426 0.02616
44 0.21139 0.771693 0.06026 0.0826933
44 0.19789 0.688187 0.06222 0.084
44 0.41189 0.710573 0.07322 0.10424
44 0.36047 0.70744 0.05346 0.0892267
44 0.29736 0.6214 0.06048 0.08088
44 0.77538 0.3354 0.12756 0.156453
44 0.86628 0.270213 0.07512 0.0901867
44 0.45914 0.66256 0.06344 0.0936
44 0.40864 0.986453 0.06548 0.0270933
44 0.8314 0.07728 0.12332 0.152427
44 0.19056 0.923373 0.06364 0.09032
44 0.39614 0.910387 0.05712 0.09
44 0.98931 0.261187 0.02138 0.0541067
44 0.12941 0.970507 0.05654 0.0589867
44 0.73835 0.0415333 0.1027 0.0805067
44 0.91316 0.371027 0.07616 0.0805067
44 0.4571 0.956147 0.06288 0.0836
44 0.70249 0.25584 0.08482 0.13408
44 0.05621 0.845653 0.0643 0.0864533
44 0.86611 0.3524 0.08298 0.113333
44 0.16894 0.617053 0.06596 0.08232
44 0.60979 0.15672 0.09422 0.0969067
44 0.0626 0.75944 0.06884 0.0866667
44 0.45568 0.749027 0.06692 0.08872
44 0.41449 0.829493 0.0583 0.0853867
44 0.77181 0.225053 0.05982 0.0948
1 0.4432 0.05144 0.09076 0.100267
1 0.82079 0.93832 0.0865 0.12336
1 0.18088 0.38052 0.1038 0.11672
1 0.74004 0.785827 0.09684 0.129147
1 0.66328 0.5914 0.08432 0.116667
1 0.76916 0.857133 0.07848 0.0851467
1 0.28915 0.384213 0.1083 0.12224
1 0.67885 0.84456 0.09846 0.08752
1 0.10894 0.3 0.085 0.134347
1 0.90306 0.952707 0.08756 0.0945867
1 0.7409 0.611053 0.09488 0.129467
1 0.65104 0.9118 0.06212 0.0636
1 0.35166 0.0123067 0.06288 0.0246133
1 0.57297 0.6118 0.08078 0.107173
1 0.87089 0.667307 0.09194 0.128427
1 0.0557 0.0427733 0.1114 0.0855467
1 0.57652 0.718587 0.08712 0.126933
1 0.90104 0.749093 0.10124 0.136853
1 0.34949 0.210973 0.07342 0.102373
1 0.64813 0.673853 0.09418 0.131547
1 0.22975 0.302693 0.11058 0.14848
1 0.36453 0.11192 0.10534 0.145013
1 0.17424 0.140173 0.1 0.111547
1 0.02564 0.405827 0.04508 0.0562933
1 0.81086 0.681773 0.10112 0.131493
1 0.89494 0.883133 0.09892 0.128453
1 0.16499 0.228733 0.11318 0.155813
1 0.37775 0.384227 0.07298 0.11688
1 0.76293 0.575707 0.07234 0.0899733
1 0.27583 0.17368 0.10186 0.13952
1 0.89709 0.561427 0.0997 0.12184
1 0.00695 0.36384 0.0131 0.0926933
1 0.61572 0.825373 0.06312 0.123973
1 0.95808 0.661453 0.08268 0.125893
1 0.84063 0.846453 0.07358 0.08064
1 0.94614 0.875253 0.03732 0.0494933
1 0.04331 0.317173 0.08082 0.127093
1 0.18783 0.0510267 0.10194 0.102053
1 0.44719 0.364493 0.10358 0.13576
1 0.43275 0.22248 0.1155 0.160533
1 0.72324 0.69072 0.07488 0.0909333
1 0.31932 0.29264 0.09184 0.118827
1 0.96064 0.810133 0.07872 0.12176
1 0.57464 0.845347 0.0832 0.130213
1 0.61136 0.94652 0.1008 0.10696
1 0.25028 0.105253 0.07764 0.07968
1 0.72167 0.93812 0.11534 0.118747
1 0.82792 0.78532 0.09244 0.10904
1 0.38898 0.29576 0.0748 0.105387
1 0.06597 0.170533 0.13194 0.1896
1 0.09217 0.39224 0.08854 0.0864
1 0.26999 0.02644 0.06358 0.04456
1 0.33142 0.079 0.08 0.12456
1 0.44964 0.13236 0.07048 0.0809867
1 0.65918 0.770733 0.09596 0.11368