38 0.994086 0.860536 0.0118281 0.0295186
38 0.94182 0.773403 0.0983906 0.116346
38 0.417094 0.512341 0.0576875 0.0689716
38 0.814203 0.803381 0.109563 0.104311
38 0.790992 0.94419 0.117359 0.110175
38 0.603398 0.818501 0.125266 0.106937
38 0.404477 0.667177 0.0443281 0.0492341
38 0.471352 0.589989 0.0796094 0.0653611
38 0.591164 0.64163 0.0727969 0.0619475
38 0.328625 0.578446 0.0560625 0.0507659
38 0.483945 0.509912 0.0457344 0.0469584
38 0.0242422 0.196586 0.0188594 0.0217943
38 0.486367 0.714737 0.0867656 0.0544639
38 0.380297 0.523972 0.0210625 0.0284683
38 0.577141 0.573873 0.0765312 0.0582057
38 0.759328 0.672287 0.070375 0.100985