14 0.562352 0.179096 0.0740469 0.0857042
14 0.598281 0.210493 0.0649687 0.0758216
14 0.501117 0.203075 0.0589219 0.0511737
52 0.654859 0.547629 0.081375 0.0949765
52 0.643359 0.26392 0.0590313 0.0615023
52 0.54332 0.248803 0.0717969 0.0802817
52 0.643289 0.445117 0.0277344 0.0584977
52 0.62768 0.382019 0.0615781 0.0719718
52 0.691492 0.394249 0.0732344 0.0787324
52 0.656242 0.428099 0.0334531 0.0561502
52 0.612906 0.425599 0.057375 0.0909624
52 0.590125 0.207688 0.0735937 0.0672066
52 0.691438 0.468638 0.0690625 0.0720657
52 0.666805 0.332782 0.0983906 0.0831221