11 0.288711 0.657984 0.104766 0.11331
11 0.226438 0.491888 0.0950312 0.0937995
11 0.307414 0.555338 0.0642344 0.128112
11 0.138078 0.576597 0.129312 0.0689977
11 0.308937 0.819522 0.163531 0.23704
11 0.234766 0.830245 0.0542813 0.0497669
11 0.157375 0.839196 0.0919375 0.187669
11 0.262258 0.553427 0.0839219 0.122564
11 0.18507 0.821597 0.123516 0.247995
11 0.23518 0.766434 0.0983906 0.104988
11 0.0980391 0.532261 0.0598281 0.0491375
11 0.180445 0.634359 0.118109 0.121958
11 0.0468281 0.576166 0.049625 0.090979
11 0.151898 0.469277 0.0607344 0.0661538
11 0.3705 0.740676 0.0275625 0.041958
11 0.34225 0.647681 0.144344 0.106364
11 0.0824453 0.828625 0.0883594 0.182797
11 0.10693 0.646772 0.142703 0.122587
11 0.154898 0.53028 0.151203 0.103263
11 0.395914 0.656643 0.108266 0.183636
11 0.0594219 0.709266 0.118844 0.104312
11 0.102375 0.48014 0.0554687 0.0391608