59 0.511047 0.712948 0.101094 0.0958958
59 0.642281 0.682771 0.155406 0.184042
59 0.63125 0.467417 0.167344 0.147375
59 0.563148 0.664906 0.0815781 0.110521
50 0.537523 0.615552 0.145828 0.179896
43 0.679477 0.564792 0.0218281 0.0259167
43 0.581414 0.586208 0.0319844 0.059
43 0.700391 0.466885 0.0129688 0.0203125
43 0.772891 0.47476 0.011 0.0171875
43 0.726961 0.473802 0.0198281 0.0305208
43 0.690492 0.579 0.0199531 0.03225
43 0.756078 0.538365 0.0322812 0.0387292
43 0.732781 0.488458 0.00696875 0.00970833
43 0.667695 0.590021 0.0196094 0.0169583