43 0.380836 0.570604 0.123766 0.0755417
43 0.324141 0.842229 0.0463438 0.0669167
43 0.400437 0.766417 0.1105 0.0311667
43 0.333688 0.606875 0.0426562 0.0734167
43 0.330047 0.802208 0.025375 0.027125
43 0.258391 0.807375 0.0845 0.0505417
43 0.299875 0.819635 0.023625 0.0295208
43 0.261141 0.503844 0.102313 0.103604
43 0.308891 0.77725 0.0335625 0.0458333
43 0.484617 0.764156 0.0677031 0.0563958
43 0.289039 0.60599 0.0260156 0.0489792
43 0.199883 0.823458 0.0219219 0.0130833
43 0.437492 0.466156 0.0880781 0.0307708
43 0.409766 0.804813 0.0604688 0.0498333
43 0.369672 0.818677 0.0330625 0.0396042
43 0.342992 0.59301 0.0240781 0.0253125