11 0.586547 0.802338 0.0589688 0.0874739
11 0.644867 0.658883 0.0483906 0.0490397
11 0.633312 0.844739 0.110187 0.104885
11 0.299344 0.430042 0.0600625 0.0648852
11 0.689875 0.679071 0.04575 0.0697912
11 0.32968 0.279948 0.0418594 0.0606889
11 0.176305 0.358685 0.0471094 0.0946555
11 0.744727 0.795741 0.0491094 0.0958664
11 0.558375 0.81809 0.0478438 0.0913361
11 0.287602 0.270031 0.0630469 0.0772651
11 0.564758 0.726461 0.0972031 0.139478
11 0.230406 0.423194 0.104438 0.127432
11 0.615492 0.796701 0.0181719 0.0206681
42 0.698414 0.82428 0.0450156 0.0656367
42 0.623437 0.702422 0.0340625 0.0532359
42 0.268133 0.205418 0.0508906 0.0398539
42 0.634469 0.760846 0.06125 0.0693737
42 0.217703 0.283246 0.023625 0.0256994
42 0.335031 0.321827 0.0344062 0.0562213
42 0.261266 0.328559 0.062 0.0698121
42 0.283094 0.370637 0.0472813 0.0479123
42 0.212438 0.323727 0.0091875 0.0300835
42 0.678336 0.74929 0.0352656 0.0503967
42 0.646188 0.693058 0.0321562 0.0592276
42 0.225328 0.380877 0.039875 0.0612109
42 0.210453 0.233883 0.071625 0.0705219
42 0.710328 0.776754 0.0555 0.0574322
42 0.294211 0.338758 0.0546406 0.0590188