59 0.190719 0.338595 0.123344 0.181499
59 0.188336 0.201756 0.0948594 0.127166
59 0.118602 0.07274 0.105141 0.14548
59 0.415937 0.0133607 0.0695937 0.0261593
59 0.194781 0.105855 0.0919688 0.108056
59 0.293703 0.357717 0.115625 0.161054
14 0.332594 0.800761 0.28925 0.13815
14 0.355937 0.921721 0.419375 0.155105
14 0.315227 0.465386 0.276672 0.110632
14 0.486141 0.641663 0.0705937 0.416674
14 0.319648 0.687564 0.272297 0.143841
14 0.311594 0.583759 0.306219 0.14822
8 0.576602 0.131897 0.121391 0.171803
8 0.478867 0.0994965 0.120203 0.198993
11 0.480945 0.288583 0.120328 0.224895
11 0.580523 0.471827 0.185734 0.258595
11 0.59543 0.772775 0.162516 0.273466
12 0.307547 0.138244 0.06325 0.110679
12 0.353062 0.251897 0.0700625 0.0883372
12 0.360484 0.382272 0.0432188 0.0698361
12 0.257781 0.150656 0.047625 0.0919438
12 0.270227 0.216932 0.0640156 0.0791569
12 0.333711 0.0525176 0.0811094 0.100398
12 0.355945 0.145398 0.0616094 0.0747775
12 0.346453 0.183642 0.0580312 0.06363
12 0.379688 0.046452 0.0289687 0.0571194
12 0.273664 0.0647424 0.0647969 0.0910304
12 0.310961 0.228806 0.0428281 0.0815457
12 0.383617 0.124075 0.0646094 0.102623
12 0.381977 0.342564 0.0583594 0.0733255
12 0.360156 0.316663 0.058625 0.0661593