59 0.271209 0.540367 0.0312441 0.0253906
59 0.320763 0.536859 0.0682864 0.034125
59 0.362535 0.560586 0.0428169 0.0230781
59 0.1998 0.575227 0.0340141 0.0300156
59 0.296103 0.586109 0.063662 0.0495
59 0.243122 0.584969 0.0557746 0.0331875
59 0.307113 0.561984 0.0709859 0.0295625
59 0.263885 0.513148 0.0729343 0.0297344
59 0.21216 0.531727 0.0706103 0.0372031
8 0.352606 0.721266 0.0784507 0.0558125
8 0.447254 0.713305 0.0738967 0.0454219
8 0.484554 0.691258 0.0886385 0.0593281
8 0.280646 0.731648 0.0789906 0.0601406
8 0.41277 0.67825 0.056338 0.034125
44 0.488955 0.154484 0.0753286 0.0375
44 0.520012 0.62618 0.0361737 0.0561719