59 0.638883 0.46233 0.0552969 0.102365
59 0.342844 0.480105 0.0283438 0.0403981
59 0.435789 0.567588 0.142391 0.102904
59 0.350391 0.730691 0.151 0.143583
59 0.293617 0.571862 0.129203 0.12007
59 0.694805 0.635422 0.0754219 0.105738
59 0.499648 0.416944 0.0587031 0.0672834
59 0.557688 0.532436 0.120687 0.0622014
59 0.524937 0.670972 0.147844 0.132763
59 0.357125 0.464239 0.113594 0.0884309
42 0.450453 0.414824 0.0871563 0.0708665
42 0.682719 0.541417 0.119 0.105972
42 0.64125 0.622998 0.074 0.125433
42 0.561781 0.408185 0.10525 0.0858782
42 0.561953 0.498197 0.122406 0.0902576
42 0.472305 0.509239 0.0615156 0.0811944
42 0.311734 0.507951 0.0810312 0.0482201
42 0.467844 0.73767 0.0619375 0.140585
8 0.606164 0.54829 0.185328 0.0899297
8 0.678258 0.491674 0.148109 0.147096
8 0.535508 0.454321 0.162703 0.045363
8 0.550656 0.728525 0.102594 0.0969555
8 0.631758 0.663653 0.172266 0.148899
8 0.689773 0.647775 0.0835469 0.148759
8 0.493539 0.417213 0.0443281 0.0668384
8 0.280531 0.660141 0.0429688 0.0571897
8 0.452563 0.693735 0.0208438 0.0290632
8 0.342859 0.476674 0.0289687 0.0335363
8 0.366914 0.659614 0.0587969 0.0592272
8 0.470375 0.416311 0.0901875 0.149766
8 0.292242 0.592108 0.0354844 0.0349883
8 0.330961 0.565211 0.0536719 0.0886417