14 0.873078 0.719146 0.0213125 0.0779167
14 0.37525 0.107021 0.0223125 0.0388333
14 0.32193 0.178156 0.0134219 0.0561875
14 0.777219 0.595719 0.0367188 0.0678958
14 0.363422 0.114594 0.0105625 0.0483542
14 0.357844 0.0615104 0.0180625 0.0575625
14 0.342914 0.0686458 0.0158906 0.0529583
14 0.307492 0.0685208 0.0173906 0.0420417
14 0.385805 0.155813 0.0300469 0.0461667
14 0.324805 0.0513333 0.0287969 0.0487083
14 0.747062 0.639635 0.0226562 0.0725208
14 0.313578 0.143104 0.0159063 0.0333333
14 0.324711 0.0809583 0.0234219 0.0247917
14 0.381516 0.0726979 0.0360625 0.0425625
14 0.311 0.109323 0.0195938 0.0539792
14 0.352797 0.104542 0.0173437 0.0622083
14 0.382648 0.137667 0.0278594 0.0387917
11 0.217313 0.168375 0.0447813 0.0657917
11 0.278445 0.0480729 0.0506719 0.0584792
11 0.259898 0.148031 0.0417344 0.0461875
11 0.288164 0.157979 0.0309844 0.039125
11 0.229 0.131292 0.0475313 0.0607083
11 0.262719 0.218969 0.0394375 0.0506458
11 0.296992 0.213177 0.0391719 0.0485625
11 0.281234 0.187615 0.0266562 0.0236875
11 0.887422 0.657813 0.0505 0.069
11 0.250586 0.189 0.0369219 0.0469167
11 0.284969 0.0995 0.025625 0.0319583
11 0.271273 0.126698 0.0309844 0.0444792
11 0.286781 0.127417 0.0165313 0.0249583
11 0.256398 0.112552 0.0297656 0.0227708
11 0.256984 0.0940208 0.028 0.034375
57 0.384539 0.495146 0.0415781 0.0299167
57 0.616945 0.144104 0.0355781 0.0465
57 0.51832 0.345729 0.0291406 0.05125
57 0.470617 0.282417 0.0259531 0.0565
57 0.421359 0.514323 0.0294375 0.0374792
57 0.513859 0.440729 0.0271562 0.0342083
57 0.635625 0.176427 0.0364688 0.0428542
57 0.35407 0.342438 0.0371094 0.04275
57 0.626672 0.214781 0.0334688 0.0395625
57 0.605172 0.179562 0.0294063 0.0469583
57 0.439422 0.272375 0.0289687 0.0521667
57 0.358742 0.473052 0.0357969 0.0356042
57 0.494664 0.479552 0.0292656 0.0321042
57 0.370742 0.309896 0.0485156 0.04925
57 0.274187 0.689969 0.0362188 0.0452708
57 0.572812 0.175135 0.0379375 0.0491458
57 0.45975 0.503542 0.027 0.033875
57 0.566688 0.231458 0.0341562 0.0465833
57 0.341414 0.433417 0.0352969 0.0342917
57 0.401078 0.283479 0.0462813 0.0545417
57 0.604891 0.241115 0.0430625 0.0522292
57 0.585578 0.217802 0.0264375 0.0488125
57 0.338664 0.388708 0.0359844 0.0357083
57 0.526398 0.394396 0.0278594 0.03925
57 0.657969 0.204229 0.0367813 0.05025
57 0.504164 0.300177 0.0307656 0.0613542