6 0.374177 0.690469 0.623396 0.102062
6 0.240354 0.777992 0.47075 0.121922
6 0.407281 0.806359 0.564438 0.108531
6 0.316698 0.60493 0.572562 0.254641
6 0.164667 0.590313 0.329333 0.307063
6 0.211937 0.455766 0.386667 0.103844
44 0.448198 0.211977 0.225979 0.176797
44 0.138385 0.43918 0.205187 0.0985781
44 0.39301 0.356859 0.240188 0.171687
44 0.70126 0.215414 0.192021 0.141297
44 0.14974 0.209883 0.0548125 0.106797
44 0.180052 0.332102 0.205813 0.148609
44 0.263156 0.194969 0.229521 0.175344
36 0.568646 0.389188 0.182917 0.142937
36 0.78099 0.259578 0.187187 0.134156
36 0.751375 0.384813 0.214083 0.136437
36 0.583313 0.299109 0.186667 0.15
36 0.557292 0.450461 0.1745 0.0724219
36 0.374906 0.460727 0.178812 0.0966094
1 0.811573 0.573836 0.224271 0.186516
1 0.442437 0.614141 0.203625 0.0651562
1 0.552646 0.800578 0.174542 0.128344
1 0.596135 0.556414 0.225646 0.164609
1 0.757 0.487062 0.181083 0.09025
1 0.667906 0.684969 0.198854 0.160187
1 0.801656 0.793359 0.216479 0.161469