5 0.894632 0.0852941 0.210735 0.115359
5 0.959657 0.166928 0.0806863 0.0693137
59 0.360694 0.407042 0.280703 0.226046
59 0.490792 0.706176 0.347108 0.291144
59 0.613562 0.491993 0.28768 0.197157
59 0.181152 0.285016 0.252239 0.212255
59 0.0962337 0.78156 0.192467 0.292925
59 0.739036 0.0329003 0.0786601 0.0658007
59 0.299191 0.919502 0.406748 0.160997
59 0.218603 0.61299 0.257925 0.214379
59 0.96491 0.236389 0.0701797 0.127026
59 0.0249592 0.969387 0.0489052 0.0576961
59 0.087933 0.254208 0.175866 0.160899
59 0.089281 0.476699 0.173987 0.239085