43 0.390177 0.471508 0.0745625 0.0384219
43 0.339417 0.577141 0.0417917 0.0393125
43 0.422583 0.563148 0.0599583 0.0391406
43 0.516635 0.783266 0.0535625 0.0420937
43 0.394229 0.637047 0.0431667 0.039125
43 0.264937 0.398523 0.0489167 0.0453281
43 0.464781 0.721375 0.0394375 0.0330625
43 0.287302 0.431617 0.0311875 0.0437969
43 0.274969 0.479656 0.0462292 0.041375
43 0.402094 0.504781 0.0614792 0.0443125
43 0.364719 0.624375 0.0529792 0.0556875
43 0.593667 0.648969 0.0344167 0.0350312
43 0.554135 0.809109 0.0480208 0.054375
43 0.519927 0.865586 0.0427292 0.0253281
43 0.22825 0.300031 0.04875 0.0436875
43 0.456823 0.482297 0.0553125 0.0442813
43 0.300125 0.373805 0.0736667 0.0418906
43 0.492792 0.761148 0.0487083 0.0297344
43 0.515552 0.70932 0.0525625 0.0239219
43 0.292854 0.515586 0.0534167 0.0360469
43 0.439792 0.740102 0.05325 0.0497344
43 0.516958 0.815594 0.0399583 0.0417187
43 0.360948 0.523813 0.0537708 0.0370937
43 0.578604 0.600656 0.04275 0.0520625
43 0.390365 0.669586 0.0504792 0.0316094
43 0.498885 0.844922 0.0438958 0.030625
43 0.259469 0.363578 0.0396458 0.0386562
43 0.316635 0.436219 0.0463958 0.048875
43 0.475687 0.811617 0.0476667 0.0361406
43 0.415542 0.692969 0.060375 0.03575
43 0.484042 0.684094 0.0600833 0.0533438
43 0.49401 0.737313 0.0633542 0.0361563
43 0.434073 0.687656 0.0206458 0.0233125
43 0.448396 0.78125 0.0287917 0.0260937