34 0.139648 0.127927 0.0727656 0.0451042
34 0.656516 0.381208 0.0716875 0.143375
34 0.367945 0.251271 0.0379844 0.07975
34 0.424531 0.56374 0.123719 0.0644792
34 0.296055 0.251781 0.0714219 0.0574792
34 0.621641 0.408687 0.042875 0.139875
34 0.604641 0.311083 0.033625 0.0515417
34 0.380492 0.189635 0.0545156 0.0566042
34 0.0891953 0.634167 0.0551719 0.121208
34 0.368336 0.138594 0.0227969 0.0307292
34 0.354148 0.53724 0.0779219 0.102729
34 0.706617 0.123448 0.0368906 0.0252708
34 0.124328 0.409823 0.0337187 0.0772708
34 0.178945 0.166125 0.0928281 0.0650417
34 0.65543 0.298563 0.0354531 0.0270417
34 0.485211 0.698125 0.0262969 0.014875
34 0.461883 0.0358646 0.0142344 0.0169375
34 0.800141 0.73875 0.108187 0.072125
34 0.643117 0.231406 0.0262344 0.0506875
42 0.467516 0.43124 0.177469 0.165563
42 0.517625 0.116562 0.0995 0.0611667
42 0.221742 0.730479 0.143359 0.225333
42 0.382875 0.769021 0.250781 0.228458
42 0.626109 0.611542 0.100844 0.149208
42 0.319508 0.385281 0.0577031 0.0964792
42 0.0536641 0.405417 0.0945469 0.156292
42 0.688148 0.701865 0.101422 0.157354
42 0.610484 0.853302 0.166063 0.218854
42 0.484898 0.258917 0.212203 0.209292
42 0.0585938 0.248906 0.0921562 0.115771
42 0.5725 0.383708 0.0674063 0.0985833
42 0.468914 0.855938 0.187766 0.1705
42 0.660461 0.523031 0.167922 0.0847292
42 0.361609 0.333406 0.0928125 0.107312
42 0.879992 0.368708 0.126047 0.202083
42 0.898094 0.718021 0.127219 0.145458
42 0.164398 0.586531 0.131953 0.214979