23 0.486383 0.25924 0.0344219 0.0149375
23 0.499531 0.441958 0.0390625 0.0502917
23 0.462266 0.46026 0.0423125 0.0549792
23 0.127094 0.366917 0.0488438 0.06975
23 0.541234 0.815698 0.0537813 0.0688125
23 0.399273 0.0874375 0.0330781 0.025625
23 0.603484 0.307448 0.0460938 0.0393542
23 0.289977 0.483875 0.0636406 0.11825
23 0.330867 0.125823 0.0505781 0.0397292
23 0.125547 0.533833 0.0435625 0.0724167
23 0.416953 0.3555 0.0545937 0.100167
23 0.198937 0.311167 0.0576875 0.0639167
23 0.457695 0.380635 0.0540469 0.0843125
23 0.298906 0.748188 0.06375 0.0668333
23 0.129984 0.457135 0.0364063 0.0587708
23 0.410898 0.170229 0.0447031 0.0564167
23 0.639797 0.452698 0.0701875 0.125896
23 0.58282 0.767229 0.0727031 0.0536667
46 0.204383 0.437938 0.0468281 0.041125
46 0.489875 0.344583 0.0761875 0.088625
46 0.448453 0.80951 0.0655937 0.0828125
46 0.494703 0.408906 0.048625 0.0456875
46 0.595672 0.73125 0.069875 0.0687917
46 0.358078 0.226073 0.0586563 0.0556458
46 0.0588594 0.633115 0.0745 0.0956042
46 0.229922 0.409521 0.0801562 0.0772083
46 0.330359 0.483792 0.0515938 0.0734167
46 0.603594 0.281104 0.0424687 0.0357917
46 0.476477 0.143781 0.0480156 0.0473542
46 0.145742 0.28475 0.0287656 0.0459583
46 0.191719 0.572688 0.0540312 0.0720417
46 0.33675 0.423198 0.0530625 0.0624375
46 0.435844 0.436906 0.0616563 0.0696042
46 0.374047 0.458396 0.0439375 0.0391667
14 0.395391 0.419792 0.0606875 0.0578333
14 0.17018 0.281917 0.0382656 0.064875
14 0.359156 0.37375 0.0708438 0.0817083
14 0.3255 0.145208 0.0244688 0.029
14 0.206766 0.504125 0.0947187 0.100792
14 0.305414 0.425521 0.0409844 0.0486667
14 0.111805 0.278135 0.0567656 0.0977292
14 0.290406 0.33074 0.0921875 0.0929792
14 0.115828 0.571875 0.0426562 0.108542
14 0.311156 0.355781 0.0824688 0.0841042
14 0.144984 0.329615 0.0494375 0.0463958
14 0.370234 0.311219 0.0565 0.0571042
14 0.15282 0.501896 0.0694844 0.123375
14 0.211586 0.361177 0.0453906 0.0343958
14 0.499312 0.441906 0.0381875 0.0496458
14 0.290844 0.25676 0.0780937 0.0834792
14 0.325258 0.298917 0.0466406 0.0532083
14 0.389281 0.499969 0.0546562 0.0941042
14 0.54643 0.279469 0.0748906 0.0393542
14 0.236 0.286292 0.070375 0.075875
14 0.424516 0.242875 0.0584375 0.0276667
14 0.435266 0.138646 0.0451875 0.0535833
14 0.398008 0.20549 0.0248594 0.0399792
14 0.63918 0.452708 0.0713281 0.123292
14 0.284336 0.167698 0.0715469 0.0676875
14 0.370828 0.178969 0.0375 0.0385208
14 0.178961 0.340417 0.0598281 0.0531667
14 0.249797 0.52075 0.0658438 0.0912917
14 0.0947891 0.305031 0.0540469 0.0643542
14 0.581391 0.770042 0.068875 0.060375
14 0.185359 0.222833 0.04 0.0562917
24 0.562523 0.216188 0.304797 0.105667
24 0.0576406 0.465698 0.115281 0.290396
24 0.808758 0.247333 0.265984 0.21625
24 0.495039 0.322271 0.326172 0.153875
24 0.314297 0.189146 0.259781 0.199583
24 0.546461 0.135927 0.177797 0.113521
24 0.270125 0.160458 0.231469 0.155458