42 0.314188 0.621109 0.173719 0.257824
42 0.704609 0.68909 0.28475 0.117176
42 0.926438 0.269121 0.0936875 0.0819665
42 0.884437 0.130126 0.149688 0.153264
42 0.178187 0.484017 0.259188 0.142887
42 0.238789 0.341192 0.222609 0.126695
42 0.393078 0.0784833 0.0614062 0.121151
42 0.608875 0.126977 0.19075 0.19818
42 0.81082 0.0418619 0.0946719 0.0829707
42 0.91193 0.382877 0.108391 0.171904
42 0.406969 0.269278 0.160594 0.162657
42 0.886164 0.541098 0.174453 0.206046
59 0.172414 0.736851 0.141391 0.233912
59 0.531758 0.267155 0.107547 0.080795
59 0.454109 0.710146 0.234406 0.214728
59 0.124445 0.399801 0.122484 0.134121
59 0.258555 0.874728 0.165109 0.250544
59 0.737867 0.280952 0.112766 0.199017
59 0.768281 0.0775523 0.176313 0.155105
59 0.502563 0.138964 0.0459062 0.108515
59 0.823188 0.477741 0.169375 0.288159
59 0.101211 0.527814 0.0751719 0.0665481
59 0.561742 0.0564644 0.119734 0.0929707
59 0.97032 0.177887 0.0548906 0.161967
59 0.976031 0.386517 0.0467187 0.0976778
59 0.390328 0.0688389 0.236719 0.130774