38 0.709907 0.64372 0.190853 0.16204
38 0.78292 0.62197 0.106213 0.08986
38 0.58688 0.71416 0.133547 0.068
38 0.23952 0.74983 0.127147 0.08654
38 0.41372 0.77983 0.121947 0.0463
38 0.412373 0.60929 0.167947 0.15114
38 0.56848 0.58315 0.0968 0.06794
38 0.532467 0.68587 0.143653 0.1497
38 0.30268 0.60342 0.121413 0.1088
38 0.814973 0.71083 0.0691467 0.05414
38 0.328693 0.78295 0.0506133 0.02898
38 0.32624 0.69185 0.06336 0.0363
38 0.22712 0.6594 0.0901867 0.08856
38 0.511213 0.78615 0.0910133 0.03274
38 0.75904 0.72816 0.0525333 0.04492
38 0.675707 0.75102 0.0957333 0.05488
38 0.334973 0.58986 0.0449333 0.05816
38 0.424947 0.69637 0.07768 0.03574
17 0.225693 0.65987 0.0881867 0.09102
17 0.4078 0.38635 0.323973 0.03798
17 0.311107 0.74833 0.0495733 0.0533
17 0.507187 0.47027 0.777947 0.04422
17 0.283133 0.71397 0.0201867 0.02078
17 0.281507 0.77828 0.0428 0.02964
17 0.424413 0.69475 0.0731467 0.0341
17 0.395107 0.68498 0.0582133 0.03632
17 0.240547 0.72674 0.0468533 0.04768
17 0.40128 0.75556 0.0361067 0.0426
17 0.347333 0.39692 0.285707 0.06152
17 0.353573 0.76409 0.0560533 0.04154
17 0.364 0.72839 0.06896 0.05274
17 0.49288 0.44803 0.789973 0.08074
17 0.16844 0.69171 0.0629067 0.05182
17 0.592027 0.65472 0.0408 0.04116
17 0.656053 0.39118 0.476853 0.05984
14 0.565307 0.62669 0.13568 0.03794
14 0.78436 0.66122 0.0442933 0.02364
14 0.686667 0.633 0.0188267 0.01668
14 0.716067 0.73001 0.0960267 0.05938
14 0.59896 0.76406 0.06896 0.0558
14 0.521907 0.76925 0.138267 0.0615
14 0.555387 0.77628 0.06976 0.0336
14 0.63352 0.6747 0.04 0.04924