42 0.687391 0.145573 0.0395625 0.0854792
42 0.467266 0.102594 0.0599688 0.0609792
42 0.199414 0.372896 0.0848594 0.153292
42 0.288297 0.410177 0.0490938 0.0682708
42 0.525539 0.46599 0.0854219 0.0991042
42 0.235734 0.716781 0.127312 0.123896
42 0.714836 0.303698 0.104328 0.0888958
42 0.514594 0.653896 0.0530625 0.0620417
42 0.622148 0.840177 0.0695469 0.133063
42 0.375414 0.211635 0.0555156 0.124313
42 0.660789 0.69449 0.106234 0.110021
42 0.71543 0.528031 0.0282969 0.0273125
42 0.772406 0.632188 0.057125 0.0766667
42 0.447727 0.818969 0.0932656 0.0943542
42 0.301148 0.203552 0.0399531 0.0633542
8 0.331305 0.745344 0.0807656 0.0782292
8 0.78343 0.603677 0.149078 0.203104
8 0.768922 0.31826 0.03075 0.0772708
8 0.384078 0.476927 0.05575 0.169271
8 0.417914 0.391635 0.0484531 0.0910208
8 0.410859 0.679188 0.063875 0.166042
8 0.64293 0.312448 0.126703 0.111854
8 0.527695 0.734802 0.0774844 0.165229
8 0.304695 0.212813 0.0982656 0.173333
8 0.292352 0.511302 0.164172 0.124062
8 0.481328 0.13074 0.106563 0.179771
8 0.370563 0.321021 0.0525 0.0635833
8 0.452492 0.305604 0.0317969 0.0895417