11 0.762594 0.576573 0.0592812 0.0628542
11 0.709352 0.313729 0.0528594 0.0443333
11 0.627484 0.396813 0.06925 0.0633333
11 0.672117 0.347271 0.0810156 0.0975
11 0.62068 0.575927 0.0882344 0.125854
11 0.924961 0.588969 0.0310156 0.0323542
11 0.93807 0.48974 0.0559531 0.0398542
11 0.778664 0.309354 0.0907344 0.134625
11 0.744469 0.51901 0.071125 0.0678958
11 0.886086 0.434229 0.0217344 0.0177083
11 0.974656 0.558073 0.05 0.101271
11 0.958352 0.568083 0.0134531 0.0366667
11 0.834758 0.551385 0.0894844 0.117021
11 0.641102 0.476875 0.0254531 0.0254583
11 0.689391 0.445635 0.074125 0.118063
11 0.769406 0.339177 0.0548125 0.0329375
11 0.761164 0.438594 0.0948594 0.116896
11 0.810125 0.481385 0.077375 0.0744375
11 0.701609 0.557521 0.0852187 0.102042
11 0.960484 0.447844 0.0790312 0.0538958
11 0.848828 0.458115 0.029875 0.0425625
11 0.930656 0.492365 0.0385 0.0328125
11 0.884062 0.493635 0.071125 0.0595208
11 0.789328 0.38724 0.024625 0.0307708
11 0.824602 0.331667 0.0405781 0.0833333
11 0.971906 0.490563 0.025 0.0369167
11 0.606695 0.505323 0.0416094 0.0430208
11 0.829977 0.42299 0.0398281 0.0498542
11 0.870219 0.390479 0.0411875 0.0606667
11 0.781594 0.695958 0.038375 0.0481667
11 0.706523 0.288771 0.0594844 0.0356667
11 0.886391 0.458865 0.022625 0.0177292
11 0.598781 0.495354 0.0468438 0.0487083
11 0.598523 0.444125 0.0415156 0.0672083
11 0.642102 0.447813 0.0771094 0.0582083
11 0.853156 0.406792 0.050375 0.07
11 0.922453 0.409198 0.0724687 0.0503958
15 0.473234 0.479958 0.0686563 0.0730833
15 0.318742 0.414615 0.0753281 0.0826458
15 0.311305 0.602563 0.0741406 0.0900417
15 0.364375 0.602083 0.0439375 0.0475833
15 0.265047 0.494156 0.0299063 0.0464375
15 0.198008 0.37474 0.0169219 0.0223125
15 0.461523 0.418583 0.0555781 0.07
15 0.373156 0.417625 0.0332812 0.0479583
15 0.260562 0.454104 0.0484687 0.0779583
15 0.21 0.342333 0.0277813 0.0402083
15 0.487039 0.393885 0.0357344 0.0276875
15 0.210562 0.590125 0.040375 0.0535833
15 0.400414 0.574354 0.0615469 0.083
15 0.191969 0.339979 0.0215938 0.0338333
15 0.183836 0.523844 0.0594219 0.0620625
15 0.0488906 0.580156 0.0322188 0.0578125
15 0.231875 0.535625 0.0514063 0.0465
15 0.0901328 0.584885 0.0761094 0.0844375
15 0.165945 0.594615 0.0652031 0.0461458
15 0.151578 0.416396 0.0573438 0.0560833
15 0.210078 0.468719 0.0376875 0.0476875
15 0.268398 0.374104 0.0782656 0.0815417
15 0.304203 0.487333 0.0516563 0.0636667
15 0.295328 0.553937 0.0475 0.0512083
15 0.535672 0.582229 0.0317188 0.0684583
15 0.143063 0.557302 0.0613437 0.0674375
15 0.0659453 0.495688 0.0261719 0.0430833
15 0.541828 0.415281 0.0322812 0.0490625
15 0.274914 0.528687 0.0502031 0.0415417
15 0.539219 0.507687 0.0348125 0.0820417
15 0.183961 0.390604 0.0254219 0.0353333
15 0.31518 0.526292 0.0296719 0.03225
15 0.481625 0.588833 0.0415 0.0815417
15 0.429414 0.521021 0.0532656 0.074875
15 0.251109 0.577479 0.0541562 0.0755417
15 0.402961 0.442312 0.0519219 0.0682083
15 0.0913672 0.484958 0.0436406 0.03325
15 0.42568 0.41124 0.0432656 0.0595208
15 0.348555 0.544771 0.0634844 0.080875
15 0.333836 0.364312 0.0470781 0.0506667
15 0.180914 0.446969 0.0273594 0.0534375
15 0.256234 0.346979 0.0609688 0.0482083
15 0.131352 0.510687 0.0610156 0.046625
15 0.124266 0.455531 0.0410625 0.0451458
15 0.0773594 0.526135 0.0523438 0.0522708
15 0.231227 0.411021 0.0886094 0.0887917