52 0.691109 0.5235 0.0859375 0.0649167
52 0.287352 0.439208 0.0762031 0.0953333
52 0.569992 0.391333 0.0656094 0.0777083
52 0.546234 0.320771 0.0320937 0.069625
52 0.574578 0.195635 0.0623125 0.0806042
52 0.293852 0.621823 0.0555781 0.0956458
52 0.307352 0.590448 0.0644531 0.0807292
52 0.631289 0.471531 0.0659531 0.0958958
52 0.808219 0.317948 0.0375937 0.0948542
52 0.759219 0.299365 0.0317188 0.0776875
52 0.690562 0.368646 0.0502812 0.0993333
52 0.236797 0.594615 0.0682187 0.114354
52 0.387437 0.376281 0.0698125 0.104854
52 0.835086 0.393833 0.0814531 0.0965
52 0.14707 0.383813 0.0744219 0.108917
52 0.728547 0.360625 0.0445938 0.0714583
52 0.614672 0.31825 0.0339375 0.0285833
52 0.159703 0.610792 0.0755313 0.094875
52 0.344367 0.607979 0.0431719 0.073625
52 0.339156 0.449542 0.04625 0.113125
52 0.263445 0.37899 0.0948281 0.121521
52 0.578898 0.308833 0.0406406 0.055
52 0.593781 0.25549 0.0230625 0.0641458
52 0.797992 0.481406 0.0411406 0.0460208
52 0.686555 0.257198 0.0263594 0.0455625
52 0.336617 0.719094 0.0615469 0.107438
52 0.131695 0.644229 0.0791406 0.106958
52 0.223492 0.562958 0.0754219 0.102
52 0.181141 0.678844 0.0976875 0.111021
52 0.371336 0.709198 0.0342031 0.0927708
52 0.591273 0.391344 0.0330156 0.0566042
52 0.320117 0.754104 0.0665781 0.08225
11 0.181203 0.406844 0.0636875 0.0527292
11 0.70125 0.232104 0.0509687 0.0682083
11 0.637406 0.233177 0.0888125 0.103438
11 0.428164 0.58474 0.123078 0.174604
11 0.631617 0.363062 0.0430781 0.0323333
11 0.608016 0.420312 0.0725625 0.0845833
11 0.252969 0.705896 0.111531 0.123583
11 0.772703 0.532969 0.0931875 0.0758125
11 0.690891 0.464865 0.0642812 0.0781458
11 0.712219 0.311438 0.0506875 0.0509167
11 0.7525 0.223458 0.065 0.108458
11 0.630859 0.171656 0.0610938 0.0795625
11 0.558703 0.259792 0.06225 0.0734167
11 0.758852 0.502146 0.107359 0.0969583
11 0.774461 0.411917 0.0680781 0.0966667
11 0.630172 0.288427 0.0679063 0.0524375
11 0.242164 0.437875 0.0284531 0.0320417
33 0.620437 0.345219 0.093 0.0391458
33 0.787438 0.34051 0.0331875 0.234437
33 0.759727 0.41049 0.0367969 0.156271
33 0.767414 0.247323 0.0862969 0.134063
33 0.366656 0.431208 0.117625 0.158
33 0.35807 0.373208 0.151016 0.203875
33 0.355664 0.438688 0.0631719 0.205875
33 0.684328 0.331052 0.0875 0.161604
33 0.743711 0.344604 0.0585781 0.116667
33 0.181289 0.479542 0.104047 0.0550833
33 0.661906 0.455052 0.197313 0.0797292
33 0.392398 0.630594 0.101641 0.117396
33 0.288594 0.498198 0.157125 0.121021
33 0.191406 0.560198 0.117375 0.135146
33 0.315797 0.556073 0.109281 0.0433125
33 0.253711 0.519698 0.239359 0.214021