11 0.360187 0.49185 0.184469 0.183794
11 0.341742 0.408173 0.116078 0.0994379
11 0.245266 0.363361 0.0955312 0.145831
11 0.197602 0.482892 0.0790156 0.107002
11 0.397266 0.393407 0.127 0.152998
11 0.242945 0.558302 0.169953 0.20733
11 0.190289 0.451674 0.129953 0.178009
52 0.52625 0.403279 0.0555625 0.0615457
52 0.470773 0.436101 0.0401719 0.0471429
52 0.582086 0.356393 0.0727031 0.0822482
52 0.493836 0.386335 0.0591094 0.0916862
52 0.718078 0.457892 0.0618125 0.0829508
52 0.782734 0.412389 0.0339062 0.0545667
52 0.673781 0.42459 0.0612188 0.0759251
52 0.596688 0.393981 0.0571875 0.0539578
52 0.779289 0.489766 0.0398906 0.0610773
52 0.749016 0.402892 0.0558438 0.115714
52 0.675578 0.384496 0.0695625 0.0574239
52 0.664852 0.459731 0.0258281 0.0243326
52 0.713453 0.399977 0.0191562 0.0227166