1 0.956336 0.426156 0.0873281 0.0841458
1 0.571523 0.400125 0.0726719 0.0897083
1 0.804883 0.21426 0.0965469 0.122979
1 0.81143 0.411115 0.0475156 0.105063
1 0.0214922 0.526875 0.0429844 0.0525417
1 0.677094 0.492625 0.101375 0.117625
1 0.64982 0.397792 0.101391 0.130083
1 0.619945 0.701229 0.108891 0.1475
1 0.713898 0.206292 0.0924531 0.121083
1 0.958172 0.497469 0.0836563 0.113354
1 0.745969 0.71899 0.116781 0.152979
1 0.976891 0.590385 0.0462187 0.143813
1 0.773664 0.500698 0.0962031 0.128271
1 0.118648 0.1725 0.122172 0.144083
1 0.645445 0.307563 0.0941094 0.0982917
1 0.0698438 0.295146 0.115844 0.1225
1 0.802727 0.590635 0.107859 0.152604
1 0.544664 0.311156 0.104953 0.139104
1 0.565414 0.282385 0.0855156 0.112437
1 0.620359 0.181104 0.097375 0.115917
1 0.737367 0.305073 0.0907969 0.0935625
1 0.893 0.219698 0.093 0.121229
1 0.950156 0.708719 0.0996875 0.152979
1 0.245219 0.166937 0.112125 0.128375
1 0.576906 0.473344 0.0972187 0.0953958
1 0.867406 0.481896 0.10375 0.108583
1 0.391047 0.319344 0.0953125 0.128062
1 0.546445 0.206271 0.0791094 0.0957083
1 0.747992 0.389448 0.104797 0.127937
1 0.639586 0.250562 0.0821094 0.07825
1 0.0413672 0.383833 0.0827344 0.142375
1 0.276719 0.408281 0.131 0.167604
1 0.578289 0.580948 0.114359 0.146771
1 0.757164 0.271219 0.0445156 0.0308958
1 0.87843 0.413 0.0911406 0.0866667
1 0.167703 0.0439375 0.129844 0.087875
1 0.159055 0.667302 0.117328 0.123896
1 0.340266 0.194167 0.0801875 0.102708
1 0.839234 0.32349 0.100781 0.128729
1 0.289695 0.67725 0.116984 0.146875
1 0.38368 0.42699 0.0780469 0.132354
1 0.350867 0.11075 0.0752031 0.0942083
1 0.352906 0.558604 0.129594 0.160167
1 0.417406 0.694771 0.121938 0.168875
1 0.219438 0.546104 0.122281 0.142583
1 0.0516641 0.0464167 0.103328 0.0928333
1 0.0497578 0.646125 0.0992656 0.133542
1 0.453437 0.0335833 0.0767812 0.06325
1 0.177109 0.29025 0.107844 0.1195
1 0.138414 0.397177 0.139234 0.147063
1 0.412789 0.196656 0.0757344 0.0758125
1 0.855547 0.72001 0.112906 0.156062
1 0.693984 0.597812 0.114562 0.157208
1 0.271977 0.0258229 0.0774844 0.0499375
1 0.655141 0.2845 0.0884687 0.05925
1 0.90332 0.5835 0.114047 0.152625
1 0.294461 0.292563 0.115297 0.116792
1 0.933305 0.329854 0.0991719 0.126708
48 0.294594 0.292073 0.114688 0.116521
48 0.118859 0.171479 0.121281 0.14325
48 0.371852 0.0302917 0.0684531 0.0605833
48 0.159484 0.667687 0.116594 0.123542
48 0.176703 0.293646 0.108375 0.116917
48 0.0343516 0.165302 0.0687031 0.119271
48 0.138367 0.395625 0.139766 0.145708
48 0.245727 0.167125 0.114547 0.1285
48 0.0522344 0.0466354 0.104469 0.0932708
48 0.276398 0.409292 0.131203 0.164458
48 0.0880703 0.540583 0.111172 0.128375
48 0.390477 0.319104 0.0947656 0.12825
48 0.21968 0.543 0.122766 0.148708
48 0.289852 0.677708 0.116328 0.14475
48 0.351016 0.109833 0.0770625 0.09425
48 0.166547 0.0441667 0.129438 0.0883333
48 0.0697578 0.294937 0.116328 0.121625
48 0.272469 0.0249792 0.0768125 0.0499583
48 0.270148 0.0807812 0.0787969 0.0987708
48 0.00941406 0.245458 0.0188281 0.0942083
48 0.0225625 0.526448 0.0421562 0.0545625
48 0.381102 0.427177 0.0839219 0.132438
48 0.417297 0.693844 0.12025 0.170521
48 0.45375 0.0325521 0.0775937 0.0630625
48 0.312852 0.00580208 0.0317656 0.0116042
48 0.412656 0.196583 0.0745313 0.0757917
48 0.352156 0.545344 0.128594 0.133354
48 0.041875 0.391594 0.0824375 0.157313
48 0.339953 0.195479 0.082125 0.102667
44 0.976836 0.163927 0.0423281 0.0584792
44 0.989336 0.0475312 0.0184844 0.0477292
44 0.986359 0.205208 0.0272812 0.0607083
44 0.993914 0.100396 0.0121719 0.0552083
44 0.960086 0.0717083 0.0439844 0.0497083