59 0.330258 0.769844 0.0800469 0.0815625
59 0.658617 0.18376 0.0332969 0.0468125
59 0.627555 0.734865 0.0897656 0.0549375
59 0.807211 0.476656 0.0441094 0.0597292
59 0.743117 0.282271 0.0249219 0.0506667
59 0.702523 0.69949 0.0716719 0.101521
59 0.572523 0.780479 0.0294219 0.0563333
59 0.777727 0.550312 0.0587031 0.08925
59 0.7575 0.614333 0.0625 0.0618333
59 0.360391 0.711844 0.0763438 0.0743542
59 0.15325 0.385802 0.029 0.0471042
59 0.429547 0.112167 0.0244062 0.0280417
59 0.728906 0.656542 0.0488438 0.051
59 0.183062 0.446406 0.0388437 0.0620625
59 0.24332 0.229115 0.0405781 0.0442708
59 0.484828 0.477698 0.0246562 0.0128542
59 0.314852 0.559917 0.0138281 0.0257083
59 0.292781 0.802542 0.0570625 0.0626667
59 0.389781 0.800135 0.0574375 0.0427292
59 0.540109 0.399083 0.047875 0.0582083
59 0.174734 0.340562 0.0379688 0.0435417
59 0.680961 0.17326 0.0430156 0.0478542
59 0.207484 0.669615 0.0432813 0.0756458
59 0.805555 0.358042 0.0236094 0.0662917
59 0.337211 0.144896 0.0286406 0.03225