44 0.685898 0.682417 0.101859 0.163083
44 0.570188 0.590052 0.0904062 0.0834375
44 0.252828 0.761271 0.142844 0.181458
44 0.820875 0.65401 0.124281 0.130188
44 0.566039 0.442698 0.0911094 0.127937
44 0.549063 0.337052 0.096875 0.0994792
44 0.136773 0.411115 0.0785156 0.122479
44 0.416867 0.52551 0.132141 0.199104
44 0.303758 0.688833 0.0749844 0.142667
44 0.325063 0.849094 0.0932187 0.0889375
44 0.63557 0.512667 0.125391 0.1565
44 0.482383 0.628135 0.128672 0.167687
44 0.342148 0.537385 0.0323906 0.0619792
44 0.218633 0.344031 0.0993281 0.122229
44 0.369039 0.429958 0.128703 0.164208
44 0.0576328 0.444802 0.105828 0.142854
44 0.173867 0.53675 0.100078 0.159542
44 0.849445 0.592781 0.0369844 0.0368958
44 0.525867 0.37576 0.0545469 0.0435208
44 0.219172 0.419417 0.0874062 0.115708
44 0.629828 0.417656 0.059125 0.0395625
44 0.45725 0.38099 0.105563 0.115854
44 0.510789 0.477708 0.120234 0.167833
44 0.709641 0.456604 0.0935938 0.149583
44 0.165719 0.731281 0.0990313 0.162771
44 0.105438 0.622573 0.111688 0.145563
44 0.272813 0.454292 0.113531 0.162
44 0.366859 0.272917 0.109281 0.141458
44 0.54568 0.871458 0.0821719 0.0492917
44 0.895602 0.678187 0.0276094 0.032375
44 0.106805 0.517104 0.0808906 0.10575
44 0.435453 0.328885 0.095 0.0611042
44 0.0803828 0.351427 0.0957656 0.0863125
44 0.320008 0.341833 0.114766 0.094625
44 0.0488203 0.669677 0.0449844 0.0506458
44 0.830883 0.789437 0.0213594 0.025375
44 0.350102 0.776438 0.0722031 0.0797083
44 0.741313 0.591354 0.115656 0.148
44 0.111914 0.727281 0.0314219 0.0800625
44 0.538758 0.776854 0.0344531 0.0192917
44 0.599406 0.688812 0.132187 0.168292
44 0.450297 0.754219 0.146063 0.130062
44 0.758266 0.716812 0.0614375 0.0296667
44 0.0621797 0.838615 0.0281719 0.0461875
44 0.562898 0.538958 0.0358906 0.0267083
44 0.0349766 0.580969 0.0699531 0.161688
44 0.2385 0.594437 0.133281 0.159
44 0.459906 0.293625 0.0861563 0.10925
44 0.163602 0.341156 0.0197344 0.0316458
44 0.0161563 0.401104 0.0301563 0.04175
44 0.355305 0.65674 0.135328 0.179063
44 0.281953 0.315396 0.0464375 0.044125