6 0.490906 0.268562 0.359938 0.243719
6 0.459578 0.298383 0.335125 0.225203
6 0.585625 0.259719 0.283969 0.321375
1 0.318898 0.588656 0.164641 0.158062
1 0.618125 0.491437 0.140906 0.141406
1 0.58757 0.643203 0.142422 0.146969
1 0.754617 0.449313 0.133922 0.140187
47 0.753805 0.449789 0.136828 0.140922
47 0.587562 0.642469 0.142031 0.145156
47 0.618148 0.491398 0.140891 0.141391
2 0.45832 0.362078 0.106234 0.104
2 0.349961 0.381273 0.100953 0.0988594
2 0.271625 0.322258 0.1035 0.108141
2 0.501109 0.455477 0.105 0.105016
2 0.268508 0.435516 0.105609 0.11075
2 0.380227 0.483516 0.113703 0.107469
2 0.490086 0.562437 0.111453 0.113531