14 0.713266 0.393979 0.0722812 0.0562083
14 0.465586 0.604208 0.0741406 0.115375
14 0.755922 0.633052 0.0584687 0.0848542
14 0.210266 0.325344 0.0456562 0.0628125
14 0.668945 0.253427 0.0860781 0.0667292
14 0.830109 0.270302 0.0754062 0.0385625
14 0.226562 0.3185 0.0472187 0.0497083
14 0.604484 0.292833 0.0659062 0.0451667
14 0.502273 0.460302 0.0470156 0.0918542
14 0.621641 0.117698 0.0651875 0.0486458
14 0.733875 0.271365 0.0479375 0.0441458
14 0.864031 0.321646 0.0471562 0.0261667
14 0.340555 0.39525 0.0587969 0.0842083
14 0.512727 0.3835 0.0711406 0.058875
14 0.760453 0.393646 0.07325 0.0513333
14 0.725891 0.206427 0.0364063 0.0595208