52 0.0739219 0.823865 0.147844 0.192271
52 0.639039 0.934406 0.0680781 0.0781875
52 0.950328 0.623854 0.0975 0.171375
52 0.0300391 0.722969 0.0600781 0.0909792
52 0.830875 0.912729 0.129781 0.170042
52 0.724734 0.95424 0.159312 0.0915208
52 0.0420391 0.914615 0.0807656 0.155396
52 0.964312 0.767823 0.070375 0.134604
52 0.130578 0.264667 0.100375 0.107708
52 0.370898 0.834646 0.156484 0.178708
52 0.493336 0.883167 0.150703 0.161375
52 0.338266 0.933833 0.101344 0.09
52 0.0796875 0.343927 0.04975 0.106729
52 0.0369609 0.431854 0.0739219 0.109792
52 0.715664 0.867417 0.0799219 0.111708
52 0.231328 0.915948 0.15075 0.161313
52 0.294727 0.0646354 0.129891 0.129271
52 0.345695 0.136427 0.114734 0.140354
52 0.222164 0.161302 0.113609 0.137813
52 0.194781 0.214438 0.101656 0.0989583