6 0.803148 0.691406 0.389359 0.461438
10 0.844406 0.338078 0.0716875 0.0895
10 0.242594 0.741406 0.106344 0.103438
10 0.1455 0.649625 0.109594 0.0803125
10 0.512578 0.651656 0.0880625 0.0899375
10 0.875547 0.430961 0.0575 0.0867344
10 0.334539 0.693328 0.109891 0.097
10 0.242102 0.660031 0.102734 0.0874375
10 0.942883 0.367898 0.0932656 0.0834531
10 0.135906 0.721781 0.111031 0.0935625
10 0.915273 0.328273 0.0810156 0.0862031
10 0.356328 0.628047 0.101781 0.0920625
10 0.282031 0.620383 0.0812812 0.0889844
10 0.319633 0.81507 0.101859 0.104078
38 0.924672 0.0599297 0.146281 0.114109
38 0.429859 0.180836 0.858594 0.358984
59 0.339156 0.384406 0.349094 0.334375
59 0.658609 0.200312 0.342062 0.357781
59 0.679336 0.488469 0.377953 0.371281