32 0.6661 0.587787 0.0532 0.0709333
32 0.71906 0.81636 0.05576 0.0878133
32 0.66209 0.814907 0.05682 0.0749867
32 0.66989 0.847253 0.04034 0.0461333
32 0.79203 0.511533 0.0439 0.0569867
32 0.79478 0.618333 0.0624 0.0669067
32 0.75968 0.553213 0.05632 0.0783733
32 0.61658 0.548747 0.04376 0.0650667
32 0.41067 0.569133 0.07074 0.103227
32 0.57301 0.516027 0.05722 0.0704
32 0.67522 0.742173 0.05668 0.0862667
32 0.66851 0.52556 0.05474 0.0662667
32 0.69936 0.88104 0.04636 0.0789867
32 0.72017 0.915147 0.05174 0.04864
32 0.6709 0.904973 0.05112 0.07096
32 0.7364 0.843013 0.03456 0.0625067
32 0.73906 0.595267 0.04976 0.08776
32 0.80998 0.684973 0.05172 0.0681333
32 0.80599 0.7502 0.05394 0.0767733
32 0.76649 0.791267 0.0603 0.0804
32 0.80552 0.565693 0.03952 0.0609867
32 0.54517 0.772107 0.11318 0.15152
32 0.66035 0.655613 0.0603 0.07256
32 0.63701 0.69348 0.04538 0.0516533
32 0.7206 0.500133 0.0528 0.0349867
32 0.69882 0.61656 0.04928 0.0821333
32 0.63323 0.6306 0.03414 0.0725067
32 0.59343 0.873307 0.1201 0.140053
32 0.63809 0.540107 0.0373 0.0670933
32 0.58517 0.6444 0.07662 0.14176
32 0.69865 0.745747 0.04558 0.08696
32 0.59969 0.495347 0.04914 0.0334667
32 0.5862 0.564747 0.02768 0.0369067
32 0.74175 0.718987 0.06438 0.0825067
32 0.63789 0.75328 0.04138 0.0848533
32 0.42157 0.684027 0.10582 0.142987
32 0.70355 0.560333 0.04298 0.0424267
32 0.31989 0.730387 0.11414 0.132453
32 0.76855 0.71592 0.03746 0.0704
32 0.3126 0.86176 0.1202 0.161493
32 0.69222 0.677467 0.0424 0.0266667
48 0.50289 0.616213 0.14082 0.254293
48 0.60907 0.7608 0.04798 0.110773
6 0.55215 0.48052 0.4063 0.234267
6 0.38654 0.383973 0.198 0.297173
6 0.29376 0.51268 0.0474 0.1876
6 0.46631 0.420427 0.3319 0.360053
6 0.29874 0.463667 0.04072 0.211813
6 0.40345 0.476587 0.11342 0.197227
6 0.4376 0.455587 0.1846 0.197787
44 0.35587 0.686627 0.08246 0.20088
44 0.43651 0.840773 0.16626 0.204