59 0.708039 0.65999 0.0377656 0.0311458
59 0.747195 0.675104 0.0306094 0.0374167
59 0.730281 0.608458 0.0476875 0.0605
59 0.649602 0.646927 0.0302031 0.0312708
59 0.64643 0.628458 0.0282656 0.0205
59 0.759141 0.647719 0.016625 0.0443958
59 0.689711 0.607552 0.0255469 0.0344792
59 0.659008 0.609813 0.0287969 0.031125
59 0.696578 0.633281 0.0249375 0.0325208
59 0.666375 0.660385 0.0390313 0.0351458
59 0.676797 0.647469 0.0317812 0.0291458
59 0.672422 0.623365 0.0250312 0.0293958
59 0.721719 0.64051 0.032875 0.0323125
59 0.682828 0.596396 0.0301875 0.0264167
8 0.438773 0.605135 0.0581094 0.0774375
8 0.249227 0.669667 0.0678906 0.102833
8 0.31032 0.713583 0.0705781 0.126667
11 0.825961 0.614521 0.151797 0.177625
11 0.883406 0.667333 0.155313 0.216125