42 0.885805 0.228708 0.0912969 0.089875
42 0.902359 0.205063 0.123656 0.102083
42 0.925289 0.411177 0.126609 0.118271
42 0.551664 0.540594 0.0744219 0.124104
42 0.631906 0.156594 0.056 0.0689375
42 0.313836 0.458458 0.0744219 0.0871667
42 0.116836 0.538625 0.0324531 0.0371667
11 0.407914 0.35649 0.0348594 0.0361042
11 0.698766 0.258229 0.0392813 0.0657083
11 0.253914 0.432354 0.0382656 0.0295
11 0.60625 0.534281 0.0334688 0.0520625
11 0.592227 0.48476 0.0395469 0.0546875
11 0.144953 0.616792 0.04975 0.0472083
11 0.387125 0.690479 0.0440625 0.07525
11 0.605828 0.378021 0.0637812 0.0886667