52 0.276344 0.437897 0.0412187 0.0620711
52 0.290797 0.583839 0.0475938 0.0611506
52 0.386469 0.283462 0.037 0.0438285
52 0.418063 0.393954 0.0379063 0.0489121
52 0.267234 0.47886 0.0269688 0.0437448
52 0.339094 0.549655 0.045 0.0624895
52 0.321922 0.279153 0.0337187 0.0448745
52 0.275297 0.522751 0.0355938 0.0481799
52 0.343602 0.33296 0.0282656 0.0529498
52 0.389203 0.375826 0.030875 0.0406485
52 0.375672 0.565073 0.04225 0.0524059
52 0.35832 0.427406 0.0273906 0.0356485
52 0.408242 0.498483 0.0471406 0.0560879
52 0.361523 0.518609 0.0479531 0.0473849
52 0.377398 0.46045 0.0395781 0.0554184
52 0.371086 0.305471 0.0363281 0.0357531
52 0.402422 0.313609 0.0249375 0.0364644
52 0.325055 0.343295 0.0328906 0.0437029
52 0.274422 0.557008 0.0300625 0.0509205
52 0.309172 0.562071 0.0218438 0.0320502
52 0.335258 0.493755 0.0576719 0.0514854
52 0.292773 0.372814 0.0321719 0.0548745
52 0.419289 0.430492 0.0433906 0.0511925
52 0.301258 0.530805 0.0393594 0.0610251
52 0.332188 0.376538 0.036 0.0451255
52 0.258578 0.409644 0.0420312 0.0577824
52 0.430539 0.357897 0.0421406 0.0469247
52 0.385703 0.394236 0.03675 0.0317782
52 0.307375 0.448902 0.0365625 0.0386402
52 0.316602 0.411402 0.0367969 0.0351883
52 0.394969 0.345439 0.0328125 0.0348536
52 0.2975 0.413421 0.0369688 0.0359205
52 0.419078 0.470021 0.0430625 0.0565272
52 0.408148 0.352971 0.0139844 0.0412971
52 0.386961 0.420868 0.0377344 0.040523
52 0.356773 0.296245 0.0296719 0.0407322
52 0.355945 0.397008 0.0313594 0.0422594
52 0.335586 0.434927 0.0397656 0.0462552
52 0.332633 0.59887 0.0444844 0.0425941