12 0.947883 0.709844 0.104234 0.145563
12 0.835242 0.497375 0.176547 0.241208
12 0.953875 0.423677 0.09225 0.293437
12 0.800656 0.0842708 0.154844 0.149875
12 0.944586 0.0852396 0.0717344 0.115312
12 0.618773 0.152344 0.195484 0.300021
14 0.360789 0.496552 0.200391 0.176979
14 0.749648 0.3545 0.126422 0.134958
14 0.713813 0.847938 0.156594 0.304125
14 0.678945 0.411573 0.117766 0.247938
14 0.489438 0.784948 0.217625 0.416938
14 0.533914 0.25026 0.0935781 0.141729
14 0.508195 0.102479 0.131203 0.173
14 0.396164 0.368167 0.274391 0.331125
14 0.627727 0.481833 0.138391 0.142417
14 0.599453 0.385042 0.0664062 0.170708
14 0.838117 0.829906 0.196359 0.264271
14 0.554344 0.377719 0.0650312 0.154729
14 0.319266 0.122281 0.252844 0.136188
14 0.310172 0.887219 0.196687 0.225562
14 0.808172 0.643823 0.202406 0.112437
14 0.556922 0.93126 0.216031 0.127646
14 0.460813 0.122031 0.137344 0.216521
14 0.651828 0.65876 0.223656 0.402063
14 0.507391 0.565865 0.110062 0.209062
14 0.529187 0.632375 0.121375 0.177917
14 0.0474766 0.965563 0.0949531 0.068875
14 0.155867 0.96601 0.116016 0.0653542