11 0.552102 0.320219 0.0288281 0.0276458
11 0.436289 0.308198 0.0678281 0.0495625
11 0.951711 0.534656 0.0965781 0.0978958
11 0.666758 0.263094 0.0690469 0.0632292
11 0.781594 0.302917 0.089875 0.114167
11 0.266383 0.267531 0.0436406 0.0331875
11 0.339617 0.407323 0.0687656 0.0737708
11 0.934812 0.656844 0.0788438 0.0903125
11 0.860008 0.649302 0.117672 0.129937
11 0.284266 0.400125 0.0704063 0.0826667
11 0.53832 0.266313 0.104734 0.0710833
11 0.266828 0.33826 0.061125 0.0533542
11 0.770477 0.521437 0.0920781 0.0587917
11 0.299023 0.464615 0.0247969 0.0179375
11 0.843039 0.278875 0.0588281 0.102708
11 0.493992 0.189833 0.0172656 0.0215833
11 0.390375 0.568844 0.0536563 0.0576875
11 0.799141 0.131385 0.0335 0.0281042
11 0.303883 0.56125 0.0503906 0.0686667