11 0.559709 0.312805 0.207522 0.0684219
11 0.653696 0.455516 0.283168 0.115125
11 0.688082 0.22132 0.301638 0.145859
23 0.939429 0.48 0.0551509 0.0395
23 0.964515 0.718461 0.0692888 0.0805156
23 0.868534 0.675422 0.0939655 0.047625
23 0.554688 0.190289 0.0871767 0.0232344
23 0.879925 0.649727 0.11903 0.0508906
23 0.539946 0.394336 0.0432543 0.0307344
23 0.869601 0.467945 0.0293319 0.0328281
23 0.934353 0.522406 0.051681 0.0687813
23 0.910894 0.29718 0.0412716 0.0576094
23 0.909375 0.589742 0.0586638 0.0364219
23 0.859925 0.306547 0.044806 0.0211875
23 0.923244 0.41475 0.0637716 0.0517188
23 0.848653 0.227477 0.036444 0.0310469
23 0.473071 0.421789 0.0852802 0.0295156