6 0.58107 0.667892 0.104453 0.41171
6 0.713078 0.739543 0.103 0.174356
6 0.494602 0.646674 0.0960469 0.352412
6 0.806633 0.870094 0.0669844 0.259813
6 0.341773 0.814824 0.0667031 0.284215
6 0.157781 0.725749 0.0925312 0.173091
6 0.292281 0.705539 0.0520312 0.194309
6 0.171547 0.840761 0.0729062 0.226721
6 0.44468 0.777822 0.0554531 0.175129
6 0.803711 0.559637 0.0986719 0.180445
6 0.947813 0.875281 0.06825 0.249438
6 0.664953 0.482892 0.209875 0.249859
6 0.286047 0.8237 0.0778125 0.278126
6 0.730344 0.871464 0.0840937 0.253607
6 0.866219 0.753911 0.109187 0.201733
6 0.0888516 0.93034 0.100422 0.139321
6 0.375961 0.709473 0.116703 0.191218
6 0.124117 0.861136 0.0615469 0.127424
6 0.458961 0.852307 0.0545156 0.140492
6 0.770109 0.762201 0.0891875 0.196815
6 0.672727 0.887646 0.0592969 0.127564
6 0.757664 0.627237 0.0600469 0.0780796
6 0.939664 0.751393 0.120672 0.188267
6 0.450672 0.583314 0.083 0.209578
6 0.233031 0.721862 0.0704375 0.196838
6 0.0967656 0.768349 0.0645312 0.177307
6 0.228531 0.842002 0.087125 0.249672
6 0.643586 0.555094 0.178078 0.254215
6 0.560258 0.660328 0.115984 0.376112
6 0.971141 0.864426 0.0574375 0.190398
6 0.879398 0.872248 0.0970156 0.253302
6 0.421211 0.62877 0.156578 0.349672
6 0.962039 0.683419 0.0759219 0.0660422
6 0.789953 0.624262 0.120625 0.135316
6 0.665758 0.828806 0.0910469 0.137845
6 0.394586 0.855457 0.0529219 0.184543
6 0.445437 0.445948 0.054375 0.0632319
6 0.60882 0.614742 0.128266 0.329953
6 0.553133 0.80726 0.0281094 0.0425293