1 0.507187 0.763719 0.0379688 0.0211042
1 0.434672 0.31124 0.0119063 0.0138958
1 0.440133 0.298969 0.0102031 0.00410417
1 0.103852 0.218531 0.00635938 0.00685417
1 0.47432 0.313854 0.0107656 0.00820833
1 0.52357 0.409083 0.0250156 0.033375
1 0.108852 0.215792 0.00726563 0.00783333
1 0.897523 0.372302 0.0167969 0.0102292
1 0.464797 0.314615 0.0140313 0.0071875
1 0.499406 0.377438 0.0201875 0.0189583
1 0.652469 0.907698 0.0611563 0.0679375
1 0.397109 0.449594 0.0198438 0.0246042
1 0.472297 0.942198 0.0535625 0.0528542
1 0.0302891 0.3635 0.0116719 0.004625
1 0.348672 0.969448 0.0505938 0.0238125
1 0.431836 0.970156 0.0436406 0.0167292
1 0.58518 0.938115 0.0602344 0.0473958
1 0.0801719 0.464458 0.00821875 0.00595833
1 0.494266 0.870771 0.0532813 0.0687083
1 0.525797 0.855823 0.0401875 0.0481875
1 0.931531 0.365385 0.0151875 0.0123125
1 0.545305 0.760219 0.0343594 0.0257292
1 0.578156 0.758719 0.0361563 0.0261458
1 0.448445 0.892958 0.0603281 0.0782917
1 0.204703 0.119875 0.00653125 0.004875
1 0.0766875 0.140896 0.009625 0.00754167
1 0.190086 0.12026 0.00710937 0.00564583
1 0.0834141 0.425438 0.0107656 0.00845833
1 0.609203 0.927719 0.0300625 0.0515208
1 0.42182 0.401625 0.0196406 0.0102083
1 0.647422 0.93801 0.05725 0.0326042
1 0.445516 0.253604 0.0111562 0.00795833
1 0.485617 0.398052 0.0203281 0.0194375
1 0.104133 0.334812 0.00517188 0.00720833
1 0.197148 0.119875 0.00851563 0.00641667
1 0.111539 0.331458 0.0121094 0.0105
1 0.872578 0.366198 0.018125 0.0124375
1 0.055625 0.434792 0.012875 0.0105
1 0.159219 0.118125 0.009125 0.006625
1 0.967445 0.375052 0.0159531 0.0110208
1 0.57018 0.9 0.0663594 0.065125
1 0.334609 0.861542 0.0538438 0.0569167
1 0.194312 0.189208 0.00709375 0.00216667
1 0.0616328 0.286573 0.0123594 0.00735417
1 0.983352 0.37026 0.0169219 0.0189792
1 0.537227 0.881562 0.0386094 0.0362917
1 0.327133 0.885698 0.0615469 0.0596042
1 0.469414 0.767677 0.0369219 0.0156458
1 0.625383 0.764552 0.0240156 0.0190625
1 0.112508 0.360615 0.00326562 0.00747917
1 0.0614687 0.219344 0.0129688 0.0118542
1 0.382953 0.964344 0.044375 0.0308542
1 0.538375 0.408188 0.0104688 0.021625
1 0.445375 0.455844 0.0196563 0.0073125
1 0.0475 0.356365 0.0126875 0.0123125
1 0.645289 0.833104 0.0540469 0.05175
1 0.962609 0.371969 0.015 0.0161458
1 0.0781563 0.43176 0.0101563 0.0083125
1 0.566617 0.841667 0.0507656 0.0571667
1 0.368547 0.776156 0.03 0.0523125
1 0.238867 0.126927 0.0100469 0.00614583
1 0.436523 0.794354 0.00942187 0.0179583
1 0.666031 0.865719 0.0677813 0.0685625
1 0.610141 0.731375 0.0369375 0.0433333
1 0.0288984 0.436104 0.0103281 0.00820833
1 0.0412344 0.38949 0.0115312 0.00360417
1 0.0581406 0.140917 0.0109063 0.00904167
1 0.381414 0.927417 0.0516719 0.0647917
1 0.679586 0.93801 0.00976562 0.0098125
1 0.889852 0.365906 0.0141406 0.00922917
1 0.135992 0.208875 0.0109219 0.00533333
1 0.440469 0.405135 0.0098125 0.00410417
1 0.91232 0.35849 0.0150469 0.0126458
1 0.204625 0.18774 0.0112812 0.00602083
1 0.396062 0.801302 0.02775 0.0088125
1 0.142203 0.187833 0.0105625 0.00479167
1 0.157414 0.148708 0.00964062 0.00445833
1 0.220648 0.184219 0.0113906 0.0096875
1 0.0898281 0.455177 0.00834375 0.0106042
1 0.425156 0.313177 0.0115312 0.0107708
1 0.0725078 0.261417 0.00773437 0.006625
1 0.200352 0.149375 0.0104219 0.00495833
1 0.420758 0.863719 0.0502031 0.0623125
1 0.0458125 0.217927 0.01025 0.0113125
1 0.0402031 0.143417 0.00371875 0.005625
1 0.243641 0.143458 0.00365625 0.004875
1 0.0297656 0.470271 0.0124063 0.005625
1 0.0844688 0.46074 0.0055625 0.0055625
1 0.881211 0.366448 0.00573437 0.00789583
1 0.51518 0.929479 0.0477031 0.074875
1 0.957484 0.363594 0.0123125 0.0107708
1 0.327016 0.933708 0.0590313 0.0620417
1 0.484906 0.308771 0.01 0.00666667
1 0.222469 0.148177 0.00940625 0.00452083
1 0.933445 0.373208 0.0140469 0.0130833
1 0.119125 0.356156 0.0051875 0.00922917
1 0.0533516 0.35901 0.00729687 0.0112708
1 0.489102 0.912427 0.0217969 0.0176458
1 0.150359 0.147687 0.0110937 0.005125
1 0.149602 0.418333 0.00864063 0.005375
1 0.377281 0.842531 0.05125 0.0678125
1 0.0725 0.28624 0.0107188 0.00739583
1 0.05325 0.219823 0.005375 0.00485417
1 0.468789 0.852625 0.0367344 0.027625
1 0.0467578 0.141385 0.0119219 0.00872917
1 0.974828 0.365979 0.01425 0.01425
1 0.134531 0.147052 0.010375 0.00589583
1 0.117672 0.398979 0.00865625 0.005125
1 0.0929609 0.114844 0.00745312 0.00539583
1 0.103938 0.187396 0.00715625 0.002375
1 0.404961 0.772615 0.0444219 0.0556458
1 0.112672 0.408125 0.005375 0.005375
1 0.122289 0.422844 0.00426563 0.00497917
1 0.885961 0.372104 0.00979688 0.00666667
1 0.158836 0.208979 0.0103906 0.00666667
1 0.103211 0.14526 0.00539063 0.00539583
1 0.118516 0.117792 0.00634375 0.004625
1 0.146516 0.208635 0.0107813 0.0055625
1 0.610031 0.831021 0.0276875 0.014875
1 0.0547109 0.469802 0.0122969 0.00564583
1 0.041625 0.360771 0.0123125 0.01025
1 0.482117 0.297229 0.00923437 0.00666667
1 0.413016 0.459635 0.018875 0.0068125
1 0.111336 0.259229 0.00789063 0.004625
1 0.116453 0.391396 0.00775 0.0045
1 0.0448438 0.469615 0.0106875 0.00539583
1 0.212484 0.148458 0.0109687 0.005125
1 0.0830703 0.285823 0.0119219 0.0079375
1 0.607148 0.87099 0.0576094 0.0706458
1 0.418383 0.941667 0.0496094 0.0724583
1 0.0538516 0.36324 0.00710937 0.00535417
1 0.105273 0.36525 0.00385938 0.00641667
1 0.918648 0.367719 0.0164531 0.0147708
1 0.0755625 0.217948 0.0130625 0.0128125
1 0.102242 0.257937 0.0120469 0.0126667
1 0.417 0.801458 0.0213438 0.00691667
1 0.584984 0.755635 0.0336562 0.0307708
1 0.978492 0.376281 0.0132656 0.0074375
1 0.372555 0.910396 0.0540156 0.0722917
1 0.365367 0.8 0.0185781 0.015375
1 0.530953 0.934229 0.0663438 0.0617917
1 0.115781 0.282979 0.003 0.00625
1 0.45375 0.313385 0.0123125 0.00972917
1 0.468633 0.28425 0.0128906 0.00608333
1 0.617867 0.751917 0.0382656 0.0382083
1 0.0999844 0.289104 0.00596875 0.00691667
1 0.104164 0.287823 0.00442188 0.00589583
1 0.214805 0.118771 0.00942187 0.00616667
1 0.167773 0.148844 0.00404688 0.00385417
1 0.948641 0.372437 0.0175 0.014625
1 0.129984 0.11975 0.00365625 0.00308333
1 0.236523 0.14576 0.00520313 0.00589583
1 0.0503672 0.287219 0.0115469 0.0074375
1 0.0731953 0.356979 0.0132344 0.0153333
1 0.138812 0.185625 0.005 0.005375
1 0.109313 0.28526 0.007125 0.0074375
1 0.0557344 0.214562 0.0119063 0.00741667
1 0.0635469 0.469615 0.0073125 0.00435417
1 0.0948438 0.447823 0.00903125 0.0120625