14 0.28961 0.32592 0.18298 0.13968
14 0.1976 0.411187 0.23056 0.11944
14 0.14339 0.644493 0.17446 0.229733
14 0.32889 0.41852 0.11698 0.0782667
42 0.40677 0.775 0.08522 0.14232
42 0.40518 0.631667 0.1158 0.145893
42 0.38098 0.579987 0.08692 0.06632
42 0.51865 0.517293 0.0891 0.11
42 0.33278 0.617853 0.05144 0.125573
42 0.35529 0.50552 0.06846 0.108107
42 0.43915 0.698933 0.16266 0.0982933
42 0.56894 0.597627 0.07488 0.1144
42 0.49637 0.712613 0.14666 0.128267
42 0.48506 0.473893 0.09628 0.06272
42 0.56302 0.711867 0.07408 0.144427
42 0.58233 0.53616 0.07962 0.102027
42 0.30003 0.59404 0.0577 0.104987
42 0.52388 0.632773 0.03708 0.0821333
11 0.14803 0.346307 0.16062 0.19864
11 0.23444 0.574373 0.17956 0.25328
11 0.30233 0.269707 0.21814 0.188213