57 0.599453 0.477226 0.0492187 0.0461538
57 0.748188 0.524452 0.034125 0.060373
57 0.633219 0.559779 0.0455938 0.0624942
57 0.65518 0.462436 0.0461406 0.0311189
57 0.685094 0.564301 0.0479687 0.0675291
57 0.730172 0.557751 0.0429062 0.0578322
57 0.585398 0.523974 0.0460469 0.0617949
57 0.714789 0.48 0.0396094 0.0450816
10 0.650609 0.536795 0.0197813 0.0289744
10 0.670609 0.517249 0.0175625 0.0225175
10 0.678633 0.531282 0.0191094 0.0246154
10 0.627766 0.522506 0.0229687 0.0264103
10 0.709133 0.495944 0.0242969 0.0212121
10 0.64432 0.507902 0.0195781 0.0332867
10 0.701148 0.487984 0.0180469 0.0265035
10 0.698281 0.529114 0.0224688 0.0321678
10 0.686813 0.485944 0.0170313 0.0328205
10 0.670875 0.485152 0.0247812 0.0323543
10 0.715008 0.523462 0.0206406 0.0305128
10 0.691328 0.510536 0.023875 0.0265268
10 0.614531 0.489615 0.0184687 0.0207692
10 0.649594 0.483333 0.017375 0.0131935
10 0.663648 0.496282 0.0222344 0.0327972