14 0.30925 0.417277 0.024875 0.236479
14 0.330086 0.69757 0.0323906 0.120211
14 0.566352 0.4977 0.0444844 0.668122
14 0.470773 0.521831 0.0990781 0.649296
14 0.501133 0.518075 0.0540781 0.646197
14 0.355359 0.706279 0.0355625 0.321995
14 0.527812 0.539941 0.0225312 0.459742
14 0.420336 0.654155 0.0502969 0.444601
14 0.395359 0.55257 0.0560937 0.640775
14 0.589836 0.545927 0.0320156 0.507629
14 0.294672 0.393955 0.0238125 0.408944
14 0.540234 0.471279 0.0572812 0.59608
14 0.458898 0.813146 0.0330469 0.115869
14 0.480898 0.796808 0.0802031 0.151455