42 0.228781 0.888203 0.056375 0.0328125
42 0.668859 0.837344 0.0416875 0.0335937
42 0.49293 0.888078 0.0441094 0.0412813
42 0.42543 0.772687 0.0446094 0.0289687
42 0.225484 0.924148 0.0623125 0.0317969
42 0.308703 0.799234 0.114875 0.054875
42 0.346547 0.939797 0.0470938 0.0746875
42 0.595492 0.970922 0.0724531 0.0399687
42 0.506094 0.800156 0.030875 0.0182187
42 0.708242 0.954438 0.0692344 0.0675937
42 0.32193 0.780563 0.114109 0.0379375
42 0.102086 0.93032 0.0750781 0.0353906
42 0.526242 0.825641 0.0533281 0.0205
42 0.466539 0.821969 0.0748594 0.024875
42 0.496906 0.754875 0.0459062 0.0276875
42 0.110469 0.904195 0.0570937 0.0471406
42 0.522422 0.927891 0.110281 0.041875
42 0.556641 0.950977 0.055125 0.0328281
42 0.540375 0.766484 0.0379375 0.0259062
42 0.25982 0.897031 0.0296719 0.0335625
42 0.537117 0.780852 0.0495156 0.0296406
42 0.324648 0.830414 0.0644531 0.0439844
42 0.474484 0.798719 0.0343125 0.0276875
42 0.43643 0.822133 0.0319844 0.0302969
42 0.691586 0.805039 0.0475469 0.0216719
42 0.771195 0.937031 0.0565469 0.0648125
42 0.32443 0.938492 0.0329531 0.0214219
42 0.376992 0.921875 0.0519531 0.0580625