59 0.445562 0.460808 0.154688 0.24363
42 0.68407 0.469473 0.0922031 0.0829742
42 0.609563 0.511276 0.0515312 0.0806792
42 0.711422 0.615691 0.0469062 0.0809836
42 0.620375 0.602728 0.0564375 0.110562
42 0.705492 0.6724 0.0410156 0.0712178
42 0.733305 0.559696 0.0706719 0.112459
42 0.656688 0.624742 0.0497812 0.0515457
42 0.658523 0.426979 0.0767656 0.0601874
42 0.569453 0.52466 0.044125 0.0697424
42 0.524672 0.549941 0.0639687 0.108923
42 0.559164 0.59767 0.0513906 0.0781499
42 0.596648 0.660304 0.0561094 0.14
42 0.652125 0.559789 0.0929062 0.0961593
42 0.583195 0.449052 0.0850781 0.0678454
42 0.688016 0.667681 0.0261562 0.0497424
50 0.282695 0.174052 0.111797 0.105667
50 0.618422 0.327927 0.112719 0.17103