11 0.670641 0.658548 0.088625 0.150744
11 0.662438 0.145124 0.139156 0.287171
11 0.535687 0.494975 0.159812 0.214169
11 0.723555 0.450459 0.118578 0.253424
11 0.530633 0.239132 0.180016 0.274789
11 0.587305 0.0268238 0.0611094 0.0536476
11 0.442539 0.525099 0.0769844 0.228362
11 0.428523 0.171799 0.185609 0.273672
11 0.358477 0.0835112 0.123203 0.156154
11 0.452703 0.0516625 0.086 0.103325
11 0.715805 0.070397 0.0898594 0.0977171
11 0.579195 0.64237 0.0661719 0.18072
11 0.482234 0.96768 0.091375 0.0646402
11 0.39243 0.347593 0.135828 0.235831
11 0.466297 0.781439 0.160531 0.361538
11 0.623891 0.877221 0.197281 0.245558
59 0.899164 0.383325 0.0523281 0.127692
59 0.770469 0.958375 0.0921875 0.0832506
59 0.875477 0.182581 0.125141 0.118313
59 0.920648 0.881154 0.0962344 0.0726799
59 0.746258 0.680471 0.0690156 0.20273
59 0.795195 0.189256 0.0644531 0.0797022
59 0.814008 0.28737 0.0275156 0.0413896
59 0.904281 0.765769 0.156094 0.291042
59 0.982234 0.423251 0.035 0.0582134
59 0.636453 0.442928 0.0842813 0.176725
59 0.756031 0.295707 0.143844 0.239653
59 0.810031 0.620509 0.0895 0.0610174
59 0.869688 0.938598 0.173812 0.122804