8 0.512078 0.356715 0.148812 0.0707743
8 0.211203 0.877257 0.0577812 0.0919027
8 0.548445 0.667179 0.0811094 0.112323
8 0.873969 0.539237 0.0798438 0.0646239
8 0.686055 0.400631 0.0496719 0.0758628
8 0.0844297 0.948374 0.0307969 0.103252
8 0.778031 0.732135 0.0499375 0.0790487
8 0.174133 0.821294 0.0270156 0.031615
8 0.760859 0.902544 0.106344 0.191637
8 0.515797 0.56958 0.0393437 0.055708
8 0.87975 0.710509 0.117594 0.0997345
8 0.698984 0.46552 0.107 0.223341
8 0.713719 0.83958 0.0451875 0.0716372
8 0.579945 0.528595 0.0338594 0.0869248
8 0.577625 0.288131 0.07175 0.0190487
8 0.79475 0.463838 0.152656 0.221084
8 0.644758 0.642091 0.0498281 0.0293142
8 0.636203 0.345542 0.038375 0.0309071
8 0.776148 0.467091 0.0625156 0.111261
8 0.650625 0.867522 0.188281 0.154425
8 0.0746797 0.867942 0.0621719 0.0806637
8 0.63318 0.616162 0.0539531 0.0430752
8 0.7725 0.391803 0.089625 0.154358
8 0.659805 0.0926327 0.0483281 0.0459735
8 0.532555 0.513861 0.0192344 0.071792
8 0.866719 0.6299 0.171375 0.154978
8 0.658844 0.614015 0.0331562 0.0558186
8 0.592508 0.0385619 0.0686719 0.0724336
8 0.550531 0.909425 0.05175 0.18115