8 0.515539 0.220429 0.176609 0.188724
8 0.918141 0.0784519 0.09975 0.0632636
8 0.456984 0.272856 0.11 0.140272
8 0.239234 0.358138 0.230687 0.182929
8 0.881398 0.168703 0.115297 0.149247
8 0.678422 0.402437 0.161688 0.12772
8 0.172125 0.219759 0.169781 0.115879
8 0.182953 0.0959205 0.0853125 0.0903766
8 0.394484 0.320209 0.173156 0.354979
11 0.828781 0.724174 0.31525 0.367762
11 0.355914 0.0392887 0.0421094 0.0676569
11 0.980172 0.75319 0.0385937 0.175586
11 0.653453 0.300366 0.187156 0.1109
11 0.758312 0.168619 0.134906 0.171632
11 0.134867 0.166611 0.0490469 0.0638494
11 0.511844 0.493295 0.108031 0.208473
11 0.416734 0.0344561 0.0193125 0.0267782
11 0.975102 0.0480649 0.0494219 0.0479707
11 0.849523 0.0293828 0.0685781 0.0587657
11 0.955656 0.226663 0.0869375 0.179644
11 0.0690313 0.316517 0.131062 0.145