11 0.727766 0.170568 0.176313 0.311299
11 0.729836 0.238039 0.0639219 0.0908817
59 0.231258 0.845615 0.0924219 0.227935
59 0.409211 0.87029 0.0890469 0.119095
59 0.3775 0.817181 0.0507187 0.087587
59 0.401727 0.788968 0.0478594 0.113852
59 0.353055 0.635905 0.0514531 0.097471
59 0.318734 0.874698 0.0928125 0.120766
59 0.43693 0.69116 0.0610781 0.0751276
59 0.388555 0.661148 0.0471719 0.0884687
59 0.250484 0.722343 0.0572812 0.119072
59 0.316125 0.638515 0.0359375 0.0594896
59 0.31075 0.805 0.0725625 0.0884687
59 0.332438 0.711926 0.0975312 0.116798
59 0.30025 0.687691 0.0241875 0.0543619
59 0.274844 0.763712 0.0375 0.0589791
59 0.351297 0.802227 0.0348437 0.0625986
59 0.399305 0.713329 0.0191719 0.0435963
59 0.449055 0.768875 0.0514531 0.0604872
59 0.285406 0.695835 0.0280313 0.0669374
59 0.34532 0.925754 0.132797 0.0692343
59 0.308836 0.93703 0.0806406 0.0861717
14 0.0282422 0.51761 0.0364219 0.288677
14 0.0861719 0.479884 0.040125 0.109188
14 0.0556406 0.493132 0.0235 0.155267
14 0.108258 0.685754 0.0737969 0.311137
14 0.0633672 0.698782 0.108203 0.329536
14 0.0777578 0.55522 0.116797 0.26
14 0.0907188 0.813353 0.116375 0.119884
14 0.104008 0.755371 0.0672656 0.11826
14 0.133 0.606613 0.0864688 0.290719
14 0.0886562 0.709965 0.0845625 0.245081
14 0.10068 0.633422 0.100766 0.311485
14 0.0404922 0.529803 0.0174219 0.133527
14 0.884359 0.573944 0.0449688 0.0716937
14 0.115242 0.507517 0.0709844 0.111926
7 0.594805 0.905789 0.0818906 0.100023
7 0.598758 0.679698 0.0522656 0.0867285
7 0.554344 0.835882 0.02425 0.0722274
7 0.705844 0.763968 0.0689375 0.106914
7 0.66868 0.791636 0.0664219 0.0938051
7 0.710805 0.85891 0.0897969 0.0850116
7 0.647844 0.662981 0.0725313 0.111114
7 0.744797 0.903039 0.0347812 0.0533179
7 0.71582 0.668666 0.0753281 0.131671
7 0.623688 0.829988 0.074 0.0830858
7 0.650305 0.876531 0.0470469 0.0769606
7 0.50043 0.3 0.0107031 0.0198608
7 0.583313 0.824501 0.0526563 0.111462
7 0.557844 0.766531 0.056125 0.0762181
7 0.63768 0.94522 0.0739531 0.0805104
7 0.499172 0.331195 0.32725 0.452506
7 0.739922 0.727947 0.0443438 0.0869838
7 0.746141 0.82355 0.0842813 0.101346
7 0.659383 0.633515 0.0622031 0.0530626
7 0.704344 0.940429 0.0925312 0.0885615
7 0.629227 0.736879 0.121141 0.104432
8 0.839297 0.482622 0.0433438 0.0840371
8 0.879742 0.464362 0.0454219 0.0438979
8 0.948961 0.735 0.0430156 0.077703
8 0.961141 0.561787 0.0571875 0.110766
8 0.331016 0.703503 0.095375 0.12877
8 0.320172 0.875418 0.0917188 0.121694
8 0.376836 0.817483 0.0525781 0.0902784
8 0.913203 0.556543 0.0395625 0.0566589
8 0.296742 0.938341 0.0885469 0.074826
8 0.929531 0.628074 0.0441875 0.0995824
8 0.408898 0.86884 0.0896094 0.116195
8 0.964219 0.639118 0.0420312 0.0718329
8 0.22157 0.811253 0.0737969 0.161624
8 0.884109 0.573724 0.0444063 0.0729698
8 0.352547 0.634524 0.0529063 0.100742
8 0.389539 0.661787 0.0442344 0.0892343
8 0.883148 0.646404 0.0648906 0.0889095
8 0.925016 0.430464 0.0750625 0.0579582
8 0.836594 0.601044 0.045625 0.0746172
8 0.438281 0.736009 0.0756875 0.166125