6 0.63626 0.116805 0.0584375 0.0868281
6 0.546792 0.157781 0.0522083 0.118813
6 0.261771 0.521016 0.072125 0.0863437
6 0.115125 0.460805 0.0297083 0.0272344
6 0.491156 0.136617 0.0736458 0.0415156
6 0.653656 0.195289 0.0880625 0.0925469
6 0.588469 0.304555 0.0357708 0.0551719
6 0.169 0.588031 0.0393333 0.034625
6 0.515531 0.106461 0.0558958 0.0430156
6 0.757167 0.131672 0.0899167 0.0776875
6 0.57926 0.334891 0.0775208 0.08
6 0.597604 0.196609 0.05225 0.078375
6 0.457729 0.363172 0.0756667 0.0395937
6 0.752844 0.186219 0.0930208 0.0806875
6 0.32249 0.264445 0.0197292 0.0539219
6 0.294344 0.291328 0.0557292 0.0635938
6 0.333281 0.526383 0.0301042 0.0546719
6 0.296219 0.357141 0.0826458 0.0870313
6 0.16876 0.321203 0.0858542 0.0965312
6 0.584177 0.0944141 0.0419792 0.0421406
6 0.414333 0.282867 0.056875 0.125672
6 0.250792 0.515977 0.0829583 0.0819531
6 0.189896 0.370852 0.0568333 0.0496719
6 0.119563 0.549219 0.0443333 0.0562813
6 0.236969 0.376789 0.0458125 0.0592344
6 0.182406 0.485375 0.0541458 0.054625
6 0.526646 0.187484 0.090625 0.0979688
6 0.614594 0.345453 0.0345208 0.0524063
6 0.531 0.323977 0.0950417 0.106922
6 0.58699 0.153461 0.0413542 0.123328
6 0.147698 0.520047 0.0444375 0.0835937
6 0.470844 0.308969 0.0593542 0.122812
6 0.691937 0.113461 0.0215417 0.0228281
6 0.104271 0.495687 0.0364167 0.0580937
6 0.18226 0.336484 0.0711458 0.0856563
6 0.800104 0.111062 0.0437083 0.0685625
6 0.203906 0.536016 0.0762708 0.04925
6 0.245344 0.271695 0.0629375 0.0477344
6 0.358385 0.341539 0.0791875 0.102578
6 0.237594 0.320977 0.0507708 0.0654844
6 0.612594 0.107211 0.0257708 0.0581719
6 0.699917 0.144578 0.0749583 0.088625
6 0.476542 0.159281 0.0252917 0.065125
6 0.357771 0.31107 0.074875 0.136922
6 0.548 0.106461 0.0455417 0.0513906
6 0.501125 0.118516 0.0572083 0.0256875
6 0.139969 0.482437 0.0358958 0.0612812
6 0.107771 0.523414 0.0432083 0.0654844
6 0.286677 0.312078 0.0507708 0.0499687
6 0.788698 0.169484 0.0693958 0.09025
6 0.306208 0.532312 0.051125 0.0923125
6 0.512271 0.29518 0.0338333 0.0687031
6 0.528312 0.304133 0.09275 0.129953
6 0.264177 0.545258 0.0713125 0.0464219
6 0.473531 0.270336 0.0632708 0.101141
6 0.186427 0.523242 0.0588958 0.0986094
6 0.406521 0.322273 0.061125 0.126984
6 0.65 0.156156 0.0650417 0.119188
6 0.136042 0.574336 0.0434583 0.0411094
6 0.233823 0.269742 0.0509375 0.0482031
6 0.195219 0.560844 0.0307708 0.0310312
6 0.453135 0.185391 0.0376042 0.02
6 0.407583 0.274148 0.0776667 0.108016
6 0.479719 0.16282 0.0854792 0.0353906
6 0.257937 0.386594 0.041625 0.0362188