0 0.266323 0.139984 0.0850585 0.0449062
0 0.614098 0.641648 0.0315691 0.0372031
0 0.726874 0.633438 0.0330913 0.0413125
0 0.40048 0.684461 0.0240047 0.0188906
0 0.572752 0.581109 0.0528103 0.0299063
0 0.429157 0.522195 0.0600468 0.0225781
0 0.546733 0.617906 0.0434426 0.0224688
0 0.408173 0.572266 0.0303981 0.0169375
0 0.270234 0.584016 0.0392037 0.0398125
0 0.506124 0.692773 0.0326698 0.0242344
0 0.205773 0.112062 0.0782436 0.045125
0 0.615843 0.443398 0.0311241 0.0182656
0 0.322272 0.564156 0.0424824 0.0176563
0 0.35082 0.693867 0.0461827 0.0374531
0 0.237787 0.0709062 0.0751522 0.0375625
0 0.308384 0.19143 0.0746604 0.0554219
0 0.583091 0.609883 0.0451522 0.0243594
0 0.458396 0.74532 0.0504215 0.0151406
0 0.553946 0.425781 0.0608665 0.0225
0 0.460515 0.533875 0.0207963 0.0161563
0 0.567939 0.657734 0.0300234 0.0472187
0 0.304098 0.0819609 0.0819204 0.0324844
0 0.422377 0.735492 0.0406323 0.0150469
0 0.47267 0.554891 0.0413583 0.0290938
0 0.706862 0.509883 0.0269321 0.0164219
0 0.628525 0.587586 0.0428571 0.0316719
0 0.164075 0.158688 0.0833255 0.0467187
0 0.693384 0.526297 0.0384778 0.0195
0 0.674719 0.475414 0.0263466 0.0234219
0 0.497494 0.582039 0.0385012 0.0272031
0 0.329239 0.133055 0.0598361 0.0575469
0 0.488806 0.607898 0.0319438 0.0333594
0 0.668958 0.50207 0.0288759 0.0306719