56 0.479805 0.0615127 0.0600781 0.0616397
56 0.372461 0.370208 0.0540156 0.0832333
56 0.850258 0.679965 0.0741094 0.105289
56 0.969648 0.223395 0.0569844 0.089746
56 0.529648 0.0698383 0.0459219 0.0598614
56 0.526844 0.036351 0.0415 0.0594919
56 0.342187 0.428822 0.0675313 0.0556582
56 0.879414 0.57873 0.0553594 0.0808776
56 0.437891 0.0470785 0.0434688 0.0523095
56 0.916188 0.215058 0.052875 0.0715935
56 0.936125 0.272921 0.04775 0.0656582
56 0.997875 0.277956 0.00425 0.0174365
56 0.284328 0.347275 0.0594688 0.0847575
56 0.943414 0.664284 0.0522656 0.0756351
56 0.83718 0.617679 0.0694844 0.0896305
56 0.337047 0.335589 0.0490625 0.0833256
56 0.995703 0.226801 0.00859375 0.0658891
56 0.901578 0.647032 0.0645938 0.10321
56 0.299414 0.40537 0.0539844 0.0721709
56 0.486641 0.0297229 0.0402813 0.0264203
38 0.623805 0.132286 0.0437031 0.057321
38 0.838219 0.134446 0.0453125 0.099746
38 0.394891 0.721998 0.0688125 0.163487
38 0.74182 0.580762 0.0236094 0.0543649
38 0.439328 0.482483 0.0466562 0.0676905
38 0.0483203 0.529527 0.0947031 0.103764
38 0.586531 0.45963 0.0115 0.0274365
38 0.644477 0.793083 0.0930469 0.147321
38 0.167906 0.0752425 0.0850625 0.136767
38 0.248883 0.157309 0.0822969 0.0656582
38 0.701789 0.335531 0.0515469 0.0438106
38 0.799492 0.366386 0.0333281 0.0354503
38 0.574828 0.254157 0.0306875 0.0578291
38 0.200555 0.308603 0.0433594 0.0712009
38 0.773555 0.0907737 0.0698906 0.0854734
38 0.611672 0.196986 0.0295625 0.0407621
38 0.589633 0.458072 0.0663281 0.0705081
38 0.668297 0.503164 0.0538438 0.105497
38 0.00975781 0.285 0.0195156 0.0346189
38 0.717617 0.547575 0.0493281 0.0432333
38 0.607461 0.296224 0.0549844 0.0522633
38 0.202336 0.253014 0.0803594 0.104919
38 0.608117 0.242055 0.0500156 0.04
38 0.457133 0.519596 0.0917656 0.07097
38 0.390531 0.0268014 0.0438438 0.0511085
38 0.840867 0.233718 0.0282969 0.0602771
38 0.585063 0.806871 0.119969 0.19097
38 0.330609 0.105947 0.0139375 0.0352656
10 0.800898 0.595092 0.0307656 0.0529099
10 0.788867 0.655127 0.0142344 0.0169053
10 0.806109 0.692125 0.0245 0.0231409
10 0.91332 0.17851 0.0226094 0.013418
10 0.337344 0.386259 0.0360313 0.0358891
10 0.251672 0.402483 0.0237813 0.0258891
10 0.892883 0.738129 0.0302031 0.0371824
10 0.308477 0.321524 0.0106094 0.0109469
10 0.965164 0.739469 0.0211719 0.0523326
10 0.952242 0.772309 0.0226094 0.0290069
10 0.790211 0.631166 0.0313281 0.037067
10 0.261656 0.388372 0.0260937 0.0360508
10 0.97943 0.270381 0.0373281 0.0284758
10 0.912445 0.605577 0.0237031 0.0227021
10 0.884016 0.218845 0.0149375 0.0310393
10 0.369367 0.414134 0.0303906 0.0332564