31 0.357336 0.355082 0.175547 0.304075
31 0.107641 0.43226 0.176063 0.496089
31 0.193602 0.753981 0.116016 0.226511
31 0.276398 0.663033 0.174109 0.372342
31 0.195445 0.939859 0.147484 0.120281
31 0.0817969 0.918244 0.163594 0.163513
31 0.261969 0.29055 0.0395937 0.170234
31 0.124953 0.821768 0.0734062 0.175293
6 0.85832 0.588958 0.283359 0.163068
6 0.575047 0.505562 0.258906 0.255667
6 0.778258 0.868466 0.199859 0.217822
6 0.655359 0.377681 0.383844 0.279578
6 0.898195 0.800105 0.203609 0.250141
6 0.662258 0.599742 0.315672 0.433302
6 0.734711 0.754344 0.205391 0.17459
6 0.865586 0.660867 0.267016 0.216581
6 0.921969 0.932775 0.155719 0.131358