11 0.736734 0.543896 0.326406 0.48475
11 0.631859 0.567323 0.19375 0.253979
11 0.664062 0.396969 0.366812 0.237063
37 0.795406 0.238812 0.172969 0.129333
4 0.372914 0.76876 0.162016 0.462479
4 0.469641 0.624875 0.209437 0.569042
4 0.577687 0.704146 0.265875 0.591708
4 0.500867 0.67126 0.201234 0.589979
4 0.62968 0.712208 0.223766 0.381833
4 0.413672 0.766302 0.182906 0.467396
4 0.411961 0.695854 0.241984 0.56175
4 0.435148 0.664646 0.242766 0.565917
4 0.696711 0.741531 0.346734 0.505646
4 0.494313 0.813052 0.0540312 0.151312
59 0.354336 0.316437 0.0469219 0.0579583
59 0.251859 0.332781 0.02975 0.0374792
59 0.245008 0.550937 0.0687656 0.09025
59 0.241969 0.463 0.121 0.100708
59 0.268937 0.501615 0.0726875 0.0505208
59 0.214211 0.410094 0.0610156 0.102479
59 0.167672 0.411542 0.0436563 0.05025
59 0.242773 0.378719 0.0484531 0.0676875
59 0.244281 0.25574 0.046125 0.0638958
59 0.309195 0.271281 0.0450781 0.0597708
59 0.150547 0.468094 0.075 0.0886458
59 0.344492 0.245219 0.0442344 0.0523125
59 0.270047 0.299667 0.0391875 0.038375
59 0.336953 0.205135 0.035375 0.0441042