42 0.492938 0.871389 0.0289063 0.0343403
42 0.299641 0.840599 0.0266562 0.0156771
42 0.396898 0.814306 0.0525781 0.0295486
42 0.430141 0.881007 0.0381563 0.0238542
42 0.439898 0.932535 0.0360781 0.0369792
42 0.382984 0.836519 0.0360313 0.023559
42 0.224852 0.951189 0.0248281 0.018316
42 0.468148 0.856884 0.0178594 0.0223785
42 0.402281 0.856519 0.0539063 0.0459201
42 0.352211 0.829288 0.0308594 0.0211111
42 0.266781 0.943411 0.029125 0.0419965
42 0.396922 0.928264 0.03225 0.0250694
42 0.336109 0.878559 0.0325625 0.0219097
42 0.422367 0.843568 0.0397656 0.0340451
42 0.261953 0.860556 0.0433438 0.0215625
42 0.431383 0.909714 0.0574531 0.017309
42 0.386414 0.884193 0.0362969 0.0289757
42 0.428648 0.888811 0.0529844 0.0304688
42 0.481422 0.84987 0.0298438 0.0275868
42 0.454867 0.830425 0.0256406 0.0185938
42 0.441406 0.825764 0.0262812 0.0259028
42 0.340992 0.847899 0.0509219 0.0512153
42 0.290469 0.945295 0.0220938 0.0255556
42 0.513062 0.95197 0.037625 0.042691
42 0.259992 0.982569 0.0335156 0.0241319
42 0.493211 0.889991 0.0400469 0.0206424
42 0.198992 0.965955 0.0389531 0.0288542
42 0.448773 0.847092 0.0142969 0.0189062
42 0.518984 0.889036 0.035375 0.0283507
42 0.461195 0.902995 0.0254531 0.0161632
42 0.364523 0.846094 0.0100156 0.0157639
42 0.43775 0.865998 0.0251875 0.0203646
42 0.465883 0.882569 0.0325469 0.0266667
42 0.278219 0.914887 0.0293438 0.0209896
42 0.299625 0.854861 0.0250312 0.0134375
43 0.567797 0.788082 0.0596563 0.0175868
43 0.175469 0.902517 0.0344062 0.0288542
43 0.170805 0.926736 0.0446094 0.0267361
43 0.323047 0.992196 0.0243438 0.0156076
43 0.186594 0.930113 0.0250937 0.0122743
43 0.561156 0.815642 0.0827187 0.0352431
43 0.563438 0.772283 0.04375 0.0160938
43 0.200281 0.947266 0.0407187 0.0244271
43 0.151555 0.963811 0.0641094 0.0415104
43 0.56575 0.803828 0.06775 0.024566
43 0.901102 0.853602 0.0376719 0.020816
43 0.231102 0.933281 0.0256094 0.0233333
43 0.207086 0.971128 0.0306719 0.0201389
43 0.192086 0.901285 0.0275781 0.0232292
43 0.563375 0.988177 0.0353125 0.0236458
43 0.207313 0.98599 0.0318125 0.0240278
43 0.377898 0.976085 0.0335156 0.0337326
43 0.92082 0.895703 0.0449844 0.0400521
43 0.974852 0.863785 0.0283594 0.0336111
43 0.227266 0.97072 0.0255937 0.0228993
43 0.876297 0.860972 0.0435938 0.0294792