59 0.372922 0.791646 0.110031 0.168875
59 0.331266 0.838635 0.0848437 0.215813
59 0.170758 0.328552 0.139359 0.124521
59 0.384172 0.657771 0.119844 0.116667
59 0.228492 0.666677 0.173078 0.185729
59 0.5485 0.818521 0.07975 0.100542
59 0.577961 0.691406 0.152172 0.113396
59 0.389898 0.270302 0.0736094 0.0936458
59 0.501508 0.579437 0.123672 0.0827917
59 0.510461 0.483417 0.152016 0.0792917
59 0.531336 0.701844 0.135922 0.132271
59 0.384031 0.460302 0.04625 0.0457292
59 0.596047 0.603469 0.05 0.0941042
59 0.312703 0.529135 0.152313 0.0799792
59 0.310773 0.286656 0.0443281 0.0532708
59 0.379039 0.545177 0.109797 0.0707708
59 0.701992 0.688635 0.0424219 0.111729
43 0.460781 0.80999 0.116094 0.118813
43 0.675852 0.771417 0.0542344 0.0469167
43 0.189336 0.635115 0.0701406 0.0756042
43 0.66632 0.60126 0.0997031 0.0873125
43 0.575555 0.703573 0.107203 0.0578125
43 0.356844 0.669115 0.03725 0.0236042
43 0.310594 0.517792 0.0750625 0.0745417
43 0.550516 0.53426 0.105656 0.0813125
43 0.468797 0.593073 0.0413437 0.0447292
43 0.227906 0.753333 0.139562 0.121042
43 0.274367 0.59351 0.0890156 0.0334375
43 0.105133 0.403427 0.112891 0.0607708
43 0.423844 0.463292 0.0459688 0.0532083
43 0.448891 0.589333 0.0525 0.07925
43 0.640461 0.492563 0.0542344 0.07025