38 0.55892 0.50262 0.22832 0.370928
38 0.74345 0.588234 0.38582 0.637545
38 0.45497 0.338099 0.2441 0.304341
38 0.21291 0.473907 0.1281 0.232126
38 0.58001 0.300793 0.04754 0.0706287
38 0.18571 0.765314 0.0639 0.120749
38 0.3558 0.565868 0.2258 0.235749
38 0.07746 0.228892 0.15492 0.225928
38 0.43941 0.585569 0.04514 0.233952
38 0.25808 0.73 0.06348 0.121916
38 0.26325 0.613653 0.0465 0.14491
38 0.04827 0.571512 0.09654 0.0767964
38 0.15644 0.625808 0.10684 0.227844
38 0.12678 0.33506 0.241 0.282036
38 0.32732 0.316916 0.08412 0.0892216
14 0.37445 0.133817 0.04898 0.0396707
14 0.33743 0.0532335 0.09842 0.0776647
14 0.56962 0.160913 0.0272 0.0482934
14 0.60623 0.301871 0.03002 0.0621856
14 0.56677 0.128263 0.06242 0.0929341
14 0.26012 0.242275 0.0158 0.0317365
14 0.35177 0.0585629 0.16794 0.0586826
14 0.49048 0.229985 0.04892 0.103024
14 0.26052 0.131347 0.04092 0.0583234
14 0.51554 0.173263 0.05488 0.0493413
14 0.43292 0.259117 0.09316 0.122725
14 0.42794 0.169222 0.04484 0.0334731
14 0.7345 0.192874 0.03676 0.0981437
14 0.54714 0.120015 0.03276 0.0408683
14 0.38508 0.284266 0.02156 0.0402695
14 0.61737 0.0822305 0.0737 0.111407
14 0.43748 0.292126 0.05512 0.0854491
14 0.39553 0.280838 0.02542 0.037485
14 0.64054 0.258862 0.04272 0.0697605
14 0.38289 0.148698 0.11978 0.130868
14 0.41786 0.284386 0.05436 0.11524
14 0.38497 0.252844 0.02254 0.0290419
14 0.36848 0.0865269 0.11196 0.0546707
14 0.6051 0.224581 0.04472 0.108503
14 0.36938 0.239222 0.03048 0.0479641
14 0.26575 0.189596 0.0019 0.00224551
14 0.3371 0.178757 0.14632 0.160988
14 0.52862 0.118802 0.09668 0.0789222
14 0.51446 0.216976 0.04396 0.0751497
14 0.48253 0.176063 0.06494 0.037994
14 0.29984 0.137784 0.07392 0.0811377
14 0.31523 0.216317 0.02518 0.0438922
14 0.49371 0.122665 0.09074 0.0712575
14 0.64362 0.0978743 0.06588 0.0659281
14 0.59912 0.131347 0.03864 0.0656886
14 0.63798 0.173713 0.09472 0.129461
14 0.47893 0.23482 0.0343 0.0972455
14 0.30244 0.226647 0.01976 0.0428743
14 0.4064 0.314102 0.01712 0.0359281
14 0.38645 0.314805 0.02118 0.0313473
14 0.64243 0.213024 0.04514 0.0622754
14 0.2702 0.2075 0.06116 0.111048
14 0.42851 0.238069 0.06614 0.144042
14 0.31441 0.155674 0.07358 0.0994311
14 0.68542 0.176422 0.0248 0.0616467
14 0.49046 0.157575 0.04484 0.0864671
14 0.28072 0.228159 0.02688 0.0653593
14 0.43198 0.292425 0.03676 0.0487425
14 0.71425 0.25729 0.03122 0.0511078
14 0.71173 0.136811 0.05454 0.0622455
14 0.7126 0.197021 0.03452 0.0917066
14 0.59178 0.223263 0.02476 0.0588623
14 0.68153 0.26232 0.03466 0.0702096
14 0.52296 0.144042 0.03432 0.0266467
14 0.52735 0.216841 0.0517 0.0564371
14 0.28973 0.230584 0.0299 0.0397904
14 0.62015 0.250554 0.0407 0.0606886
14 0.4149 0.192874 0.079 0.133114
14 0.38133 0.183683 0.10642 0.124551
17 0.97465 0.396602 0.0507 0.0936228
17 0.95668 0.152769 0.08664 0.302425
17 0.90786 0.434521 0.04312 0.0518563
17 0.8741 0.283997 0.1938 0.360988
17 0.53885 0.503802 0.1885 0.368623