42 0.127875 0.617784 0.039875 0.131463
42 0.332273 0.208919 0.0747344 0.0489738
42 0.303789 0.400862 0.0673594 0.0560917
42 0.761703 0.236921 0.0274687 0.0456332
42 0.574984 0.495972 0.0419062 0.065262
42 0.711594 0.270557 0.0128125 0.0271834
42 0.281375 0.178614 0.0538438 0.0477511
42 0.250914 0.552227 0.0670781 0.0877293
42 0.426664 0.613919 0.0547344 0.110852
42 0.641227 0.122467 0.0529844 0.0473362
42 0.325305 0.264476 0.0447656 0.0331441
42 0.659586 0.186015 0.0203281 0.0289738
42 0.499969 0.290557 0.0516563 0.0610262
42 0.335086 0.168723 0.0656719 0.0443886