11 0.206492 0.527335 0.0895781 0.153396
11 0.333313 0.750802 0.296219 0.227028
11 0.314211 0.545224 0.158891 0.285118
11 0.677234 0.625849 0.191812 0.193585
14 0.626906 0.498892 0.0655312 0.102689
14 0.6825 0.404175 0.0694687 0.0837736
14 0.590352 0.533656 0.0369219 0.142453
14 0.62732 0.654917 0.0645469 0.187901
14 0.157328 0.37671 0.100594 0.120401
14 0.187047 0.596969 0.0606875 0.121486
14 0.866195 0.689422 0.155234 0.176061
14 0.869938 0.773255 0.0835 0.0752358
14 0.161203 0.450259 0.0631875 0.0660377
14 0.792234 0.730554 0.0643438 0.200307
14 0.571313 0.487972 0.0552813 0.201462
14 0.0356719 0.585366 0.0713437 0.0620991
14 0.0221797 0.685802 0.0443594 0.0953774
14 0.319531 0.41566 0.0593437 0.0602358
14 0.483047 0.535295 0.0594063 0.133231