1 0.612109 0.374487 0.102813 0.0987112
1 0.740891 0.39074 0.105813 0.12821
1 0.614812 0.45315 0.104813 0.162864
1 0.685164 0.374332 0.0744219 0.12537
1 0.570273 0.596897 0.105422 0.142912
1 0.475789 0.506516 0.110422 0.0970406
1 0.679625 0.565632 0.102219 0.180191
1 0.552406 0.494511 0.0464375 0.0900239
1 0.565453 0.430728 0.0135625 0.0406921
1 0.651508 0.642649 0.105766 0.168401
1 0.67868 0.460859 0.0356406 0.0471122
1 0.399023 0.498305 0.0456406 0.11074
14 0.527148 0.666599 0.0610469 0.0801193
14 0.413203 0.770036 0.08475 0.110811
14 0.374336 0.673759 0.132047 0.105179
14 0.384227 0.764797 0.0446406 0.0861575
14 0.435242 0.597518 0.149016 0.0879714
14 0.394078 0.63105 0.14225 0.105776
14 0.509977 0.716575 0.0647344 0.0715274
14 0.474625 0.592959 0.145875 0.091074
52 0.742656 0.279093 0.0639062 0.0991885
52 0.728297 0.327733 0.0388437 0.0256802
52 0.664906 0.292375 0.0829375 0.0936277
52 0.609359 0.307303 0.0361563 0.0420048
55 0.833539 0.658377 0.102297 0.149451
55 0.887063 0.759487 0.10025 0.104177
55 0.742977 0.635155 0.0370469 0.0627208
55 0.819727 0.530346 0.0628594 0.0849881
55 0.736297 0.518568 0.0735937 0.127924
55 0.879023 0.843771 0.109484 0.133079
55 0.93743 0.474296 0.0613594 0.0869212
55 0.794289 0.780632 0.0965781 0.152053
55 0.909039 0.651205 0.0549844 0.0736754
55 0.880984 0.489749 0.0348437 0.0336277
55 0.637742 0.873222 0.110891 0.170597
55 0.500047 0.791993 0.09975 0.138974
55 0.717812 0.820274 0.086 0.143079
55 0.706016 0.715537 0.104344 0.121766
55 0.894633 0.590298 0.0601406 0.15358
55 0.928016 0.709881 0.0883437 0.131217
55 0.535016 0.853807 0.109594 0.162029
55 0.746227 0.612363 0.0893281 0.0920286
55 0.771906 0.677721 0.021625 0.0474224
55 0.629813 0.761527 0.109312 0.118091