15 0.756375 0.0274648 0.143781 0.0549296
15 0.761828 0.19973 0.20575 0.355188
15 0.890242 0.108791 0.162797 0.215704
15 0.563172 0.0729812 0.105281 0.145962
15 0.909313 0.23439 0.08975 0.061784
14 0.88618 0.430317 0.179953 0.190258
14 0.88007 0.312477 0.238016 0.20885
14 0.664578 0.388826 0.1975 0.0952582
24 0.620461 0.56858 0.520609 0.371291
1 0.245469 0.72439 0.287156 0.310376
1 0.237414 0.528674 0.270016 0.315939
1 0.528219 0.726866 0.285125 0.310446
59 0.298953 0.352277 0.243594 0.302066
59 0.507984 0.276068 0.233937 0.377723