1 0.564406 0.479734 0.258146 0.181938
1 0.284333 0.516977 0.303292 0.193203
1 0.639646 0.96907 0.0244583 0.0131406
1 0.759125 0.276 0.0367917 0.0200313
1 0.983406 0.3085 0.0331875 0.0264688
1 0.296875 0.0543359 0.079 0.0546406
1 0.329656 0.201656 0.0363958 0.0320312
1 0.706094 0.187836 0.0265208 0.0226094
1 0.700104 0.755484 0.2155 0.193687
1 0.28649 0.928719 0.0256458 0.0159063
1 0.682594 0.305125 0.0330625 0.0181875
1 0.786135 0.00885937 0.0629792 0.0156563
1 0.447365 0.146898 0.0517292 0.0224531
1 0.947365 0.300875 0.0469792 0.0240938
1 0.331583 0.117859 0.019375 0.0110625
1 0.526979 0.0666016 0.0536667 0.0426406
1 0.404698 0.0118828 0.0358125 0.0210781
1 0.72051 0.991156 0.0263125 0.0161563
1 0.414083 0.0857656 0.0472083 0.0370313
1 0.480167 0.185945 0.053 0.0256406
1 0.525948 0.837875 0.202062 0.14025
1 0.72951 0.270883 0.0317708 0.0192344
1 0.427667 0.118211 0.0522917 0.0430781
1 0.485125 0.131594 0.0240417 0.0173437