4 0.0573028 0.50082 0.114606 0.165359
4 0.742974 0.959469 0.236738 0.0792188
4 0.711834 0.588484 0.291471 0.121625
4 0.460085 0.879469 0.376205 0.239656
4 0.584733 0.564805 0.0808529 0.103203
4 0.211407 0.247594 0.215565 0.462094
4 0.277431 0.622477 0.554861 0.129922
4 0.921429 0.700758 0.154371 0.316359
4 0.715864 0.657766 0.154968 0.0494687
4 0.498678 0.851586 0.38887 0.292391
4 0.194403 0.50125 0.338017 0.178687
4 0.269009 0.561367 0.285096 0.167609
4 0.255352 0.966867 0.510704 0.0662656
4 0.431269 0.468656 0.152687 0.109156
4 0.362015 0.364203 0.333241 0.159562
4 0.80661 0.685242 0.12371 0.108797
4 0.473603 0.713766 0.581748 0.07375
4 0.421962 0.356336 0.22806 0.287766
4 0.333603 0.915445 0.0898507 0.114859
4 0.97726 0.653305 0.0450533 0.104422
14 0.974531 0.87193 0.0478678 0.176609
14 0.893113 0.569211 0.173817 0.124828
14 0.684701 0.826633 0.53597 0.220328
14 0.194371 0.570633 0.388742 0.225578
14 0.0196375 0.429562 0.0392751 0.142687
14 0.952207 0.45575 0.0908102 0.160094
14 0.901567 0.950562 0.13307 0.066375
14 0.435864 0.938273 0.159787 0.111891
14 0.245928 0.886906 0.157697 0.0724687
14 0.846674 0.750359 0.136205 0.0648125
14 0.124712 0.927625 0.249424 0.08975
14 0.264861 0.941898 0.0707036 0.0436719
14 0.269947 0.67232 0.22791 0.0489531
14 0.135203 0.784406 0.270405 0.200969
14 0.524808 0.657922 0.250768 0.0833438