6 0.0851953 0.540937 0.130734 0.100875
6 0.129258 0.483125 0.130078 0.0537083
6 0.88818 0.680417 0.174484 0.110583
6 0.167445 0.552979 0.118016 0.0777083
6 0.986844 0.711917 0.0263125 0.111542
6 0.789258 0.701187 0.140734 0.0807917
6 0.464719 0.485979 0.177875 0.133375
6 0.0674531 0.459677 0.13325 0.0672292
6 0.119344 0.904104 0.228 0.104875
6 0.569922 0.530562 0.2385 0.11825
6 0.403313 0.470417 0.099 0.072625
6 0.907273 0.873635 0.180672 0.0896875
6 0.486852 0.689937 0.105703 0.0804583
6 0.18307 0.659979 0.131547 0.110542
6 0.654805 0.975792 0.155391 0.047375
6 0.0775391 0.673167 0.155078 0.0775417
6 0.0916172 0.607021 0.119234 0.06175
6 0.0734453 0.594219 0.145234 0.0779792
6 0.942945 0.944708 0.114109 0.110583
6 0.0938516 0.737385 0.187703 0.0716875
6 0.596453 0.674427 0.223031 0.141521
6 0.894117 0.617563 0.177297 0.118708
6 0.845648 0.40099 0.128422 0.276646
6 0.762047 0.663208 0.143719 0.0953333
6 0.727195 0.293458 0.193453 0.173083
6 0.137391 0.427 0.103281 0.0716667
6 0.75318 0.325042 0.202297 0.177208
6 0.532766 0.741448 0.167594 0.0985625
6 0.865969 0.574469 0.178781 0.113187
6 0.760125 0.95049 0.111062 0.0990208
6 0.716273 0.722542 0.0455469 0.0423333
6 0.0285469 0.635802 0.0570937 0.0269792
6 0.575391 0.945833 0.2325 0.108333
6 0.504234 0.671979 0.144625 0.065375
6 0.95068 0.370969 0.0986406 0.100437
6 0.456266 0.41051 0.197656 0.0700625
6 0.128273 0.773875 0.225141 0.0799167
6 0.465711 0.364615 0.239703 0.0995625
6 0.600555 0.338438 0.105578 0.0767917
6 0.185547 0.724313 0.128219 0.128375
6 0.686188 0.624333 0.120844 0.0972917
6 0.619336 0.716823 0.0656094 0.0557292
6 0.186828 0.601719 0.0923125 0.0771875
6 0.674398 0.689635 0.0402031 0.0415625
6 0.674211 0.28026 0.240828 0.110188
6 0.155633 0.834156 0.189234 0.0923125
6 0.0619062 0.536229 0.123812 0.094875
6 0.767227 0.615187 0.0492969 0.0388333
6 0.706109 0.903042 0.134719 0.102958
6 0.60107 0.381219 0.0440469 0.0407292
6 0.886664 0.466323 0.0508906 0.0363125
6 0.724266 0.544052 0.122438 0.0623125
6 0.142297 0.926292 0.196594 0.0975417
6 0.655609 0.501125 0.109125 0.0542917
6 0.986539 0.988979 0.0269219 0.0220417
6 0.591883 0.457833 0.165797 0.06025
6 0.699875 0.670448 0.0434063 0.0418542
6 0.46582 0.375594 0.235984 0.180563
6 0.705656 0.380406 0.2305 0.101813
6 0.171328 0.498208 0.0686563 0.065125
6 0.0479375 0.976458 0.095875 0.0470833
6 0.488359 0.292719 0.187969 0.0947708
6 0.0423047 0.817063 0.0846094 0.0904583
6 0.792 0.463333 0.211156 0.132833
6 0.944773 0.472531 0.110453 0.179479
6 0.905172 0.936281 0.176344 0.0976875
6 0.579023 0.605635 0.223328 0.114812
6 0.872781 0.519781 0.203844 0.125396
6 0.752133 0.395656 0.202078 0.164521
6 0.863445 0.984927 0.0507656 0.0287292
6 0.429586 0.545031 0.0716719 0.101187
58 0.226984 0.192354 0.0134687 0.009375
58 0.230875 0.10576 0.022125 0.0225625
58 0.236633 0.180823 0.0353906 0.0220625
58 0.27843 0.129281 0.0178906 0.0176875
58 0.226156 0.139542 0.0298125 0.0205
58 0.254414 0.252542 0.0183281 0.00716667
58 0.240656 0.120281 0.0472187 0.0197708
58 0.252648 0.242062 0.0363281 0.0177917
58 0.261805 0.19801 0.0293594 0.0117708
58 0.363656 0.098125 0.0101875 0.0130833
58 0.389695 0.157812 0.0146094 0.0115417
58 0.254117 0.312479 0.00789063 0.004875
58 0.255734 0.234521 0.0271875 0.00979167
58 0.259742 0.109104 0.0365469 0.0238333
58 0.462422 0.147823 0.01225 0.0141042
58 0.251437 0.141802 0.0325312 0.0121042
58 0.509813 0.136333 0.0139375 0.0239583
58 0.257 0.297615 0.0140313 0.0079375
58 0.252508 0.307729 0.0192344 0.0121667
58 0.247289 0.184271 0.0487031 0.039375
58 0.278734 0.185177 0.0173125 0.0138958
58 0.276523 0.179625 0.0260469 0.0142917
58 0.404148 0.163208 0.0141406 0.0180833
58 0.255094 0.192417 0.024625 0.01675
58 0.478477 0.0794583 0.00885937 0.009125
58 0.261008 0.289865 0.00760937 0.0141042
59 0.670789 0.187135 0.0117344 0.0141042
59 0.677484 0.113458 0.010375 0.0105
59 0.847164 0.12999 0.00789063 0.0112292
59 0.798852 0.0682396 0.00651562 0.0089375
59 0.571516 0.094 0.0115 0.0106667
59 0.623539 0.115 0.0107656 0.01
59 0.585508 0.134177 0.0114531 0.0143125
59 0.557047 0.166927 0.010375 0.0158958
59 0.692594 0.15774 0.0126875 0.0123125
59 0.646227 0.12649 0.00917187 0.0091875
59 0.673664 0.16251 0.0111094 0.0141042
59 0.783094 0.0594271 0.00803125 0.00739583
59 0.651359 0.100354 0.00975 0.011375
59 0.815461 0.0655417 0.0112969 0.012875
59 0.577969 0.164365 0.0111562 0.0143542
59 0.911812 0.122688 0.007125 0.00641667
59 0.53857 0.115198 0.0105781 0.0128125
59 0.682133 0.168781 0.00932812 0.00739583
59 0.566234 0.175385 0.0126875 0.0118125
59 0.56 0.104021 0.01 0.0120417
59 0.587289 0.116719 0.0107656 0.0118125
59 0.867 0.0753854 0.00846875 0.00872917
59 0.627008 0.163719 0.0119219 0.0115208
59 0.875898 0.112896 0.00676562 0.00820833
59 0.6595 0.107312 0.01 0.00795833
59 0.605609 0.130385 0.01 0.0125625
59 0.555523 0.136917 0.0107031 0.0125833
59 0.609648 0.150385 0.0103906 0.0141042
59 0.900703 0.11026 0.0075 0.00872917
59 0.528875 0.11449 0.0126875 0.0130625
59 0.588742 0.162031 0.0114219 0.0118958
59 0.552289 0.0965312 0.0117344 0.0156458
59 0.526687 0.125187 0.0114062 0.0155
59 0.885656 0.118073 0.0073125 0.0079375
59 0.624078 0.133406 0.0095 0.0137708
59 0.813219 0.0901458 0.0051875 0.00308333
59 0.639188 0.167063 0.0109063 0.016625
59 0.575578 0.134281 0.0111562 0.0130625
59 0.645562 0.133208 0.0101875 0.0105
59 0.851273 0.0682813 0.00410938 0.0063125
59 0.542117 0.176979 0.00789063 0.0133333
59 0.650438 0.168313 0.010875 0.0120417
59 0.633039 0.102354 0.00942187 0.01025
59 0.576609 0.118771 0.0101875 0.01025
59 0.533563 0.138979 0.012125 0.0133333
59 0.591445 0.102354 0.0108594 0.012375
59 0.599422 0.150406 0.0111562 0.0125625
59 0.650219 0.113406 0.0081875 0.0099375
59 0.663836 0.125 0.00789063 0.01
59 0.683367 0.122313 0.0122969 0.01025
59 0.606766 0.169479 0.012125 0.0117917
59 0.579789 0.101021 0.0105781 0.0112917
59 0.666687 0.148969 0.0109687 0.0096875
59 0.584133 0.0955625 0.0106406 0.0120833
59 0.57975 0.154094 0.0125 0.0156042
59 0.544289 0.138635 0.0129844 0.0130625
59 0.670562 0.0975833 0.01 0.0115833
59 0.673758 0.123615 0.0103906 0.00972917
59 0.530469 0.107052 0.0113437 0.0103542
59 0.708352 0.161406 0.0103906 0.00589583
59 0.675852 0.149104 0.0107656 0.0161667
59 0.885539 0.0816042 0.00576562 0.006625
59 0.904914 0.12126 0.0104219 0.00960417
59 0.532023 0.0972083 0.00995313 0.010375
59 0.566188 0.135385 0.0111562 0.0143542
59 0.822789 0.0704375 0.00692187 0.01
59 0.624313 0.10526 0.01 0.0110208
59 0.58532 0.124042 0.0114219 0.0115833
59 0.628875 0.127177 0.0073125 0.00972917
59 0.558156 0.126927 0.0111562 0.00922917
59 0.826594 0.128812 0.00840625 0.0117917
59 0.562195 0.0951875 0.0105781 0.0133333
59 0.690375 0.145771 0.0113437 0.015125
59 0.878578 0.0822083 0.0069375 0.006625
59 0.872227 0.07 0.00723437 0.0107917
59 0.598609 0.161594 0.0109687 0.0143542
59 0.557523 0.112823 0.00814063 0.00872917
59 0.650195 0.160719 0.0117031 0.0108542
59 0.866148 0.0673854 0.00817188 0.0079375
59 0.546414 0.12924 0.00910937 0.0104792
52 0.384484 0.171708 0.0103438 0.0228333
52 0.354867 0.172365 0.0129219 0.0198125
52 0.381187 0.120646 0.0161563 0.0115417
52 0.344797 0.121573 0.021875 0.0151875
52 0.337938 0.177885 0.0115 0.0131458
52 0.457391 0.158198 0.010375 0.0210208
52 0.478945 0.0803542 0.00951562 0.0114167
52 0.494602 0.16474 0.00942187 0.00589583
52 0.386555 0.116729 0.00410938 0.007375
52 0.450867 0.0908854 0.00995313 0.00885417
52 0.489578 0.0843542 0.0131875 0.0238333
52 0.409297 0.175792 0.015 0.00895833
52 0.361297 0.122365 0.0125 0.0123125
52 0.462672 0.146865 0.0121563 0.0135625
52 0.34493 0.104365 0.00873437 0.0129792
52 0.456406 0.135927 0.0129062 0.0216875
52 0.36368 0.177771 0.0156719 0.0142917
52 0.334375 0.102948 0.01425 0.0211042
52 0.484211 0.106156 0.0128906 0.00564583
52 0.393734 0.165635 0.01 0.0071875
52 0.443516 0.105177 0.0197813 0.00864583
52 0.363891 0.0985104 0.0109063 0.0142292
52 0.498836 0.133375 0.00923437 0.0115417
52 0.36268 0.165188 0.00882813 0.0129583
52 0.466422 0.161458 0.0119063 0.015875
52 0.509422 0.136427 0.0129375 0.0248958
52 0.404414 0.162042 0.0144219 0.02
52 0.494055 0.0987187 0.00770312 0.00872917
52 0.448445 0.139615 0.0102031 0.0110208
52 0.372102 0.172177 0.0140469 0.0110208
52 0.512883 0.156615 0.0121094 0.0148125
52 0.393617 0.175406 0.0168594 0.0142708
52 0.386484 0.106042 0.0133437 0.0145
52 0.488844 0.130625 0.0115 0.00558333
52 0.348023 0.113687 0.0133906 0.00925
52 0.479594 0.137437 0.0175 0.0128333
52 0.466344 0.0847708 0.0165313 0.0151667
52 0.455852 0.103719 0.0130781 0.00947917
52 0.484305 0.161094 0.00967187 0.0171875
52 0.471797 0.0997083 0.0140313 0.0132917
52 0.369469 0.11999 0.011125 0.0106042
52 0.343508 0.169771 0.0123906 0.0145417
52 0.475742 0.167094 0.00923437 0.00589583
52 0.439422 0.0860833 0.015375 0.01
52 0.35975 0.109365 0.0186562 0.0176875
52 0.351477 0.103396 0.0128906 0.0112917