7 0.564813 0.799859 0.190344 0.160843
7 0.29657 0.726651 0.340859 0.388712
7 0.779883 0.713431 0.162266 0.275855
7 0.642445 0.727787 0.0848594 0.071171
7 0.168469 0.234344 0.114 0.117447
7 0.767352 0.360609 0.0786094 0.107307
7 0.363438 0.10363 0.108344 0.0757845
7 0.260477 0.273607 0.0805469 0.0749883
11 0.566859 0.217705 0.206906 0.344309
11 0.263797 0.452084 0.149406 0.186651
11 0.383586 0.284368 0.119891 0.312482
11 0.763687 0.544508 0.240187 0.15815
11 0.939852 0.358326 0.0869531 0.0566979
11 0.775742 0.454075 0.261359 0.108852
11 0.57093 0.4037 0.143984 0.139625
14 0.537906 0.0790984 0.133031 0.127143
14 0.6455 0.297248 0.154094 0.143536
14 0.922945 0.271253 0.154109 0.120445
14 0.806945 0.891721 0.307359 0.0929977
14 0.630414 0.42315 0.231641 0.313138
14 0.500352 0.421511 0.0545156 0.0942155
14 0.0418047 0.438009 0.0836094 0.275035