7 0.782023 0.445059 0.0857656 0.207535
7 0.188867 0.672923 0.0960469 0.216174
7 0.296531 0.302758 0.0802188 0.0730751
7 0.572555 0.944824 0.0509219 0.0656573
7 0.687352 0.615141 0.223734 0.267887
7 0.640289 0.914225 0.0849531 0.10338
11 0.659781 0.807077 0.355219 0.301808
11 0.294961 0.493486 0.143516 0.326784
11 0.423859 0.304965 0.126906 0.186127
11 0.36868 0.699331 0.154641 0.244624
23 0.813562 0.654096 0.100906 0.15284
23 0.366406 0.88439 0.02025 0.0292488
23 0.403008 0.877864 0.0224219 0.0355399
46 0.584867 0.275634 0.172141 0.0538498
46 0.487 0.40581 0.1965 0.2427
46 0.575773 0.582852 0.130203 0.13439
46 0.831086 0.480622 0.0361094 0.1827