59 0.76118 0.821144 0.0352031 0.0459312
59 0.425938 0.475213 0.0624375 0.0633806
59 0.719109 0.640121 0.0474687 0.05417
59 0.4515 0.506832 0.047375 0.0603441
59 0.433289 0.548634 0.0638906 0.0532186
59 0.482375 0.537551 0.0555625 0.077166
59 0.718961 0.713441 0.0600156 0.0691903
59 0.722 0.752004 0.0389062 0.059919
59 0.733875 0.789038 0.0481875 0.0443927
59 0.73218 0.821022 0.0467344 0.0668219
59 0.409102 0.506852 0.0636094 0.0811538
59 0.705203 0.667368 0.0435938 0.0625506
44 0.192055 0.586154 0.165984 0.188907
44 0.321711 0.738846 0.165203 0.217935
24 0.529344 0.701943 0.0823438 0.111215
24 0.55157 0.776144 0.0691094 0.0920445
24 0.589266 0.819464 0.0290625 0.066498
24 0.573016 0.808431 0.0630938 0.0785628
24 0.546719 0.751812 0.0780312 0.112287
24 0.563656 0.791741 0.0706875 0.0823887
24 0.593695 0.813957 0.0523594 0.0732591
1 0.136734 0.734514 0.183688 0.275992