51 0.675766 0.851185 0.0623125 0.0685211
51 0.625125 0.88642 0.0786563 0.101432
51 0.491445 0.860117 0.0510469 0.0749296
51 0.593047 0.89858 0.0655 0.119742
51 0.621547 0.833192 0.0282187 0.0221596
51 0.568484 0.845153 0.0351875 0.0525117
51 0.52557 0.888838 0.0537344 0.106408
51 0.456703 0.363674 0.026625 0.0327934
51 0.545477 0.828181 0.0477656 0.0917606
6 0.89382 0.733369 0.0185469 0.0153286
6 0.915984 0.717864 0.0242188 0.0171831
6 0.942359 0.751373 0.0410313 0.0327934
6 0.929047 0.787911 0.0153437 0.0289671
6 0.982187 0.734401 0.0280313 0.0314789
6 0.956492 0.777113 0.0137344 0.0357277
6 0.919242 0.791984 0.0126719 0.02223
6 0.906938 0.751854 0.0139063 0.0158685
6 0.890937 0.792054 0.0204688 0.0215258
6 0.957625 0.804472 0.0175937 0.0343427
6 0.924156 0.748333 0.0387188 0.0284507
6 0.906336 0.773826 0.0209844 0.0148826
6 0.894828 0.775692 0.0353125 0.0230751
6 0.9285 0.734131 0.0408437 0.0200939
6 0.980227 0.761749 0.0233594 0.00870892
6 0.956773 0.726127 0.0190469 0.021784
6 0.902273 0.800786 0.0220469 0.019554
6 0.950398 0.756854 0.0389219 0.0230986
6 0.905969 0.730164 0.0227187 0.0162441
6 0.979172 0.741209 0.0296875 0.0253756
6 0.994336 0.811854 0.0113281 0.0137559
6 0.984039 0.716408 0.0214844 0.0220657
6 0.9775 0.804214 0.0115937 0.0164085