59 0.223133 0.531333 0.123703 0.193917
59 0.360398 0.557865 0.126734 0.173604
59 0.424492 0.405771 0.147078 0.14675
59 0.43175 0.540573 0.122406 0.159146
59 0.282211 0.505583 0.123609 0.200333
59 0.259219 0.387385 0.123469 0.0896458
59 0.314922 0.376688 0.084125 0.066875
43 0.354797 0.396354 0.207969 0.15675
43 0.2875 0.340115 0.127281 0.0843125
43 0.234195 0.494844 0.0636406 0.0612708
43 0.672906 0.571469 0.0342187 0.0380208
43 0.365031 0.410187 0.08525 0.0947083
38 0.167969 0.614 0.137281 0.224292
38 0.696367 0.660125 0.236328 0.203417
38 0.267703 0.70624 0.0834688 0.113521
38 0.53582 0.686438 0.115984 0.158375
38 0.394695 0.673667 0.203547 0.179333
38 0.516883 0.449844 0.0355781 0.0543958
38 0.766445 0.5275 0.167734 0.355