14 0.76627 0.292143 0.02802 0.0507143
14 0.55653 0.146417 0.05318 0.0422143
14 0.81516 0.275179 0.04156 0.0410238
14 0.84068 0.28919 0.0584 0.0558571
47 0.28574 0.81931 0.20056 0.261143
47 0.43344 0.845881 0.08012 0.128238
47 0.24679 0.562524 0.25826 0.199
47 0.3322 0.791226 0.29656 0.225405
47 0.45944 0.651821 0.14796 0.3235
47 0.27185 0.630952 0.25502 0.223
47 0.30038 0.694619 0.09828 0.102905
10 0.22986 0.185571 0.02864 0.0279524
10 0.29861 0.352202 0.05298 0.0501667
10 0.30975 0.09275 0.05026 0.0413095
10 0.10388 0.249655 0.05564 0.0670238
10 0.13743 0.29156 0.05078 0.0599762
10 0.13565 0.350143 0.0545 0.0575238
10 0.38147 0.246536 0.06438 0.0710238
10 0.22587 0.110881 0.0465 0.0405238
10 0.23281 0.217643 0.04418 0.047619
10 0.21533 0.14869 0.04526 0.0509524
10 0.16754 0.156488 0.05084 0.0512619
10 0.32125 0.267786 0.04182 0.041619
10 0.14569 0.219155 0.05146 0.054881
10 0.18186 0.113214 0.04776 0.0409048
10 0.27866 0.286679 0.05012 0.0520238
10 0.30559 0.131298 0.0407 0.0417381
10 0.24182 0.36719 0.05028 0.0450952
10 0.18487 0.344226 0.05318 0.0571667
10 0.31182 0.189226 0.0538 0.0645952
10 0.21323 0.26681 0.05782 0.0571429
10 0.10121 0.168988 0.05334 0.0559286
10 0.27559 0.232786 0.05742 0.0510476
10 0.2633 0.183083 0.04496 0.052881
10 0.09705 0.315393 0.04794 0.0524524
10 0.19297 0.215131 0.04726 0.0544048
10 0.36833 0.158381 0.0663 0.066619
10 0.26211 0.142702 0.04658 0.0517381
10 0.23441 0.317417 0.05658 0.0622143
50 0.71009 0.790702 0.13822 0.310119
50 0.81276 0.809714 0.10348 0.314667
50 0.62442 0.721214 0.1256 0.233286
11 0.59966 0.419726 0.05308 0.0474524
11 0.68823 0.383167 0.08726 0.139238
11 0.53507 0.367702 0.09562 0.125643
11 0.56097 0.119417 0.03402 0.0269286
11 0.50189 0.183964 0.05526 0.063119
11 0.76821 0.176917 0.05654 0.0669286
11 0.70611 0.13975 0.06482 0.0743571
11 0.76269 0.390988 0.10006 0.0990714
11 0.60803 0.108071 0.0623 0.100476
11 0.50035 0.244024 0.04674 0.0269048
11 0.75713 0.153845 0.05814 0.0369286
11 0.63297 0.356512 0.06794 0.0713571