42 0.298383 0.641347 0.101547 0.088267
42 0.432445 0.652225 0.214672 0.117096
42 0.220398 0.587869 0.152391 0.19082
42 0.309336 0.448829 0.117266 0.170539
42 0.344484 0.566733 0.076 0.070281
42 0.490687 0.504953 0.160031 0.074637
42 0.135977 0.38726 0.0618281 0.0586885
42 0.669836 0.636944 0.0558281 0.0867681
42 0.113508 0.404157 0.0615469 0.0733255
42 0.746586 0.465948 0.0846094 0.0748946
42 0.621633 0.627319 0.0720156 0.0768852
42 0.688711 0.516639 0.0819219 0.0362763
42 0.765188 0.681159 0.16425 0.0921546
42 0.817555 0.560176 0.113391 0.216651
42 0.518938 0.608782 0.153719 0.179016
42 0.163508 0.459227 0.133328 0.0784543
42 0.0380703 0.488583 0.0761406 0.179227
59 0.643617 0.313501 0.0613906 0.0434426
59 0.77832 0.291628 0.120766 0.074356
59 0.331039 0.115211 0.0702656 0.0516393
59 0.173219 0.265621 0.089375 0.12103
59 0.229844 0.109801 0.0700937 0.0980562
59 0.318352 0.23856 0.125484 0.0689227
59 0.449813 0.224543 0.108375 0.0466979
59 0.601562 0.424672 0.0773125 0.092904
59 0.584508 0.178431 0.0485781 0.0386417
59 0.42793 0.610691 0.0982344 0.0818033
59 0.139656 0.726112 0.112156 0.103934
59 0.0370234 0.679415 0.0740469 0.120468
59 0.839109 0.468899 0.0926562 0.0995316
59 0.703172 0.358185 0.0656875 0.0686885
59 0.497523 0.360902 0.0283281 0.0186651