62 0.92863 0.14448 0.10982 0.113707
62 0.78113 0.280307 0.10962 0.298427
62 0.94918 0.483973 0.10164 0.179253
62 0.91359 0.268133 0.17282 0.149547
62 0.81502 0.115093 0.11456 0.07904
62 0.63456 0.2198 0.15456 0.24584
62 0.79231 0.446933 0.0623 0.0666667
62 0.93014 0.18736 0.13972 0.108587
62 0.69617 0.397173 0.1401 0.19904
62 0.84464 0.219907 0.0558 0.0622133
62 0.72079 0.258467 0.03346 0.144613
62 0.94491 0.334467 0.11018 0.09432
62 0.87345 0.395667 0.10542 0.116347
62 0.72894 0.12892 0.07816 0.131813
11 0.48438 0.168187 0.25084 0.336373
11 0.27683 0.179653 0.18834 0.205973
11 0.52204 0.0932533 0.16504 0.17552
11 0.27292 0.303253 0.11284 0.138293
11 0.815 0.115093 0.1146 0.0789867
11 0.68377 0.0954 0.18778 0.186213
11 0.3778 0.0939467 0.09452 0.184373