20 0.457458 0.172609 0.0249583 0.0138437
20 0.461333 0.138078 0.0266667 0.0279375
20 0.446333 0.0544063 0.028375 0.0123125
20 0.485365 0.107563 0.0263125 0.015125
20 0.493437 0.192664 0.00916667 0.0103281
20 0.472135 0.15993 0.00785417 0.0130781
20 0.440094 0.0305937 0.0349375 0.008625
20 0.49174 0.207555 0.0185208 0.00870313
20 0.460958 0.0250625 0.007875 0.0107813
20 0.46174 0.191687 0.0140208 0.00615625
20 0.459375 0.210508 0.0195 0.0179531
20 0.460312 0.0494766 0.0135417 0.0216719
20 0.472365 0.0806406 0.0163958 0.0233437
20 0.484312 0.133 0.0180417 0.0114375
20 0.452719 0.0987344 0.0290625 0.0184687
20 0.45399 0.108203 0.0352292 0.0138437
20 0.493885 0.177773 0.0232292 0.0141094
20 0.462708 0.0191016 0.013 0.0161406
20 0.454604 0.126188 0.0190417 0.0249375
20 0.477396 0.216141 0.007875 0.0240938
20 0.476604 0.187172 0.00454167 0.0046875
20 0.495906 0.163531 0.0176458 0.0119063