6 0.204266 0.669958 0.057875 0.0705
6 0.478078 0.641583 0.034625 0.0282083
6 0.641117 0.640437 0.0539844 0.103208
6 0.442039 0.626583 0.0355781 0.11075
6 0.176227 0.575385 0.0601719 0.0600625
6 0.517492 0.612083 0.0615156 0.0752083
6 0.183547 0.567042 0.0411562 0.05
6 0.202203 0.594875 0.0588437 0.085125
6 0.505937 0.61151 0.066875 0.0822708
6 0.184023 0.594083 0.0644219 0.0821667
6 0.69143 0.651156 0.0257656 0.100771
6 0.335656 0.595896 0.0515312 0.0805
6 0.544523 0.664531 0.0471094 0.0443542
6 0.544859 0.61951 0.0494375 0.0914792
6 0.680852 0.643771 0.0352969 0.121792
6 0.436187 0.622437 0.0680625 0.084375
6 0.506133 0.701458 0.0284531 0.0535833
6 0.295703 0.640448 0.027375 0.0274375
6 0.502391 0.662948 0.02 0.0325625
6 0.51918 0.663167 0.0194844 0.0352083
6 0.320461 0.594615 0.0530781 0.0779375
6 0.316805 0.641927 0.0244531 0.0236875
6 0.420078 0.618802 0.0630938 0.0941875
6 0.249695 0.597646 0.0565781 0.0790417
6 0.347102 0.601844 0.0529531 0.106479
6 0.260758 0.599104 0.0472031 0.07475
6 0.486523 0.663479 0.0201094 0.0291667
6 0.659422 0.643281 0.0348125 0.112812
6 0.633055 0.643854 0.0594219 0.114625
6 0.275938 0.601146 0.0525312 0.0816667