24 0.638578 0.26351 0.0561875 0.0679375
24 0.3785 0.453479 0.135906 0.169417
24 0.727312 0.264823 0.0762188 0.128062
24 0.529937 0.308917 0.106125 0.100875
24 0.530969 0.44801 0.1205 0.182562
59 0.203477 0.218688 0.0709219 0.0314167
59 0.4025 0.400698 0.0523125 0.0640208
59 0.267719 0.223312 0.0599063 0.0299167
59 0.548641 0.276313 0.0130625 0.011875
59 0.0365625 0.239312 0.073125 0.0295833
59 0.714211 0.23525 0.0730781 0.0382083
59 0.55643 0.401323 0.0496094 0.0581875
59 0.342258 0.203531 0.0617031 0.0312292
59 0.542219 0.272479 0.0747188 0.060375
59 0.625289 0.241521 0.0759531 0.0342083
38 0.270617 0.374667 0.0641719 0.0437917
38 0.0838984 0.377604 0.115141 0.0823333
38 0.143867 0.762833 0.0687031 0.0532917
38 0.79418 0.370646 0.0309531 0.034625
38 0.436523 0.376385 0.0294844 0.0438542
38 0.27782 0.7765 0.136359 0.117833
38 0.546422 0.210344 0.0128438 0.0151458
38 0.556094 0.233208 0.0398125 0.0305
38 0.844109 0.753271 0.0570312 0.0792917
38 0.759984 0.737698 0.0638438 0.0805208
38 0.692547 0.749604 0.0146875 0.0187917
38 0.779945 0.207312 0.111453 0.0544583
38 0.035375 0.291125 0.07075 0.0432917
38 0.965797 0.705115 0.0338125 0.0296458
38 0.839984 0.329365 0.093125 0.0438958
38 0.262867 0.266667 0.0407656 0.0533333
38 0.775977 0.504271 0.0243281 0.023125
38 0.405656 0.355188 0.018375 0.0265417
38 0.772398 0.879615 0.0357656 0.0505208
38 0.127969 0.553937 0.0445 0.043125
38 0.928859 0.503073 0.105906 0.0565208
38 0.0550312 0.413865 0.0635938 0.0441875
38 0.585969 0.404708 0.0527813 0.080375
38 0.650031 0.217687 0.0590313 0.035375
38 0.175539 0.380969 0.116859 0.0633958
38 0.807031 0.495781 0.048 0.0488958
38 0.198836 0.271823 0.0714531 0.0439375
38 0.55282 0.774354 0.132109 0.0917917
38 0.0827656 0.536333 0.0173125 0.01975
38 0.896758 0.749146 0.0798594 0.085375
38 0.364719 0.247479 0.1475 0.0725833
38 0.160773 0.783594 0.0844219 0.0738542
38 0.124391 0.776208 0.0372188 0.0431667
38 0.672008 0.503594 0.0923594 0.0818542