59 0.529547 0.0409062 0.0463438 0.0725625
59 0.397828 0.287312 0.0389688 0.0530833
59 0.647586 0.0514167 0.0430781 0.0633333
59 0.520844 0.0888438 0.0411562 0.0571875
59 0.525273 0.167688 0.0469219 0.044625
59 0.625125 0.100646 0.0448125 0.0612917
59 0.640359 0.150031 0.0438438 0.0593542
59 0.561766 0.0888125 0.045875 0.0593333
59 0.619023 0.0193542 0.0544219 0.0387083
59 0.566281 0.148146 0.0504687 0.06375
59 0.60018 0.0673125 0.0396094 0.0535833
59 0.290305 0.0273125 0.0444219 0.0515417
59 0.466852 0.283948 0.0407969 0.0460208
59 0.429289 0.317521 0.0405781 0.0471667
59 0.440578 0.349833 0.0356875 0.0317083
59 0.181023 0.0356354 0.0400781 0.0707292
59 0.593922 0.175302 0.0398125 0.0458958
59 0.595414 0.118323 0.0383281 0.0462708
59 0.571977 0.0418646 0.0478281 0.0548958
59 0.373281 0.32025 0.038875 0.0544167
59 0.46657 0.329865 0.0367344 0.0510208
59 0.213375 0.0798646 0.0424062 0.0558958
59 0.2475 0.0276563 0.0466875 0.0553125
59 0.605602 0.0290104 0.0249844 0.0389375
59 0.217961 0.0292812 0.0392031 0.0585625
59 0.354109 0.345052 0.0401875 0.0294792
59 0.636664 0.180615 0.0441406 0.0443125
59 0.295609 0.0954375 0.0341875 0.0558333
59 0.514242 0.135479 0.0332344 0.042
59 0.363594 0.266802 0.0390313 0.0443542
59 0.61407 0.144875 0.0222969 0.0312917
59 0.622773 0.0537396 0.0134531 0.0305208
44 0.222508 0.432427 0.0244219 0.0563958
44 0.346016 0.0660312 0.0495625 0.0544375
44 0.796367 0.54049 0.0383281 0.0421875
44 0.820289 0.542229 0.0211406 0.034625
44 0.465195 0.0317917 0.0474531 0.0481667
44 0.202172 0.251115 0.01525 0.0399792
44 0.495523 0.339021 0.00595313 0.0378333
44 0.353867 0.148802 0.0464219 0.0480625
44 0.42343 0.161042 0.0450156 0.0435833
44 0.346141 0.0251042 0.0479375 0.048625
44 0.86982 0.401292 0.0149531 0.0367083
44 0.346687 0.112115 0.0465938 0.0511042
44 0.388055 0.102615 0.0440469 0.0456042
44 0.783367 0.629167 0.0290156 0.0277917
44 0.269508 0.301156 0.0253906 0.0602708
44 0.841164 0.0392917 0.0278906 0.0435833
44 0.206156 0.222583 0.0243125 0.0360417
44 0.464875 0.162615 0.0379063 0.0482292
44 0.845977 0.570167 0.0117344 0.0309583
44 0.278641 0.336667 0.00903125 0.0184583
44 0.466219 0.0747083 0.0455625 0.0481667
44 0.469344 0.120646 0.0318125 0.0554583
44 0.860563 0.13 0.0305937 0.0437917
44 0.540063 0.270854 0.0123125 0.0280417
44 0.222336 0.465198 0.0201094 0.0324375
44 0.432859 0.125812 0.041875 0.0414583
44 0.390094 0.139563 0.0427812 0.0410833
44 0.426469 0.0142292 0.0465625 0.0284583
44 0.807117 0.358583 0.0284219 0.0402083
44 0.389656 0.166125 0.0324375 0.020625
44 0.823734 0.250896 0.0263437 0.0377083
44 0.8585 0.505792 0.0155625 0.024875
44 0.386734 0.0205729 0.0483125 0.0354375
44 0.549641 0.306875 0.0359063 0.0523333
44 0.798875 0.506281 0.0359688 0.0376875
44 0.427687 0.0436667 0.0392813 0.0417917
44 0.824273 0.50949 0.0243281 0.0385625
44 0.385555 0.0577396 0.0517344 0.0508958
44 0.263586 0.338198 0.0230781 0.0589792
44 0.821211 0.0897604 0.0474219 0.0541875
44 0.565977 0.277917 0.0127344 0.0385833
44 0.854219 0.350302 0.03175 0.0591875
44 0.866805 0.0856979 0.0340469 0.0328125
44 0.467328 0.0070625 0.0386875 0.0121667
44 0.849648 0.213896 0.0290469 0.0469167
44 0.802836 0.435 0.0348906 0.0385833
44 0.825727 0.47126 0.0292969 0.0454792
44 0.869547 0.188854 0.0292812 0.0459583
44 0.864313 0.021625 0.0299063 0.0370833
44 0.835062 0.383417 0.036125 0.0465417
44 0.79082 0.572646 0.0341719 0.037875
44 0.811422 0.605771 0.0238438 0.0366667
44 0.2755 0.37576 0.0223125 0.0572292
44 0.427336 0.0867083 0.0451406 0.05225
44 0.809047 0.1815 0.0460625 0.04625
44 0.828828 0.341198 0.02975 0.0491875
44 0.216031 0.366437 0.0244375 0.055375
44 0.268031 0.400792 0.0205938 0.0529167
44 0.213062 0.398469 0.0161563 0.0425625
44 0.874094 0.145635 0.0305625 0.0378125