15 0.262297 0.965752 0.0489062 0.0541103
15 0.0698516 0.988221 0.0399219 0.0235589
15 0.130742 0.924524 0.104766 0.136867
15 0.238961 0.989461 0.0539531 0.0197744
15 0.201281 0.975226 0.0436563 0.0480952
15 0.0205547 0.861366 0.0397969 0.0362155
15 0.149969 0.978622 0.082125 0.0411529
14 0.670797 0.70881 0.0981875 0.110702
14 0.730453 0.686905 0.0490312 0.0293985
14 0.723078 0.737481 0.0671563 0.0628321
14 0.674172 0.716341 0.114219 0.0435088
14 0.695094 0.69287 0.065125 0.0503008
14 0.661461 0.760902 0.0448281 0.0685213
14 0.719602 0.756817 0.0666094 0.0374436
14 0.700531 0.746955 0.082625 0.0884962
14 0.700664 0.742306 0.121109 0.105664
14 0.69375 0.72901 0.0383437 0.0251378
52 0.713352 0.929674 0.0261406 0.0484211
52 0.82682 0.91307 0.0228281 0.0259398
52 0.666711 0.94198 0.0403906 0.043208
52 0.592742 0.935677 0.0286094 0.0440351
52 0.659859 0.905251 0.0340312 0.0359148
52 0.589273 0.851065 0.0305469 0.0431328
52 0.713211 0.838772 0.0247969 0.0308772
52 0.640203 0.830414 0.0265625 0.0268421
52 0.563258 0.789499 0.0391406 0.0393484
52 0.595789 0.783108 0.0277969 0.0292732
52 0.627102 0.915739 0.0428281 0.0495238
52 0.845523 0.910088 0.0213281 0.0216291
52 0.634719 0.939373 0.0405937 0.0393484
52 0.558141 0.843734 0.0295 0.0489724
52 0.514172 0.876128 0.0245938 0.0382206
52 0.731187 0.875677 0.02975 0.0463409
52 0.621047 0.835451 0.04075 0.0315539
52 0.69518 0.900464 0.0227031 0.0405263
52 0.511328 0.809098 0.0274687 0.0402506
52 0.533211 0.887306 0.0308281 0.0417794
52 0.719492 0.895952 0.0307656 0.0500501
52 0.62475 0.783935 0.0287813 0.0380451
52 0.529461 0.835238 0.0255469 0.0379449
52 0.545109 0.809073 0.0376875 0.0433083
52 0.540266 0.780338 0.0180625 0.0161654
52 0.689211 0.87411 0.0108594 0.0215539
52 0.648727 0.85985 0.0296406 0.035188
52 0.570547 0.871366 0.0319688 0.0341103
52 0.69 0.83396 0.028125 0.0576942
52 0.675719 0.84703 0.0337187 0.0380702
52 0.55868 0.931867 0.0367656 0.0468421
52 0.539016 0.85802 0.0288438 0.0304261
52 0.768758 0.931667 0.0223594 0.0341103
52 0.674594 0.879511 0.0265937 0.0357143
52 0.638844 0.809336 0.020125 0.0274436
52 0.51293 0.846479 0.0287656 0.0356642
52 0.580172 0.815902 0.03275 0.043584
52 0.600961 0.903559 0.0269219 0.0453133
52 0.568828 0.77188 0.0340312 0.0333333
52 0.806586 0.920789 0.0305156 0.0241353
52 0.637602 0.890263 0.0223281 0.0366667
52 0.623242 0.885777 0.0262031 0.0248872
52 0.704898 0.865025 0.0223594 0.0420301
52 0.596711 0.822669 0.00967187 0.016416
52 0.575305 0.900351 0.0300469 0.0392481
52 0.689023 0.926253 0.0300469 0.0613283
52 0.810203 0.904073 0.0204375 0.016416
52 0.737656 0.917118 0.0253125 0.042807
52 0.689055 0.966541 0.0279531 0.0249624
52 0.660586 0.81287 0.0289219 0.0520551
52 0.55025 0.895489 0.02775 0.0496742
52 0.587805 0.77604 0.00742187 0.0145363
52 0.507602 0.782932 0.0222031 0.0261654
52 0.623313 0.854612 0.039625 0.0451128
52 0.500633 0.828333 0.0314531 0.0348622
52 0.468734 0.790088 0.0378437 0.0301003
52 0.785531 0.91183 0.0284063 0.0368421
52 0.612969 0.807356 0.03675 0.0389724
52 0.601031 0.877644 0.026375 0.0238596
52 0.706133 0.959236 0.0224219 0.0269925
52 0.792437 0.93188 0.0278125 0.0211529
11 0.264461 0.711341 0.0952656 0.136366
11 0.08375 0.847381 0.0585938 0.101479
11 0.349672 0.82718 0.136969 0.0872431
11 0.271344 0.971078 0.0608125 0.0578446
11 0.445844 0.858835 0.115781 0.113158
11 0.437383 0.95 0.0739531 0.0982957
11 0.208523 0.765175 0.138578 0.157569
11 0.298977 0.967356 0.0674219 0.064386
11 0.157906 0.86391 0.0523125 0.0587469
11 0.241984 0.937556 0.030375 0.0400251
11 0.462734 0.827857 0.03875 0.0518546
11 0.480055 0.831266 0.0149531 0.0450877
11 0.365023 0.942845 0.0899219 0.114311
11 0.515578 0.944499 0.0949688 0.111003
11 0.257398 0.724586 0.0942031 0.119348
11 0.231687 0.870075 0.11475 0.152732
11 0.127977 0.815677 0.0351719 0.0422807