11 0.74866 0.438973 0.20244 0.18344
11 0.79866 0.57888 0.16812 0.408747
11 0.34865 0.56608 0.03922 0.04384
11 0.44613 0.77188 0.0171 0.01544
11 0.43765 0.665813 0.66334 0.244427
11 0.99153 0.490387 0.01634 0.0515467
11 0.97613 0.60508 0.04774 0.15928
11 0.58058 0.540227 0.16008 0.0985333
11 0.69674 0.71288 0.16168 0.274933
11 0.58018 0.822427 0.41192 0.355147
11 0.88124 0.541707 0.23736 0.872267
11 0.944 0.891867 0.112 0.216267
11 0.32309 0.84444 0.35566 0.31112
11 0.21452 0.885947 0.17224 0.228107
11 0.4857 0.52448 0.09592 0.141547
11 0.25663 0.506733 0.17354 0.17912
14 0.77182 0.07812 0.07116 0.03
14 0.72465 0.126547 0.01654 0.0315467
14 0.64266 0.112667 0.01984 0.0287467
14 0.66141 0.124747 0.02474 0.0264
14 0.72011 0.0957733 0.04658 0.0864267
14 0.67869 0.0139733 0.02454 0.02592
14 0.70443 0.02752 0.01578 0.05504
14 0.7102 0.1168 0.01348 0.05952
14 0.66613 0.150387 0.01642 0.0205067
14 0.6815 0.120293 0.05068 0.0538133
14 0.76201 0.122573 0.01846 0.0128267
14 0.65173 0.133973 0.01982 0.02592
14 0.63445 0.0983467 0.01502 0.0265067
14 0.74061 0.02964 0.02406 0.05928
14 0.71831 0.0307067 0.0189 0.05912
14 0.68993 0.0257733 0.03814 0.0515467
14 0.74494 0.11012 0.05712 0.0207733
14 0.79237 0.100227 0.03582 0.0243467
14 0.7734 0.0980133 0.03684 0.0401867
14 0.69508 0.140667 0.0156 0.0202667
14 0.69242 0.10508 0.02408 0.0546933
14 0.7935 0.0536 0.08932 0.0307733