43 0.454336 0.206875 0.0641094 0.110125
43 0.48857 0.423 0.0355781 0.09925
43 0.493938 0.239896 0.0542188 0.06775
43 0.466133 0.433573 0.0722969 0.0973958
43 0.228461 0.2635 0.0919844 0.0500417
43 0.66868 0.585333 0.121359 0.175208
43 0.635961 0.385052 0.0892344 0.0623125
43 0.483156 0.35025 0.0359688 0.0615417
43 0.299773 0.276115 0.0813906 0.0604792
43 0.311977 0.469135 0.118922 0.122396
43 0.382211 0.483792 0.0360156 0.0718333
43 0.392648 0.424604 0.0446406 0.0423333
43 0.942555 0.321292 0.0791406 0.121833
43 0.876625 0.316927 0.056625 0.0406042
43 0.501742 0.197469 0.0717656 0.0303958
43 0.658984 0.460083 0.172781 0.13525
23 0.440625 0.273896 0.0354688 0.034
23 0.491594 0.297687 0.0315 0.0370417
23 0.580703 0.56851 0.0542813 0.0564375
23 0.325078 0.469031 0.0301875 0.0425625
23 0.616727 0.410719 0.0247344 0.0334792
23 0.398813 0.439969 0.0436563 0.0394375
23 0.354312 0.324229 0.0438438 0.034625
23 0.53518 0.334979 0.0347344 0.0349167
23 0.349461 0.202021 0.0220781 0.0277917
23 0.496523 0.253802 0.0344531 0.0211042
23 0.67075 0.55949 0.0526875 0.0343542
23 0.741039 0.544698 0.0522656 0.0441458
23 0.139805 0.58651 0.0428906 0.0341042
23 0.882195 0.517167 0.0418281 0.0303333
23 0.698 0.392573 0.0460625 0.0393542
23 0.24625 0.65224 0.0561562 0.0470625
23 0.575469 0.450292 0.0395625 0.0394583
23 0.511633 0.341333 0.0257656 0.02925
23 0.256281 0.378365 0.0361563 0.0360625
23 0.285578 0.278844 0.029 0.0239792
23 0.243883 0.484948 0.0320156 0.0317292
23 0.332344 0.51526 0.0407813 0.0346042
23 0.497141 0.380625 0.0276563 0.0269167
23 0.27575 0.550396 0.0406875 0.02925
23 0.335758 0.532594 0.0261406 0.0241042
23 0.524352 0.306323 0.0271719 0.0259792
23 0.221758 0.27724 0.0352969 0.0301042
23 0.95825 0.386594 0.020375 0.0228125
23 0.390273 0.462302 0.0477031 0.0394792
23 0.652867 0.454437 0.0255156 0.048625
23 0.687055 0.239781 0.0178594 0.0175208
23 0.591734 0.268333 0.039625 0.0292917
23 0.522773 0.224479 0.0219219 0.024875
23 0.714398 0.21451 0.0218594 0.0247708
23 0.920797 0.492177 0.0512813 0.0252292