43 0.780117 0.207288 0.0512656 0.0825472
43 0.291758 0.583526 0.138328 0.133137
43 0.871969 0.387748 0.0544063 0.0514387
43 0.889 0.415283 0.0719687 0.0507075
43 0.147742 0.273373 0.0545781 0.0565094
43 0.238375 0.336108 0.048125 0.104292
43 0.65425 0.338019 0.0674687 0.0928774
43 0.956938 0.247241 0.0494375 0.0746226
43 0.0597031 0.562205 0.0220938 0.0102594
43 0.955969 0.426521 0.0576562 0.109269
43 0.136586 0.529033 0.0219219 0.0384906
43 0.686258 0.554976 0.0214219 0.0294811
43 0.773813 0.728774 0.145562 0.104292
43 0.880687 0.454564 0.0508125 0.0791274
43 0.694969 0.317134 0.0166875 0.0207311
43 0.911461 0.496757 0.0220156 0.0522877
43 0.878398 0.360542 0.0247969 0.03
59 0.911648 0.197972 0.0607344 0.106604
59 0.160289 0.685755 0.147203 0.188821
59 0.169211 0.31138 0.0775469 0.14691
59 0.0811094 0.49283 0.054375 0.0905189
59 0.137406 0.488325 0.050125 0.0791509
59 0.351078 0.498219 0.177875 0.0946462
59 0.0757031 0.596486 0.064375 0.058066
59 0.837352 0.5927 0.0678906 0.0895991
59 0.726945 0.247854 0.0689844 0.11434
59 0.62518 0.128762 0.290797 0.254599
59 0.751344 0.307535 0.041125 0.0471934
8 0.911797 0.197488 0.062 0.109505
8 0.366078 0.490743 0.147437 0.0775708
8 0.162734 0.685613 0.152906 0.187217
8 0.846734 0.618644 0.0866875 0.15158
8 0.907727 0.331663 0.165297 0.0799764
8 0.0755156 0.595979 0.06575 0.0577123
8 0.165742 0.335071 0.0710156 0.0998113
8 0.136937 0.488325 0.0484062 0.0743868
8 0.979359 0.383302 0.0398437 0.136274
8 0.0379062 0.474163 0.0549375 0.073467
8 0.728805 0.285259 0.0667344 0.0488679
8 0.723516 0.250495 0.074375 0.118868
52 0.353914 0.280672 0.174078 0.24592
52 0.0530781 0.248479 0.106156 0.0923349
52 0.523516 0.226474 0.106344 0.179458
52 0.348977 0.102854 0.139672 0.165377
52 0.461922 0.332736 0.112031 0.247689
52 0.529469 0.632017 0.108094 0.264882
52 0.548422 0.443962 0.149719 0.142783
52 0.251828 0.159104 0.111375 0.157736
52 0.467172 0.130236 0.103156 0.105991
52 0.609484 0.320083 0.122531 0.164646
52 0.571164 0.275908 0.0652344 0.0910613
52 0.135352 0.156462 0.139828 0.180047
52 0.411344 0.404693 0.0300938 0.0418868
52 0.429727 0.204363 0.0972031 0.0753302