1 0.192836 0.30222 0.0279219 0.0506075
1 0.119195 0.312313 0.0368906 0.0451402
1 0.597289 0.459556 0.0382656 0.0554206
1 0.668258 0.56028 0.0397969 0.0556542
1 0.323672 0.324206 0.033625 0.0335981
1 0.681914 0.585643 0.0349531 0.0545093
1 0.734477 0.585374 0.0414531 0.0767757
1 0.278633 0.358283 0.0272031 0.0598832
1 0.754273 0.797745 0.0371719 0.0521262
1 0.766461 0.917383 0.0420469 0.0658411
1 0.226695 0.258306 0.0364219 0.0346028
1 0.736266 0.681589 0.0392813 0.0512617
1 0.196391 0.508283 0.0279375 0.0592757
1 0.611563 0.344813 0.0415937 0.0657944
1 0.780977 0.776437 0.0199844 0.0361449
1 0.143336 0.432956 0.0444844 0.0596495
1 0.410164 0.217664 0.0317031 0.0448131
1 0.781195 0.931449 0.0303281 0.0553738
1 0.0193828 0.611928 0.0387656 0.059743
1 0.473797 0.199883 0.03425 0.0461682
1 0.29193 0.448633 0.0346406 0.039229