24 0.682055 0.780178 0.0676094 0.188427
24 0.721711 0.183249 0.0722656 0.0750445
24 0.649586 0.71681 0.0769219 0.162463
24 0.651117 0.813739 0.0287344 0.100593
24 0.764984 0.237908 0.0918125 0.102997
24 0.621375 0.167359 0.0755938 0.132878
24 0.677125 0.13632 0.0374375 0.0561424
24 0.749672 0.714451 0.0305312 0.110979
24 0.606797 0.698828 0.073125 0.157656
24 0.705148 0.534763 0.0380156 0.138605
24 0.673273 0.156929 0.0288594 0.0439466
24 0.742844 0.265297 0.0375937 0.0403858
24 0.665344 0.187537 0.0628125 0.0489021
24 0.716023 0.137226 0.0618281 0.0629377
24 0.620594 0.215208 0.0185312 0.0340356
4 0.293727 0.656083 0.0751719 0.465104
4 0.293406 0.805772 0.0489375 0.26276
4 0.261039 0.702285 0.0785469 0.146825
4 0.293305 0.49595 0.122734 0.290831
4 0.33057 0.453976 0.0830469 0.191691
4 0.314422 0.397715 0.0465938 0.282433
4 0.281625 0.341573 0.0823125 0.27276
4 0.265742 0.33316 0.0497344 0.228754
4 0.296758 0.554466 0.0536719 0.208338
4 0.322016 0.54227 0.081 0.383353
4 0.299234 0.505549 0.093 0.314599
4 0.286203 0.564065 0.0428125 0.164036
4 0.348242 0.672819 0.0181406 0.165875
4 0.263062 0.603561 0.0201563 0.156558
11 0.1385 0.319763 0.177937 0.221602
11 0.176891 0.675623 0.0620313 0.117062
11 0.124922 0.67316 0.0450938 0.0788427
11 0.171297 0.457033 0.138875 0.170208
11 0.145438 0.429985 0.100844 0.0934421
11 0.0842344 0.549451 0.0533438 0.21997
11 0.213977 0.311083 0.0689844 0.155875
11 0.165547 0.482003 0.08225 0.145846
38 0.851789 0.719718 0.0531094 0.118071
38 0.882109 0.647804 0.0837187 0.146706
38 0.772867 0.726721 0.0391406 0.141157
38 0.736766 0.795831 0.0669063 0.13724
38 0.804453 0.750401 0.0627812 0.131365
38 0.634609 0.576662 0.0464687 0.11178
38 0.746797 0.572315 0.0609688 0.0633828
38 0.665492 0.599065 0.0464844 0.0912463
38 0.791258 0.639466 0.0431094 0.0763798
38 0.821234 0.68454 0.0277187 0.113056
38 0.753711 0.693501 0.0374844 0.14997