42 0.150157 0.396859 0.122821 0.081625
42 0.257704 0.233195 0.0724295 0.0582969
42 0.863041 0.433914 0.070094 0.0583281
42 0.61069 0.44357 0.0691536 0.0364844
42 0.276661 0.343531 0.170502 0.0982813
42 0.347014 0.920992 0.0666928 0.0560469
42 0.0288871 0.288211 0.0511599 0.0956719
42 0.0721395 0.188703 0.0705486 0.0699063
42 0.595533 0.145688 0.0723824 0.0610625
42 0.14326 0.149914 0.0665204 0.0867344
42 0.936677 0.405727 0.0650784 0.0528281
42 0.174161 0.336594 0.0773824 0.0887813
42 0.455823 0.317734 0.0668182 0.0722812
42 0.246983 0.169266 0.072837 0.057875
42 0.939929 0.272453 0.0590439 0.08675
42 0.561034 0.188453 0.0439185 0.0442813
42 0.136724 0.458133 0.0475549 0.0640469
42 0.953824 0.727133 0.0648903 0.0702656
42 0.197335 0.306125 0.0361442 0.0370937
42 0.402061 0.326094 0.0427743 0.0772188
42 0.319303 0.428109 0.0856897 0.0600625
42 0.135886 0.220664 0.0488245 0.0278594
42 0.768981 0.164141 0.0675235 0.0398437
42 0.66123 0.436922 0.0202351 0.0282813
42 0.340251 0.20975 0.112821 0.0839688
42 0.535807 0.411937 0.0390125 0.0599063
42 0.718605 0.129203 0.0403762 0.0383437
42 0.343433 0.260539 0.0334483 0.0302344
42 0.616677 0.168195 0.0883386 0.0903906
42 0.0574373 0.403641 0.0719279 0.036375
42 0.254459 0.408375 0.110674 0.092125
42 0.876881 0.217977 0.076395 0.0516094
42 0.324248 0.180742 0.0663323 0.0627969
42 0.056779 0.381062 0.0611442 0.0650937
42 0.559647 0.366742 0.0202351 0.0230781
42 0.0997571 0.293039 0.0985423 0.137109
42 0.223135 0.24675 0.139843 0.0957187
42 0.364859 0.326727 0.0241066 0.0712656
42 0.0387382 0.454078 0.0774765 0.0763125
42 0.0590047 0.141203 0.0555956 0.0557813
42 0.0585972 0.304984 0.0227429 0.089625
14 0.249765 0.60593 0.0439498 0.0452344
14 0.93953 0.313547 0.0336364 0.02325
14 0.250306 0.709383 0.0369436 0.0372031
14 0.1221 0.726023 0.0254545 0.0169219
14 0.311944 0.629953 0.0500627 0.03025
14 0.566552 0.431867 0.02721 0.0593281
14 0.885392 0.742445 0.0239185 0.0233281
14 0.908832 0.4365 0.0265047 0.0261875
14 0.978002 0.752719 0.0280408 0.0487812
14 0.464663 0.804359 0.0355329 0.0488125
14 0.431944 0.726859 0.032884 0.0527188
14 0.819522 0.133391 0.0408307 0.0210313
14 0.833636 0.160891 0.0337618 0.0262812
14 0.643707 0.589555 0.0208621 0.0228281
14 0.514208 0.405484 0.0158464 0.0447188
14 0.898472 0.818562 0.0407367 0.0421875
14 0.0501881 0.734094 0.0332915 0.056
14 0.523205 0.262047 0.0316144 0.04325
14 0.513754 0.252797 0.013558 0.042625
14 0.6721 0.484461 0.0326959 0.0150469
14 0.977139 0.275016 0.0318652 0.0373437
14 0.898989 0.260508 0.0514263 0.0643594
14 0.895431 0.679828 0.0311129 0.0350937
14 0.93355 0.83875 0.0275392 0.0322188
14 0.942429 0.221227 0.02279 0.0205156
14 0.330933 0.95775 0.0383856 0.0430625
14 0.112853 0.859086 0.03 0.0383594
14 0.87627 0.394563 0.0209404 0.025875
14 0.977539 0.357703 0.0380564 0.0236563
14 0.924271 0.219383 0.0351881 0.0392969
14 0.426042 0.818578 0.0479781 0.0276563
14 0.280737 0.884609 0.0360502 0.0241563
14 0.857712 0.802016 0.0342947 0.0609375
14 0.328103 0.875344 0.0389969 0.036375
14 0.072069 0.794914 0.0303762 0.0261719
14 0.734561 0.150844 0.0609091 0.0311875
14 0.878785 0.854664 0.0456897 0.0292344
14 0.869812 0.151695 0.0511599 0.0207969
14 0.595219 0.380812 0.0162696 0.021625
14 0.531646 0.437555 0.0264577 0.0232031
14 0.959961 0.377055 0.0528997 0.0302031
14 0.694491 0.562563 0.0134326 0.022625
14 0.00916144 0.792586 0.0118966 0.0351406
14 0.871183 0.674109 0.0467868 0.039375
14 0.392994 0.84482 0.0306583 0.0280781
14 0.643973 0.437945 0.0364734 0.0378906
14 0.97203 0.867523 0.040674 0.0469531