20 0.606078 0.612396 0.055125 0.080625
20 0.119859 0.359771 0.1455 0.176417
20 0.425172 0.267458 0.0549375 0.0434583
20 0.535953 0.553979 0.0613437 0.136667
20 0.603828 0.507635 0.055 0.0794792
20 0.704289 0.551604 0.0604844 0.0755417
20 0.50325 0.247302 0.0736563 0.0858958
20 0.792531 0.504771 0.0639062 0.0570833
20 0.432453 0.35075 0.0680937 0.0739167
20 0.632062 0.663656 0.0820937 0.112771
8 0.35325 0.433719 0.0351875 0.0689792
8 0.503 0.250396 0.0733125 0.0905833
8 0.686656 0.47176 0.0420312 0.0453542
8 0.612211 0.612052 0.0727969 0.0808125
8 0.631789 0.662531 0.0815781 0.114729
8 0.454898 0.492813 0.0524219 0.0796667
8 0.469695 0.37026 0.0403906 0.0676875
8 0.447328 0.199052 0.0693438 0.0448542
8 0.652789 0.51275 0.0566094 0.0780417
8 0.705586 0.552875 0.0569219 0.0738333
8 0.602859 0.495938 0.0513125 0.0572917
8 0.606516 0.521625 0.0502812 0.0525417
8 0.323625 0.611594 0.0429688 0.0454375
8 0.636109 0.461125 0.055 0.0419583
8 0.240062 0.500385 0.066125 0.0584375
8 0.526422 0.190302 0.0475938 0.0485208
8 0.373609 0.366021 0.0530625 0.0428333
8 0.491633 0.19951 0.0232656 0.0348542
8 0.508094 0.396542 0.0189687 0.0632083
8 0.532031 0.216167 0.01575 0.0268333
8 0.439711 0.441531 0.0519219 0.0641042
8 0.430695 0.349917 0.0657656 0.0740417
8 0.66682 0.31949 0.0470469 0.0556458
8 0.42468 0.267854 0.0551406 0.0469583
8 0.545078 0.375646 0.0511563 0.0979583
8 0.793594 0.505062 0.0626562 0.0548333
8 0.522625 0.625021 0.0427187 0.053375
8 0.541258 0.589156 0.0534844 0.0661458