0 0.413682 0.440609 0.0402928 0.02275
0 0.480709 0.602695 0.0528604 0.0417969
0 0.217275 0.581477 0.0696847 0.0222031
0 0.405811 0.420937 0.0226126 0.0211562
0 0.75357 0.561281 0.0473198 0.0374375
0 0.0996171 0.600711 0.0868468 0.0132969
0 0.474887 0.426969 0.0472973 0.01725
0 0.363018 0.435633 0.0323874 0.0188906
0 0.504032 0.442914 0.0384685 0.0171719
0 0.800991 0.646281 0.0406757 0.0510312
0 0.725529 0.495141 0.0331757 0.0375937
0 0.469347 0.641281 0.0624775 0.0523125
0 0.530011 0.487961 0.022545 0.00923437
0 0.759842 0.724734 0.0556757 0.0394375
0 0.0977928 0.589797 0.0377027 0.0184687
0 0.130146 0.57082 0.0329054 0.0215469
0 0.178209 0.579922 0.0672748 0.0520625
0 0.737241 0.530305 0.0166441 0.0179531
0 0.757917 0.525258 0.0395721 0.00898437
0 0.429538 0.60832 0.0521396 0.0156406
0 0.937995 0.562617 0.0166216 0.0143594
0 0.77964 0.547703 0.0318468 0.0161875
0 0.716014 0.443148 0.0543243 0.0207969
0 0.361464 0.588531 0.0340541 0.0222188
0 0.493288 0.455125 0.0266216 0.0164063
0 0.444606 0.441242 0.0400676 0.0287656
0 0.827601 0.517055 0.0358784 0.0217969
0 0.860698 0.530125 0.0462162 0.01
0 0.804471 0.567102 0.0548874 0.0276719
0 0.948457 0.693945 0.0360135 0.0483594
0 0.598671 0.587461 0.0433784 0.0259531
0 0.79366 0.517461 0.0455631 0.0362031
0 0.713108 0.577727 0.0335586 0.0242031
0 0.208986 0.489656 0.0517568 0.0215312
0 0.048964 0.614414 0.0438288 0.0240469
0 0.810642 0.618094 0.0571396 0.011375
0 0.3783 0.639133 0.0380856 0.0383906
0 0.423333 0.430516 0.0225676 0.025125
0 0.134572 0.579289 0.0417568 0.0298281
0 0.47214 0.505094 0.0372523 0.01425
0 0.260394 0.49757 0.0493468 0.0291094
0 0.359144 0.63482 0.0118018 0.00732813
0 0.695518 0.482305 0.0377027 0.0179531
0 0.330428 0.560461 0.0477027 0.0432344
0 0.742275 0.472437 0.0963964 0.0352188
0 0.430698 0.599484 0.0321622 0.01025
0 0.606498 0.571562 0.0415991 0.032
0 0.119741 0.538492 0.0370045 0.0256719
0 0.385833 0.424109 0.0205856 0.026375
0 0.311577 0.51443 0.0597748 0.0252656
0 0.822365 0.667023 0.0383333 0.0244531
0 0.464257 0.446359 0.036982 0.0164063
0 0.0964527 0.63082 0.0399324 0.0220469
0 0.887601 0.536672 0.0377252 0.0287187
0 0.570214 0.487172 0.0313288 0.01975
0 0.563412 0.649422 0.0640766 0.0292812
0 0.557736 0.598203 0.0613739 0.035375
0 0.300473 0.536664 0.0247748 0.0553906
0 0.429077 0.48518 0.0159009 0.0143594