42 0.467492 0.348529 0.0463594 0.0528235
42 0.693156 0.611929 0.0523438 0.0574588
42 0.18775 0.505188 0.0394062 0.0478353
42 0.170758 0.4062 0.0430156 0.0425176
42 0.266008 0.516541 0.0217969 0.0484706
42 0.532438 0.362341 0.048 0.0253412
42 0.373219 0.431259 0.054625 0.0398824
42 0.719164 0.376718 0.0412344 0.0372471
42 0.488609 0.392518 0.04325 0.0677647
42 0.75943 0.372235 0.0489531 0.0504941
42 0.631398 0.605188 0.0611406 0.0528235
42 0.378898 0.570859 0.0491406 0.0552706
42 0.223805 0.349494 0.0357656 0.0374353
42 0.577133 0.198953 0.0217969 0.0202588
42 0.308656 0.423071 0.029125 0.0317882
43 0.680211 0.298576 0.0301719 0.0372
43 0.775547 0.424106 0.0161875 0.00769412
43 0.293758 0.585894 0.0209531 0.0425647
43 0.424 0.345306 0.0568438 0.0236941
43 0.853047 0.4662 0.0839688 0.0636
43 0.518672 0.406729 0.01825 0.0367529
43 0.463883 0.426776 0.0280156 0.0288471
43 0.283156 0.377153 0.0320312 0.0601882
43 0.486289 0.547059 0.0376406 0.0166588
43 0.421273 0.322718 0.0211094 0.01
43 0.65643 0.532447 0.0226406 0.0336941