14 0.571813 0.56308 0.084475 0.166159
14 0.70895 0.501003 0.15935 0.345952
14 0.500862 0.6109 0.065475 0.312734
14 0.7768 0.547509 0.13875 0.320069
14 0.623838 0.617491 0.050975 0.138235
14 0.626213 0.510657 0.075425 0.123945
14 0.625062 0.29955 0.017975 0.0261592
14 0.664513 0.414585 0.122175 0.247855
46 0.53745 0.857024 0.07705 0.185398
46 0.61085 0.683581 0.15055 0.185709
46 0.589463 0.850554 0.075575 0.242422
46 0.517262 0.713979 0.073725 0.271003
46 0.590538 0.91673 0.210975 0.13692
11 0.89545 0.468633 0.1478 0.154014
11 0.899563 0.292266 0.054275 0.0846021
11 0.852438 0.196626 0.049575 0.0514533
11 0.696612 0.206626 0.155025 0.202249
11 0.844387 0.127993 0.197325 0.181522
11 0.901125 0.335069 0.0397 0.0331834
11 0.937275 0.539066 0.12455 0.171003