52 0.219977 0.0972396 0.174109 0.194479
52 0.572 0.0869583 0.144937 0.169542
52 0.384594 0.0406875 0.276156 0.075875
52 0.450664 0.170469 0.309234 0.264354
52 0.189109 0.298323 0.188062 0.224854
52 0.761406 0.192479 0.331156 0.381542
52 0.877336 0.420448 0.243672 0.382812
59 0.342547 0.336604 0.166313 0.210208
59 0.534117 0.332792 0.171703 0.199
11 0.504367 0.627156 0.594891 0.734521
0 0.606125 0.492708 0.0338437 0.112333
0 0.47957 0.58649 0.0396406 0.0677292
0 0.378352 0.570719 0.108422 0.102188
0 0.2245 0.443115 0.0925 0.0613958
0 0.529172 0.572313 0.0657812 0.083375
0 0.510195 0.640021 0.0530469 0.116375
0 0.506445 0.725448 0.0843594 0.0476458
0 0.864945 0.956021 0.0594219 0.03975
0 0.46268 0.656448 0.0657031 0.0704792
0 0.761906 0.887573 0.0711563 0.0758958
0 0.61307 0.497312 0.0267344 0.0864167
0 0.421266 0.618344 0.0661562 0.0549792
0 0.448109 0.570021 0.0428437 0.0505833
0 0.62382 0.602312 0.0699844 0.09725
0 0.151797 0.423719 0.0536875 0.0555625
0 0.711609 0.962573 0.0595313 0.0496042
0 0.673883 0.865635 0.0482344 0.0819375
0 0.807531 0.654552 0.0362188 0.0681458
0 0.598914 0.568885 0.0376094 0.0430208
0 0.569336 0.511177 0.0480156 0.0508125
0 0.463352 0.568854 0.0377031 0.0382083
0 0.501117 0.68501 0.0953594 0.0557708
0 0.428203 0.549906 0.0582812 0.0323125
0 0.614539 0.777937 0.0990781 0.0988333
0 0.567461 0.677958 0.0531094 0.0460833
0 0.665055 0.459156 0.0384531 0.0697292