50 0.072 0.15499 0.136125 0.0623542
50 0.5505 0.406354 0.0257812 0.020625
50 0.562055 0.427542 0.0174531 0.022125
50 0.501953 0.436896 0.0300312 0.025875
50 0.520367 0.34724 0.0233281 0.0300625
50 0.526188 0.422667 0.0159688 0.0220833
50 0.0419219 0.229635 0.0838437 0.115271
50 0.477141 0.419073 0.025375 0.0298958
50 0.510383 0.399458 0.0357969 0.0545833
50 0.471961 0.402188 0.0224219 0.041875
50 0.102945 0.183979 0.0510781 0.0513333
43 0.503547 0.497521 0.0669375 0.0666667
43 0.433922 0.452771 0.026625 0.047625
43 0.511422 0.536687 0.0278125 0.0239167
43 0.553047 0.513833 0.0415312 0.0495833
43 0.663969 0.451052 0.0628125 0.0558125
43 0.620188 0.490406 0.024 0.0375625
43 0.448 0.435312 0.0143125 0.0509583
43 0.627141 0.471906 0.0521563 0.0463542
43 0.569578 0.494542 0.0216875 0.0292083
43 0.59507 0.512729 0.0366719 0.0349583
43 0.588141 0.482531 0.0400625 0.0478542
43 0.616039 0.388531 0.0355156 0.0322708
43 0.707406 0.738448 0.0209688 0.0313125
43 0.730891 0.758146 0.0246875 0.035625
43 0.721625 0.704979 0.0206563 0.0175417