12 0.130805 0.720323 0.0890469 0.139438
12 0.977859 0.519031 0.0442813 0.0850208
12 0.439813 0.776844 0.0786563 0.137688
12 0.164555 0.442292 0.0671094 0.0502917
12 0.915438 0.458729 0.0461562 0.0219167
12 0.763547 0.752698 0.124656 0.160104
52 0.924508 0.501083 0.106141 0.0859167
52 0.661906 0.609667 0.185375 0.237375
52 0.222633 0.530479 0.0955781 0.14
52 0.390648 0.734698 0.118391 0.121687
52 0.155367 0.503927 0.0893594 0.115937
52 0.0962812 0.481438 0.050125 0.055625
52 0.0260469 0.664896 0.049875 0.154625
52 0.247391 0.707781 0.146969 0.218938
52 0.0325625 0.543188 0.065125 0.113083
52 0.0386719 0.470438 0.0773438 0.104333
52 0.9635 0.726927 0.07 0.124146
52 0.572359 0.776292 0.218719 0.163333
14 0.179367 0.764531 0.153172 0.147396
14 0.937359 0.554844 0.113531 0.108271
14 0.839969 0.696125 0.140187 0.138042
14 0.096 0.424875 0.0598437 0.0597083
14 0.343578 0.79449 0.100031 0.0856875
14 0.120438 0.556052 0.105219 0.126062
14 0.911609 0.778323 0.105906 0.0632292
14 0.948227 0.726656 0.0779531 0.112021