59 0.17443 0.591621 0.0952344 0.107847
59 0.286844 0.681015 0.0804375 0.120545
59 0.191172 0.6737 0.073125 0.0858168
59 0.281398 0.605285 0.0905156 0.106163
59 0.167281 0.749171 0.117594 0.108342
59 0.107586 0.614889 0.0494531 0.0690347
59 0.231094 0.555532 0.0400313 0.0689851
59 0.383094 0.612995 0.0759375 0.0909901
59 0.316281 0.54245 0.050125 0.0907921
59 0.459266 0.545396 0.060125 0.0866832
59 0.345398 0.514072 0.00914062 0.0309158
59 0.204813 0.546188 0.0214375 0.0500495
59 0.278523 0.523144 0.0615469 0.121188
59 0.427555 0.555371 0.0508281 0.0687129
59 0.123086 0.657649 0.0515781 0.0834158
59 0.307844 0.47026 0.0705 0.0544307
0 0.200031 0.253094 0.052375 0.0853465
0 0.206195 0.207426 0.0246406 0.0407426
0 0.169227 0.164196 0.0625156 0.0825
0 0.230133 0.202983 0.0298281 0.0893812
0 0.158977 0.221077 0.0248906 0.0305198
0 0.154031 0.25979 0.0474062 0.0589851
0 0.160672 0.280371 0.0514063 0.0333168
51 0.657977 0.307797 0.108016 0.144208
51 0.793328 0.299158 0.120281 0.155396
51 0.809797 0.223057 0.0478125 0.0753218
51 0.782703 0.135693 0.084625 0.156634
51 0.737711 0.23073 0.0990156 0.175718
51 0.730383 0.345446 0.0566406 0.0675248
51 0.649844 0.179913 0.097875 0.175916
14 0.741586 0.573502 0.0655781 0.0640842
14 0.731992 0.503676 0.118359 0.113688
14 0.655617 0.68078 0.110422 0.289728
14 0.639719 0.632785 0.0819688 0.271312
14 0.746383 0.722067 0.231734 0.216262
14 0.687102 0.51021 0.0733906 0.0887376
14 0.62182 0.527995 0.0263906 0.0415347
14 0.700883 0.6975 0.0914219 0.247178
14 0.794414 0.599319 0.119391 0.228787
14 0.786898 0.750322 0.136766 0.0892079
14 0.735359 0.481683 0.11775 0.0936634
14 0.612367 0.646275 0.0324219 0.208886
14 0.812891 0.809604 0.0924688 0.0397525