14 0.335445 0.752271 0.0786719 0.0424583
14 0.552328 0.692823 0.0415625 0.0445625
14 0.622625 0.686958 0.0505313 0.03975
14 0.291023 0.749573 0.0528281 0.0648125
14 0.542648 0.794552 0.0361719 0.0612708
14 0.177836 0.789552 0.0492969 0.0753958
14 0.216289 0.899094 0.0625469 0.0376458
14 0.316898 0.826354 0.0454531 0.0203333
14 0.512484 0.612312 0.028625 0.0557917
14 0.274531 0.302812 0.0316875 0.0387917
14 0.312578 0.292135 0.0305 0.0823958
14 0.402047 0.64701 0.071375 0.0795625
14 0.186852 0.788042 0.0312969 0.0505
14 0.704797 0.768458 0.0185937 0.0531667
14 0.293344 0.66824 0.0200313 0.0666458
14 0.645141 0.806542 0.0338437 0.112792
14 0.202922 0.519146 0.0742188 0.060125
14 0.432859 0.852094 0.0368125 0.0549375
14 0.152539 0.798406 0.0242031 0.0258958
14 0.591344 0.685281 0.04275 0.0378958
14 0.407602 0.707354 0.0703906 0.0556667
14 0.499437 0.543302 0.0365313 0.0608958
14 0.620328 0.546448 0.105781 0.113854
14 0.342805 0.436896 0.0434219 0.0236667
14 0.292633 0.390875 0.0557344 0.07575
14 0.210477 0.758448 0.0346094 0.0574375
14 0.479953 0.704292 0.0976875 0.032375
14 0.593609 0.89474 0.020875 0.0327292
14 0.135773 0.818844 0.0440156 0.124521
14 0.666328 0.737583 0.03125 0.0572917
14 0.27818 0.617396 0.0238906 0.0460417
14 0.607891 0.650813 0.018625 0.0188333
14 0.302055 0.210208 0.0229531 0.0242083
14 0.718164 0.830417 0.0208594 0.0520417
14 0.51225 0.741115 0.0460313 0.0737708
14 0.35732 0.79 0.0308906 0.021125
14 0.224555 0.61875 0.0701094 0.0755417
14 0.648086 0.813937 0.0639844 0.048875
14 0.372555 0.229167 0.0352656 0.028875
14 0.414859 0.248229 0.0119688 0.0453333
14 0.391234 0.44725 0.0435625 0.0184583
14 0.304383 0.837281 0.0117969 0.0136458
14 0.480914 0.575844 0.0176094 0.0239792
14 0.181836 0.722625 0.0227969 0.0735833
14 0.180547 0.341792 0.066375 0.0470417
14 0.15443 0.810281 0.0287344 0.0227708
14 0.208547 0.72125 0.0176563 0.03225
14 0.152055 0.596385 0.0234844 0.0733125
14 0.419906 0.608521 0.02875 0.04675
33 0.333492 0.282698 0.0553281 0.200146
33 0.330016 0.691615 0.1005 0.0876042
33 0.241078 0.870698 0.109563 0.0778542
33 0.158102 0.661677 0.0406719 0.188604
33 0.310008 0.567594 0.145984 0.223771
33 0.68825 0.727521 0.0485938 0.0430417
33 0.237914 0.76549 0.116109 0.0567708
33 0.413547 0.903073 0.141313 0.0385208
33 0.335133 0.909094 0.0311094 0.0311042
33 0.288797 0.235146 0.0621875 0.0653333
33 0.402586 0.310448 0.0554844 0.219688
33 0.186078 0.84199 0.0894062 0.0586042
33 0.174023 0.273573 0.0990469 0.0837708
33 0.455094 0.87699 0.0526875 0.0812708
33 0.231172 0.225646 0.0490312 0.106083
33 0.143453 0.483854 0.0313125 0.136333
33 0.50357 0.868042 0.0487969 0.111