6 0.250041 0.190964 0.279101 0.241307
6 0.836029 0.262835 0.327941 0.195474
6 0.0683088 0.490882 0.129722 0.117484
6 0.155654 0.273848 0.156928 0.107696
6 0.585351 0.127492 0.359101 0.245866
6 0.877761 0.592851 0.238497 0.213578
6 0.936029 0.723382 0.127941 0.156765
6 0.904592 0.067549 0.189967 0.065098
6 0.856544 0.43406 0.286912 0.170114
6 0.705997 0.0653268 0.244673 0.0873856
6 0.0904248 0.737255 0.170686 0.199967
6 0.400163 0.142443 0.277974 0.261487
6 0.353897 0.347688 0.707794 0.292827
6 0.0912908 0.605621 0.182582 0.158431
6 0.042598 0.305449 0.0851961 0.0578922
6 0.850098 0.154355 0.299804 0.114951
6 0.0763562 0.909003 0.152712 0.167222