48 0.535266 0.249594 0.02375 0.0407708
48 0.863164 0.160875 0.0518594 0.05675
48 0.882727 0.0568958 0.0259531 0.0496667
48 0.727062 0.114937 0.0375313 0.0628333
48 0.815922 0.143802 0.061 0.0763542
48 0.683406 0.192844 0.0526875 0.0699792
48 0.655469 0.229021 0.0261562 0.0576667
48 0.660328 0.138042 0.0423437 0.082875
48 0.461289 0.221531 0.0539844 0.0541875
48 0.607656 0.228969 0.0345937 0.0499792
48 0.314758 0.494135 0.0615781 0.102354
48 0.663805 0.868865 0.0804844 0.110062
48 0.377531 0.630656 0.0635625 0.0921458
48 0.475766 0.19475 0.0505 0.0564167
48 0.368305 0.507687 0.0641719 0.0696667
48 0.823117 0.94074 0.0882969 0.114604