1 0.261477 0.409625 0.0419531 0.04175
1 0.174086 0.391896 0.0650156 0.0774167
1 0.141391 0.510583 0.0650312 0.0753333
1 0.309914 0.40924 0.0592969 0.0374792
1 0.234547 0.365021 0.0775937 0.0621667
1 0.147633 0.570302 0.0493906 0.0577708
1 0.162844 0.488354 0.0435 0.0732917
1 0.206945 0.433979 0.0997656 0.1025
1 0.146547 0.425625 0.051 0.0372917
1 0.208625 0.375948 0.0460625 0.0471042
1 0.282648 0.366094 0.0596094 0.0633125
1 0.173102 0.521427 0.0677969 0.0736875
0 0.454992 0.749823 0.0360781 0.0501875
0 0.518984 0.84901 0.0519687 0.0445625
0 0.60132 0.825677 0.0388594 0.0668958
0 0.405602 0.6785 0.0346719 0.0525
0 0.37232 0.686792 0.0460781 0.0699167
0 0.446039 0.794885 0.0442656 0.0408958
0 0.442305 0.864469 0.0389531 0.0516458
0 0.371711 0.653604 0.0366406 0.032125
0 0.560016 0.867271 0.0388437 0.048875
0 0.54118 0.819969 0.0514219 0.0539792
57 0.32668 0.537396 0.0860156 0.142542
57 0.276797 0.613885 0.0697812 0.111646
57 0.256109 0.499646 0.111125 0.148875
57 0.220109 0.603542 0.0950625 0.132208
59 0.592648 0.305792 0.134328 0.226125
59 0.496937 0.148844 0.203031 0.259771
59 0.561148 0.211323 0.122078 0.208396