1 0.373727 0.423718 0.0767656 0.0623059
1 0.024 0.722282 0.0416875 0.0822118
1 0.723922 0.739588 0.115187 0.135459
1 0.463039 0.415188 0.106141 0.0680706
1 0.528398 0.422247 0.0412969 0.0261882
1 0.806242 0.604412 0.135547 0.201435
1 0.609805 0.411282 0.0843281 0.0469412
1 0.210602 0.769906 0.100203 0.0743059
1 0.708703 0.567047 0.06725 0.0759294
1 0.319773 0.7628 0.162359 0.0879059
1 0.0183125 0.432012 0.036625 0.0995529
1 0.477961 0.359894 0.0873281 0.104071
1 0.260977 0.582435 0.128484 0.202
1 0.17943 0.658188 0.144297 0.198306
1 0.121508 0.733671 0.112609 0.104565
1 0.356234 0.685153 0.099875 0.100612
1 0.0687812 0.438976 0.0981563 0.114941
1 0.206594 0.414329 0.0785937 0.106071
1 0.129828 0.576847 0.10125 0.1488
1 0.470633 0.593376 0.124516 0.166376
1 0.383633 0.714435 0.0799844 0.0806824
1 0.0664687 0.704224 0.0855625 0.155365
1 0.582508 0.661447 0.176172 0.248494
1 0.128648 0.429341 0.0688594 0.106918
1 0.441648 0.742953 0.142672 0.130659
1 0.280141 0.412882 0.108469 0.110141
1 0.486961 0.650294 0.0607969 0.111129
1 0.288898 0.703141 0.112797 0.0992706
1 0.350766 0.531035 0.133625 0.204376
1 0.685055 0.628188 0.117422 0.185976
1 0.22518 0.461447 0.0737969 0.0292
1 0.554125 0.778094 0.127406 0.0570353
1 0.0199297 0.765565 0.0388281 0.0823294
1 0.114773 0.782388 0.117109 0.0492471
1 0.0138281 0.485647 0.0276563 0.0189647
1 0.0455313 0.783376 0.0420625 0.0471765
1 0.788031 0.752847 0.137313 0.107153
1 0.608953 0.5332 0.112906 0.0817882
1 0.865695 0.739965 0.107297 0.133906
1 0.642414 0.760918 0.0640781 0.0931765
1 0.580313 0.403106 0.0742188 0.0676706