23 0.774117 0.581469 0.213672 0.159562
38 0.326172 0.674792 0.038625 0.0300417
38 0.2825 0.590115 0.0299063 0.0598125
38 0.415742 0.736271 0.0467969 0.05725
38 0.371656 0.77876 0.0885625 0.0739792
38 0.346695 0.569052 0.0187656 0.0174375
38 0.388875 0.650844 0.102937 0.0629375
38 0.213609 0.734625 0.063625 0.0505
38 0.290594 0.725896 0.0646562 0.057375
38 0.19375 0.581146 0.0567187 0.0524583
38 0.447031 0.767823 0.0681563 0.0230625
38 0.322773 0.552625 0.0308594 0.0487917
38 0.370906 0.830854 0.043375 0.06225
38 0.243023 0.79525 0.0720469 0.071
59 0.706781 0.21326 0.0100938 0.0176042
59 0.825461 0.295885 0.0167031 0.0284792
59 0.812953 0.298344 0.0179687 0.0154375
59 0.944578 0.537125 0.02925 0.0415
59 0.768508 0.415729 0.0243281 0.0275
59 0.251328 0.616344 0.0349062 0.0616458
59 0.714211 0.255198 0.0329844 0.0161458
59 0.781406 0.272729 0.0304687 0.0189167
59 0.823359 0.26449 0.019125 0.0161458
59 0.862344 0.418656 0.0382188 0.0465625
59 0.945844 0.446917 0.0387813 0.0297083
59 0.819383 0.237719 0.0202344 0.0098125
59 0.761094 0.449177 0.0522813 0.0388542
59 0.798242 0.326219 0.0345156 0.0181875
59 0.170594 0.739802 0.020875 0.0267292
59 0.922688 0.390615 0.0393125 0.0214792
59 0.787297 0.484625 0.06675 0.0161667
59 0.898328 0.42124 0.0337187 0.0198958
59 0.801383 0.30151 0.0159219 0.0129375
59 0.84075 0.37025 0.0409062 0.0126667
59 0.739469 0.266281 0.0379688 0.0109792
59 0.769078 0.221344 0.0154375 0.0247708
59 0.4215 0.839948 0.0240313 0.0438125
59 0.956031 0.386094 0.0320625 0.0258958
59 0.752047 0.217813 0.0143437 0.028875
59 0.305117 0.787927 0.0735156 0.0822292
59 0.700883 0.242313 0.0245156 0.008375
59 0.915281 0.310417 0.0235313 0.0254583
59 0.811383 0.50599 0.0508906 0.0266042
59 0.807438 0.34499 0.0408125 0.0278542
59 0.423086 0.909854 0.0651094 0.0879167
59 0.146641 0.655854 0.0351875 0.031625
59 0.979953 0.355875 0.0248438 0.0295
59 0.164477 0.605552 0.0284844 0.0406458
59 0.88043 0.388354 0.0400469 0.0168333
14 0.717211 0.800156 0.0357969 0.0841458
14 0.737922 0.860292 0.0523438 0.07175
14 0.62557 0.896958 0.0512031 0.0523333
14 0.626742 0.86025 0.0838281 0.0591667
14 0.657133 0.907062 0.0210469 0.0617083
14 0.683391 0.791052 0.0118125 0.0245208
14 0.667375 0.811198 0.0234062 0.0293958
14 0.630719 0.838021 0.0365625 0.106333
14 0.957273 0.749208 0.0124844 0.0127917
14 0.830945 0.755854 0.0267344 0.039875
14 0.956086 0.799115 0.0402344 0.0156042
14 0.910688 0.801479 0.0195625 0.0311667
14 0.692805 0.940448 0.0383906 0.0201042
14 0.743344 0.882021 0.0340312 0.0494167
14 0.613312 0.824292 0.0224688 0.016375
14 0.635359 0.792563 0.0223125 0.014875
14 0.836398 0.782094 0.0359531 0.0358125
14 0.686609 0.874104 0.08925 0.0683333
14 0.696328 0.809333 0.015 0.0533333
46 0.992969 0.813094 0.0140625 0.0146042
46 0.674703 0.761646 0.0111562 0.0148333
46 0.746227 0.811938 0.0135469 0.0177083
46 0.909742 0.742625 0.0140469 0.01475
46 0.901367 0.778906 0.0122656 0.0139375
46 0.644719 0.826458 0.00934375 0.0111667
46 0.959234 0.873833 0.00971875 0.0126667
46 0.681727 0.896333 0.0155469 0.02075
46 0.895414 0.769615 0.0135781 0.0167708
46 0.929133 0.859219 0.0146094 0.0211458
46 0.898164 0.807385 0.0129844 0.0139375
46 0.627078 0.874792 0.0117813 0.019
46 0.740422 0.905646 0.0121875 0.0145833
46 0.773352 0.867677 0.0126094 0.0171458
46 0.70107 0.917354 0.0123906 0.00991667
46 0.876352 0.817667 0.0133594 0.0192083
46 0.975312 0.813865 0.0145313 0.0175208
46 0.924641 0.753219 0.0136562 0.0161042
46 0.739867 0.938198 0.0160156 0.0173125
46 0.654312 0.782552 0.0104375 0.0153125
46 0.692531 0.847052 0.0135 0.0183125
46 0.976281 0.781688 0.0095 0.0135
46 0.950539 0.834604 0.0120156 0.0160417
46 0.942969 0.818729 0.0120313 0.0169583
46 0.725836 0.886333 0.00904687 0.0135
46 0.913477 0.85826 0.0174844 0.0149792
46 0.89093 0.837719 0.0139844 0.0150208
46 0.908898 0.834969 0.00992188 0.0129375
46 0.957609 0.847771 0.0104688 0.0175417
46 0.866539 0.775917 0.0191406 0.019125
46 0.715414 0.91351 0.0107656 0.0185625
46 0.678109 0.842542 0.0121875 0.0159583
46 0.955648 0.762563 0.00835937 0.0131667
46 0.655172 0.87176 0.014875 0.0186042
46 0.704305 0.902198 0.0154219 0.0191458
46 0.934977 0.733729 0.0108594 0.01175
46 0.669438 0.810583 0.00971875 0.0134583
46 0.96968 0.852135 0.0115781 0.0140208
46 0.923641 0.798448 0.0112187 0.0167292
46 0.889141 0.819656 0.0151562 0.0191042
46 0.919977 0.76925 0.0153594 0.018
46 0.983516 0.85125 0.015375 0.0156667