23 0.620789 0.615333 0.578078 0.420542
14 0.201867 0.457083 0.0626406 0.172208
14 0.312555 0.514552 0.0529219 0.135979
14 0.223594 0.376031 0.0909062 0.261146
14 0.33175 0.487458 0.0676563 0.131875
62 0.701383 0.520979 0.593547 0.463833
62 0.721453 0.317177 0.557094 0.512521
62 0.80057 0.466792 0.397016 0.299208
62 0.617539 0.210833 0.764922 0.344625
62 0.529102 0.780146 0.499234 0.395167
11 0.334359 0.324375 0.1845 0.246
59 0.0875234 0.417344 0.173547 0.280021
59 0.379094 0.921094 0.120812 0.157812
59 0.485133 0.943292 0.120172 0.108625
59 0.290367 0.828521 0.132141 0.204375
59 0.244461 0.585125 0.0933906 0.16475
59 0.117133 0.642396 0.180578 0.253167
59 0.376594 0.835052 0.082 0.0908958
59 0.211188 0.753687 0.149031 0.162