11 0.745781 0.16225 0.0885937 0.109292
11 0.421687 0.45101 0.233 0.256104
11 0.573344 0.326073 0.0989063 0.145646
11 0.661813 0.477271 0.045875 0.0652917
11 0.559383 0.677573 0.0824844 0.0646875
11 0.0334844 0.632208 0.065 0.0737083
11 0.801461 0.368979 0.118109 0.238083
11 0.491695 0.253896 0.199828 0.1405
11 0.327711 0.203115 0.191203 0.233021
11 0.696406 0.102156 0.138156 0.0726875
11 0.528453 0.220667 0.0675625 0.0644583
7 0.908266 0.598156 0.183469 0.472771
7 0.473234 0.114604 0.314188 0.229208
7 0.35743 0.758458 0.465016 0.481667
7 0.147102 0.431906 0.280922 0.388562