11 0.148836 0.246177 0.0601406 0.0654375
11 0.175344 0.437094 0.158375 0.133896
11 0.159523 0.329198 0.210234 0.171229
11 0.028375 0.470146 0.0557813 0.143958
11 0.134234 0.52326 0.108906 0.108021
11 0.0795547 0.29324 0.0585156 0.0774792
11 0.104234 0.365719 0.0467187 0.0498125
11 0.233227 0.213885 0.0680781 0.0624375
11 0.0606563 0.414687 0.0989375 0.0793333
11 0.0814141 0.487208 0.0835469 0.095625
11 0.248789 0.294031 0.0801406 0.139937
11 0.133609 0.381958 0.0712812 0.0697083
11 0.107664 0.283802 0.0461094 0.0723542
11 0.336633 0.272406 0.107359 0.170729
11 0.0344375 0.361427 0.0663125 0.0876042
7 0.645578 0.127042 0.05375 0.0629583
7 0.725938 0.0817396 0.0659375 0.0851042
7 0.595602 0.0707813 0.0412656 0.0291042
7 0.489266 0.101781 0.0481875 0.0693542
7 0.680508 0.11074 0.0427656 0.0622708
7 0.715961 0.02275 0.0884219 0.0455
7 0.491469 0.0589479 0.0394688 0.0457292
7 0.583719 0.150781 0.067 0.0451875
7 0.616531 0.132781 0.0263125 0.0438542
7 0.542031 0.149917 0.06325 0.0641667