43 0.5625 0.633627 0.09132 0.0535467
43 0.9045 0.49756 0.04076 0.0530933
43 0.68371 0.30208 0.19018 0.268533
43 0.33638 0.630293 0.02884 0.03872
43 0.65668 0.593333 0.04464 0.0412267
43 0.33742 0.667627 0.0388 0.05776
43 0.63329 0.610307 0.05006 0.0436533
43 0.68546 0.29936 0.02964 0.136747
43 0.36201 0.628493 0.04022 0.04904
43 0.87056 0.539613 0.03672 0.0310133
43 0.73066 0.27608 0.04084 0.0752533
43 0.70835 0.589107 0.03806 0.0284533
43 0.83657 0.524613 0.04886 0.0394667
43 0.51401 0.641893 0.04894 0.0473067
43 0.30075 0.62516 0.03194 0.02472
43 0.81243 0.5502 0.03566 0.0236
43 0.77076 0.56524 0.04756 0.02696
43 0.51354 0.61812 0.02096 0.0458933
43 0.27426 0.63452 0.03968 0.0337333
43 0.3712 0.673 0.0562 0.0438133
43 0.93979 0.51072 0.04266 0.0509333
43 0.84364 0.547947 0.04212 0.0235733
43 0.72623 0.559173 0.09846 0.0410133
43 0.31121 0.644987 0.0407 0.04208
43 0.25473 0.6576 0.05034 0.02112
43 0.62096 0.581 0.02164 0.02008
43 0.79095 0.404 0.0961 0.08544
43 0.55384 0.62372 0.04096 0.02488
43 0.54881 0.42956 0.05246 0.12344
43 0.583 0.265333 0.15552 0.267413
43 0.43202 0.640307 0.05916 0.0773067
43 0.53677 0.577787 0.0555 0.0631467
43 0.41619 0.648387 0.04486 0.0391733
43 0.9494 0.52244 0.02196 0.0235467
43 0.89383 0.5374 0.0297 0.04376