59 0.411227 0.563844 0.0982031 0.127021
59 0.693984 0.236073 0.0418437 0.0443125
59 0.529539 0.291396 0.0900469 0.0560417
59 0.326375 0.811656 0.156844 0.172646
59 0.540469 0.728969 0.0307812 0.0471875
59 0.485539 0.231031 0.0347031 0.0316875
59 0.466422 0.67449 0.0438438 0.0474375
59 0.645789 0.595208 0.0537969 0.0509167
59 0.450414 0.694104 0.115391 0.094375
8 0.485805 0.232573 0.0356719 0.0338958
8 0.43607 0.691542 0.0930156 0.0915
8 0.400656 0.210635 0.0211562 0.0110208
8 0.698922 0.246333 0.0309687 0.024875
8 0.421203 0.62525 0.067 0.0595
8 0.402867 0.738156 0.0407344 0.0576042
8 0.53 0.291323 0.088625 0.0572708
8 0.540852 0.729604 0.0301094 0.049
8 0.466133 0.670896 0.0444219 0.0371667
8 0.533461 0.244167 0.0727969 0.04925