6 0.89607 0.559469 0.0276094 0.0323542
6 0.859313 0.654552 0.0631875 0.124229
6 0.419023 0.544083 0.0279219 0.056375
6 0.732945 0.659208 0.0500781 0.164292
6 0.825281 0.601885 0.0499062 0.102813
6 0.452977 0.699573 0.0497969 0.226521
6 0.733594 0.562094 0.0594688 0.112854
6 0.482313 0.697062 0.0740625 0.191917
6 0.363812 0.679052 0.103406 0.170271
6 0.813984 0.584229 0.0716563 0.119875
6 0.491297 0.525792 0.0498437 0.100833
6 0.717555 0.682021 0.0595156 0.164667
6 0.655672 0.687594 0.0653125 0.238187
6 0.397516 0.712948 0.0607812 0.181812
6 0.690516 0.710969 0.0224375 0.184062
6 0.471039 0.536594 0.0359844 0.0500625
6 0.380328 0.518469 0.0641875 0.0728125
6 0.474492 0.530146 0.0327656 0.0457083
6 0.883906 0.57224 0.018 0.0417292
6 0.440227 0.543115 0.0240469 0.0495625
6 0.882477 0.640438 0.0441719 0.0795833
6 0.350289 0.645427 0.105828 0.186896
6 0.712016 0.552896 0.0326562 0.0542917
6 0.646141 0.593896 0.04425 0.108042
6 0.526531 0.558427 0.02625 0.112062
6 0.38807 0.53126 0.0590469 0.0580625
6 0.870383 0.579469 0.0200469 0.0523125
6 0.895695 0.642979 0.0305781 0.0721667
6 0.846172 0.604896 0.0363125 0.107333
6 0.479375 0.683052 0.0696563 0.185104
6 0.404687 0.543521 0.0382188 0.0617083
6 0.457961 0.546323 0.0276094 0.0586458
6 0.726313 0.561865 0.0555625 0.100729
6 0.708359 0.705 0.0384062 0.180375
6 0.432516 0.705052 0.0375313 0.166104
6 0.496773 0.644687 0.0808281 0.174542
6 0.621719 0.571854 0.0635625 0.103458
6 0.632578 0.596333 0.060375 0.124292
6 0.665227 0.580229 0.0268906 0.0760417
6 0.927961 0.573146 0.0684844 0.0923333
6 0.379742 0.705698 0.0750156 0.177021
6 0.941094 0.614396 0.02475 0.0488333
6 0.669031 0.712594 0.0280625 0.188104