11 0.23625 0.604047 0.0600625 0.341559
11 0.118281 0.705903 0.043 0.223144
11 0.339805 0.691522 0.0714844 0.45245
11 0.384102 0.706522 0.0864844 0.337698
11 0.213422 0.742153 0.0599063 0.423069
11 0.177367 0.703515 0.0574531 0.439257
11 0.145641 0.666349 0.0860625 0.361262
11 0.403859 0.684344 0.01975 0.0692327
11 0.310305 0.650916 0.0355156 0.144059
11 0.41768 0.649814 0.0711406 0.205767
1 0.846094 0.745767 0.160062 0.276634
1 0.490523 0.319889 0.159703 0.16948
1 0.694125 0.666473 0.148094 0.255965
1 0.633305 0.739517 0.147703 0.343094
1 0.426547 0.50427 0.114312 0.176955
1 0.511383 0.722624 0.129828 0.218762
1 0.584102 0.53005 0.138797 0.249554
1 0.488852 0.470705 0.138109 0.227005
14 0.667898 0.52948 0.260828 0.221535
14 0.751391 0.494653 0.278406 0.162178
14 0.67525 0.398837 0.268344 0.12198
14 0.699328 0.284394 0.289438 0.0913614
14 0.710211 0.187166 0.278766 0.0954703
14 0.706359 0.126658 0.317719 0.0950495
14 0.720242 0.355408 0.249828 0.0804703
44 0.419531 0.193144 0.0238125 0.117921
44 0.491844 0.184629 0.0866563 0.144109
44 0.330242 0.221683 0.0712656 0.0815842
44 0.198703 0.359579 0.0965938 0.207376
44 0.453336 0.165309 0.0562031 0.143342
44 0.255117 0.223057 0.0996094 0.178886
44 0.366766 0.0942327 0.08925 0.0802475
44 0.404445 0.209493 0.0393594 0.0830941
44 0.290734 0.33005 0.109937 0.18005
44 0.382914 0.312438 0.0749531 0.221262
44 0.206562 0.228403 0.0737187 0.108243
44 0.348094 0.318948 0.0482812 0.19349
44 0.347492 0.151361 0.109172 0.141287
44 0.271055 0.113552 0.119703 0.164431