14 0.499602 0.736406 0.0283281 0.0845625
14 0.587578 0.674802 0.0134062 0.0533542
14 0.622461 0.732073 0.0224531 0.0744792
14 0.770406 0.710396 0.0416875 0.0465417
14 0.53882 0.672958 0.0244219 0.0631667
14 0.76925 0.740646 0.0248125 0.0664583
14 0.53982 0.743719 0.0232969 0.0860625
14 0.723273 0.6685 0.0335156 0.0310417
14 0.581336 0.735177 0.0188594 0.0761875
14 0.465156 0.712844 0.0223438 0.0803542
14 0.686477 0.646969 0.0233906 0.0508958
14 0.720016 0.695281 0.0388125 0.0349792
14 0.592195 0.757573 0.0192344 0.0341042
14 0.558547 0.671927 0.0282813 0.0571875
14 0.509813 0.741281 0.0276875 0.0810208
14 0.652398 0.673271 0.0142344 0.0547917
14 0.606172 0.66849 0.0254688 0.0610208
14 0.683047 0.735969 0.038375 0.0616042
14 0.712258 0.744698 0.0202344 0.0653125
14 0.487797 0.670896 0.0265625 0.0701667
14 0.791352 0.687187 0.0348906 0.0612917
14 0.745078 0.66975 0.0268437 0.046875
14 0.81718 0.730542 0.0482656 0.0520417
14 0.66425 0.658198 0.0199063 0.0478125
14 0.470547 0.644427 0.0168125 0.0577292
14 0.72532 0.737521 0.0248281 0.0655833
14 0.502695 0.669448 0.0226406 0.0578542
14 0.603781 0.763156 0.0231562 0.0727708
14 0.573078 0.674667 0.0173125 0.0564167
14 0.554891 0.745896 0.0238438 0.0861667
14 0.633609 0.667854 0.0302812 0.0562917
14 0.483133 0.738146 0.0342656 0.087875
14 0.56768 0.746396 0.0242344 0.0789167
14 0.516422 0.67449 0.0236563 0.0576875
14 0.69093 0.687812 0.0189219 0.0357917
14 0.524602 0.742688 0.0255781 0.0864167
14 0.739602 0.726781 0.0269219 0.0635625
14 0.756531 0.744635 0.0233125 0.0615625
14 0.673305 0.720208 0.0324531 0.0517083
14 0.627672 0.655896 0.00884375 0.0230833
14 0.598781 0.665906 0.0138437 0.0574375
14 0.64175 0.747625 0.0420625 0.075125
43 0.797992 0.280656 0.0547969 0.0835208
43 0.639984 0.265135 0.03125 0.0390208
43 0.802094 0.320417 0.0635938 0.0495417
43 0.591141 0.322437 0.0367188 0.054625
43 0.787664 0.277188 0.0490156 0.085875
43 0.656852 0.255344 0.0491094 0.0508958
43 0.767852 0.273469 0.0409531 0.0923125
43 0.696242 0.392948 0.0569219 0.0263958
43 0.657102 0.304875 0.0344219 0.0538333
43 0.712273 0.285021 0.0229219 0.0636667
43 0.684398 0.366469 0.0653906 0.0641042
43 0.733281 0.272917 0.0301875 0.0882083
43 0.695883 0.216417 0.0377031 0.0233333
43 0.577984 0.311333 0.0398125 0.044625
43 0.706336 0.346844 0.0337656 0.0662292
43 0.699211 0.311542 0.0237969 0.03325
43 0.739266 0.220625 0.02225 0.0409583
43 0.625828 0.323771 0.0352813 0.1
43 0.596414 0.280698 0.0357656 0.0361458
43 0.622398 0.269677 0.0109531 0.0241042
17 0.176359 0.752865 0.0352813 0.0326875
17 0.169508 0.64299 0.0125156 0.0223958
17 0.258883 0.697219 0.0595156 0.0496042
17 0.148836 0.622823 0.0144219 0.0158958
17 0.179945 0.607646 0.0242344 0.0261667
17 0.156766 0.718208 0.0334688 0.0405
17 0.115648 0.698521 0.0271094 0.0535417
17 0.165008 0.773677 0.0576719 0.0454375
17 0.332078 0.689906 0.0300312 0.0406042
17 0.0876094 0.702875 0.0436563 0.0712917
17 0.247359 0.617167 0.035625 0.0370833
17 0.136688 0.712958 0.0335312 0.0635
17 0.192523 0.6865 0.0338594 0.03575
17 0.112164 0.678948 0.0222031 0.0426042
17 0.13875 0.679667 0.0301875 0.0469167
17 0.127109 0.761771 0.0389375 0.0436667
17 0.0905469 0.743365 0.0290312 0.0502708
17 0.162289 0.686375 0.0263906 0.0330833
11 0.336328 0.424542 0.115594 0.127542
11 0.385227 0.353031 0.0494219 0.126438
11 0.188391 0.457542 0.146219 0.150083
28 0.904086 0.670687 0.0230781 0.0284583
28 0.920922 0.66825 0.0186562 0.0243333
28 0.792773 0.274021 0.0433906 0.0870417
28 0.683641 0.363979 0.062875 0.0612917
28 0.656828 0.326333 0.034625 0.094625
28 0.886141 0.64076 0.012125 0.0107708
28 0.928875 0.687854 0.0149375 0.0199167