14 0.7311 0.26228 0.09012 0.0561867
14 0.54504 0.48252 0.11796 0.275067
14 0.63878 0.5792 0.09856 0.282347
14 0.69118 0.70772 0.04276 0.0444533
14 0.52704 0.550893 0.15336 0.241413
43 0.14378 0.56864 0.11916 0.163893
43 0.32027 0.14984 0.0381 0.0291733
43 0.33519 0.758653 0.0655 0.0768267
43 0.14455 0.677707 0.03322 0.0392
43 0.16982 0.28548 0.04876 0.0395467
46 0.21037 0.193253 0.03594 0.0470933
46 0.2982 0.8108 0.0376 0.0556267
46 0.19183 0.416 0.02546 0.0358933
46 0.25871 0.79076 0.03926 0.0542667
46 0.31657 0.197933 0.02354 0.0564533
46 0.28191 0.742667 0.0405 0.04736
46 0.36831 0.69908 0.0261 0.03144
46 0.23576 0.2662 0.04276 0.05
46 0.23067 0.342893 0.0281 0.0465333
46 0.51959 0.16172 0.02078 0.0415733
46 0.2581 0.746147 0.0314 0.0393867