24 0.869211 0.36131 0.0341094 0.0325057
24 0.760828 0.554886 0.0339375 0.0820273
24 0.920281 0.347164 0.0785937 0.0655353
24 0.802766 0.395011 0.0384375 0.051754
24 0.680141 0.315478 0.03225 0.062164
24 0.635898 0.305729 0.0388594 0.0491344
24 0.829648 0.539499 0.0354844 0.0425513
24 0.617383 0.358531 0.0249844 0.0324601
24 0.790813 0.288428 0.0915312 0.0915262
24 0.723141 0.39803 0.032375 0.0748747
24 0.656398 0.51131 0.0430469 0.120979
24 0.654297 0.354351 0.0481562 0.0661048
24 0.897492 0.448941 0.0384531 0.0538724
24 0.594133 0.329032 0.0382344 0.0321868
24 0.893555 0.387062 0.0327969 0.0333485
24 0.766109 0.705456 0.0871563 0.0681777
24 0.823648 0.633508 0.0537969 0.0953531
24 0.600141 0.370797 0.0302187 0.0432346
59 0.375531 0.500911 0.06275 0.0624146
59 0.45218 0.598018 0.0532969 0.0899317
59 0.272562 0.42344 0.0798125 0.121913
59 0.493727 0.603326 0.0352031 0.0739408
59 0.713922 0.546765 0.0709063 0.117768
59 0.367836 0.605296 0.0542031 0.0554214
59 0.425883 0.640797 0.0809531 0.0830524
59 0.216742 0.512437 0.0402031 0.111982
59 0.209773 0.448212 0.0518594 0.0593394
59 0.0759922 0.453815 0.0638594 0.0749203
59 0.122797 0.738998 0.0591875 0.12533
59 0.203492 0.61467 0.0861094 0.106606
59 0.115523 0.590831 0.0334531 0.0533713
59 0.228117 0.810068 0.0407031 0.0538497
59 0.900625 0.514146 0.068 0.0902506
59 0.675047 0.401526 0.078125 0.092574
59 0.84582 0.451344 0.0913281 0.103918
59 0.0846719 0.523759 0.0419687 0.113713
59 0.221695 0.687426 0.0584844 0.0607745
59 0.344602 0.706333 0.0227344 0.0528018
59 0.247742 0.845068 0.0361719 0.0631663
59 0.16007 0.361321 0.0547656 0.104692
59 0.185008 0.745763 0.0251094 0.0653759
59 0.325547 0.556651 0.0697812 0.0846469
59 0.2585 0.793235 0.0394688 0.0420501