32 0.457578 0.241125 0.0454062 0.055125
32 0.378328 0.298583 0.0616875 0.0415417
32 0.429391 0.269708 0.03925 0.0632083
32 0.519039 0.286083 0.0580781 0.0469167
32 0.449039 0.335906 0.0557656 0.0523125
32 0.508984 0.268573 0.0450938 0.0362708
32 0.468742 0.292125 0.0529219 0.0511667
32 0.404836 0.2695 0.0272969 0.0497083
32 0.435883 0.31074 0.0304219 0.0346458
32 0.458172 0.357344 0.0561562 0.0692292
32 0.402484 0.314875 0.0394375 0.0528333
32 0.504133 0.331594 0.0415469 0.0512708
32 0.405305 0.372073 0.0561094 0.0391042
32 0.505156 0.353542 0.0465313 0.0612917
32 0.49632 0.238281 0.0392344 0.0518542
11 0.311391 0.344865 0.165938 0.102354
33 0.639461 0.623823 0.0960781 0.189771
33 0.592672 0.652052 0.203469 0.0403542
33 0.575039 0.619042 0.0593281 0.181125
33 0.517602 0.662885 0.137266 0.183479
33 0.579891 0.700052 0.193 0.199646
33 0.654234 0.588802 0.102375 0.0626458
33 0.577242 0.69524 0.165578 0.0465625
33 0.61468 0.624979 0.0269219 0.0295