43 0.725656 0.215313 0.0225 0.03
43 0.630258 0.501146 0.0608594 0.0642083
43 0.852086 0.832167 0.00923437 0.00820833
43 0.738711 0.196813 0.0246094 0.045625
43 0.703625 0.327938 0.0179687 0.03575
43 0.731547 0.23525 0.0580312 0.0607083
43 0.720852 0.227688 0.0207656 0.0179583
43 0.895867 0.470031 0.0234531 0.0225208
43 0.855273 0.405375 0.0258594 0.016
43 0.847008 0.392208 0.0431719 0.04325
43 0.764906 0.345646 0.0354063 0.024625
43 0.707102 0.198594 0.0180781 0.0325625
43 0.893281 0.525802 0.02425 0.0355625
43 0.857367 0.342302 0.0238906 0.0488958
43 0.784703 0.766 0.0188437 0.0447083
43 0.850016 0.800885 0.021375 0.0487292
43 0.798203 0.286406 0.015 0.0276875
43 0.878984 0.462573 0.0260625 0.0329792
43 0.889266 0.448979 0.0165937 0.0194167
43 0.877633 0.419 0.0209844 0.04975
43 0.806266 0.382375 0.0174687 0.0389167
43 0.81168 0.293635 0.0217344 0.0663958
43 0.869711 0.449865 0.0188594 0.0258958
43 0.716562 0.601094 0.0154062 0.0242708
43 0.810047 0.355219 0.045375 0.0231458
43 0.838641 0.312698 0.0317188 0.0510208
43 0.813977 0.268979 0.0186406 0.0282083
43 0.79368 0.260146 0.0255469 0.0360417
43 0.853375 0.421896 0.0215 0.0274583
43 0.739273 0.746438 0.00654688 0.02725
43 0.681164 0.572969 0.0165469 0.0617708
43 0.866945 0.425323 0.00970312 0.0313542
43 0.758156 0.661125 0.0121563 0.0319583