38 0.369086 0.353292 0.249109 0.298806
38 0.482867 0.251819 0.312109 0.334194
38 0.558602 0.243597 0.232672 0.454861
51 0.646281 0.546528 0.0396875 0.0574444
51 0.48925 0.752056 0.055875 0.113833
51 0.793914 0.426667 0.0417344 0.0481667
51 0.291914 0.51025 0.0461406 0.0536667
51 0.718914 0.380917 0.0399531 0.0593333
51 0.230305 0.3755 0.0535781 0.0591111
51 0.315594 0.220306 0.0327812 0.0437778
51 0.72793 0.703583 0.0684531 0.0925
51 0.678969 0.344917 0.04575 0.0595
51 0.48582 0.485389 0.0180469 0.0483889
51 0.272523 0.568764 0.0503906 0.0834722
51 0.264164 0.317819 0.0291406 0.0556389
51 0.665523 0.224944 0.0512344 0.0577222