8 0.377704 0.409077 0.0177941 0.0415196
8 0.765776 0.56558 0.182337 0.0338399
8 0.752721 0.618775 0.180082 0.0832026
8 0.620163 0.744346 0.0918627 0.235719
8 0.320082 0.580989 0.223497 0.0520098
8 0.560172 0.382279 0.0758987 0.114363
8 0.669167 0.727165 0.130163 0.161193
8 0.412418 0.72384 0.0887255 0.0466667
8 0.409109 0.445899 0.092598 0.155817
8 0.757369 0.447051 0.0639869 0.0929248
8 0.411013 0.665106 0.109542 0.134493
8 0.504208 0.386773 0.0351797 0.117467
8 0.308366 0.541879 0.139706 0.0690196
8 0.659428 0.396781 0.11768 0.145229
59 0.327042 0.753121 0.0952288 0.0810131
59 0.486364 0.787075 0.0711928 0.0833333
59 0.754616 0.533154 0.0755392 0.0613399
59 0.298595 0.51518 0.0751307 0.0630719
59 0.803252 0.730384 0.0715359 0.0587092
59 0.653676 0.355172 0.0523856 0.0434477
59 0.656675 0.755825 0.0780882 0.0797549
59 0.455359 0.391797 0.0715359 0.0487255
59 0.574395 0.541446 0.0583007 0.0485784