24 0.50835 0.234093 0.0827 0.0394933
24 0.49359 0.454333 0.11018 0.03336
24 0.50272 0.429973 0.10788 0.04816
24 0.50288 0.199253 0.11016 0.0522133
24 0.49718 0.293853 0.06432 0.0542667
24 0.50883 0.392547 0.09674 0.0439733
24 0.51589 0.35932 0.10762 0.0608267
24 0.49547 0.184627 0.10586 0.0602933
24 0.50339 0.265173 0.07242 0.0571733
24 0.50839 0.326133 0.08546 0.05808
14 0.41372 0.446227 0.05044 0.04712
14 0.38883 0.300187 0.05058 0.239467
14 0.37531 0.427147 0.02682 0.0226667
14 0.43625 0.35164 0.0687 0.231707
11 0.64852 0.267453 0.1096 0.136507
11 0.70335 0.385467 0.10966 0.129173
11 0.57032 0.285467 0.088 0.12912
59 0.66007 0.427907 0.0625 0.07256
59 0.70712 0.305507 0.05256 0.0389067
59 0.61788 0.36608 0.06504 0.09184
59 0.59495 0.212667 0.06022 0.04544
59 0.68859 0.237947 0.05174 0.0794667
59 0.59172 0.423973 0.07748 0.0877333