4 0.850508 0.327077 0.0201094 0.0531221
4 0.855586 0.242265 0.0245781 0.0723239
4 0.852469 0.285904 0.0487812 0.133685
4 0.876055 0.289073 0.0325781 0.132606
4 0.867508 0.278075 0.0318906 0.133803
4 0.821477 0.279507 0.0107344 0.0833333
4 0.83743 0.252899 0.0278906 0.132512
4 0.887672 0.28743 0.0286875 0.131995
4 0.821859 0.217124 0.0110312 0.0607746
4 0.821883 0.274225 0.0299844 0.138216
4 0.856117 0.295974 0.0409531 0.115751
4 0.893727 0.290904 0.0323906 0.125704
4 0.882562 0.289577 0.0309687 0.129671
4 0.838117 0.222817 0.0132031 0.07277
4 0.826961 0.272136 0.0179219 0.0979812
4 0.847898 0.255282 0.0247344 0.088216
4 0.797898 0.242242 0.0210469 0.118944
4 0.794172 0.282383 0.0185937 0.0912441
4 0.801898 0.262054 0.0248594 0.151009
4 0.86782 0.294601 0.0272969 0.120047
59 0.771195 0.846221 0.0424219 0.0560563
59 0.701484 0.9073 0.034875 0.0419249
59 0.752938 0.731796 0.0245625 0.029554
59 0.679164 0.860692 0.0354531 0.0457512
59 0.698023 0.779777 0.0291406 0.0457512
59 0.758414 0.811174 0.0320781 0.0525822
59 0.769633 0.879859 0.0189531 0.0457277
59 0.692039 0.74223 0.0272344 0.043615
59 0.70757 0.71885 0.0293281 0.0279343
59 0.668336 0.980211 0.0352969 0.0388263
59 0.817484 0.799671 0.0519063 0.0555869
59 0.808492 0.826796 0.0431406 0.0625587
59 0.864437 0.891796 0.0491562 0.0625117
59 0.628156 0.799707 0.0329375 0.0523239
59 0.727266 0.936784 0.0365938 0.0574648
59 0.743563 0.780951 0.0200625 0.0309624
59 0.603125 0.93162 0.0368437 0.0575587
59 0.624305 0.843122 0.0263906 0.0368075
59 0.572109 0.931056 0.033375 0.0569014
59 0.893023 0.748075 0.0307031 0.0642723
59 0.544562 0.927923 0.0275313 0.0559859
59 0.621555 0.967805 0.0381406 0.0618545
59 0.710914 0.818005 0.0339531 0.0479812
59 0.780047 0.928286 0.0452188 0.0614085
59 0.90832 0.957441 0.0436094 0.0630516
59 0.601117 0.819988 0.0279844 0.039507
59 0.766922 0.967171 0.0435313 0.0632629
59 0.846219 0.968134 0.0415 0.0637324
59 0.82543 0.976784 0.0450781 0.0464319
59 0.692797 0.838509 0.0263437 0.0267371
59 0.803305 0.970845 0.0285781 0.0522066
59 0.641508 0.882876 0.0328594 0.0503521
59 0.549633 0.875211 0.0342969 0.0530986
59 0.679031 0.886045 0.03475 0.0555634
59 0.747352 0.873791 0.0370156 0.059507
59 0.626437 0.735763 0.0295625 0.0479108
59 0.927469 0.773627 0.0363438 0.06223
59 0.801508 0.767852 0.0327656 0.0400235
59 0.711773 0.866221 0.0361719 0.0530986
59 0.860961 0.823944 0.0402344 0.0561972
59 0.663914 0.711526 0.0324531 0.0376995
59 0.671992 0.753826 0.0307344 0.0492958
59 0.813203 0.742594 0.0315625 0.0351408
59 0.745812 0.984495 0.041375 0.0310094
59 0.589477 0.981479 0.0415469 0.0370423
59 0.671094 0.930646 0.0354063 0.0565493
59 0.894086 0.86892 0.0477656 0.0753991
59 0.600273 0.793063 0.0230156 0.025892
59 0.650008 0.771573 0.0218906 0.0332394
59 0.583555 0.889073 0.0344844 0.051385
59 0.671531 0.798134 0.034125 0.0451408
59 0.553344 0.979707 0.0325625 0.0298826
59 0.782062 0.881068 0.0085625 0.0236854
59 0.900203 0.82088 0.0412813 0.0546244
59 0.682016 0.827441 0.0236875 0.0253991
59 0.698383 0.930258 0.0233281 0.0197183
59 0.769672 0.754965 0.02575 0.025892
59 0.639961 0.942852 0.0363906 0.0642488
59 0.931328 0.825563 0.0354688 0.0533333
59 0.741555 0.744941 0.0288281 0.0428404
59 0.635852 0.91189 0.0320469 0.0235915
59 0.860758 0.777664 0.0535156 0.0550469
59 0.717742 0.748756 0.0243906 0.0459155
59 0.935461 0.916397 0.0492656 0.0628404
59 0.766789 0.773239 0.0307031 0.0420657
59 0.649211 0.849566 0.0321094 0.055892
59 0.70107 0.965634 0.0404219 0.0625822
59 0.784047 0.748063 0.0286875 0.0460329
59 0.593063 0.852664 0.03725 0.0582394
59 0.661445 0.736937 0.0225156 0.0351408
59 0.598273 0.754413 0.0311719 0.0504695
59 0.688984 0.992746 0.0326562 0.014507
59 0.740242 0.832089 0.0320781 0.038169
59 0.730695 0.793545 0.0317656 0.0441315
59 0.739234 0.922148 0.0371875 0.0479577
59 0.56 0.963216 0.0255 0.0330047
59 0.954508 0.806643 0.0273906 0.0320188
59 0.565367 0.863275 0.0214844 0.0302582
59 0.618078 0.885845 0.0272812 0.0564319
59 0.640727 0.986408 0.0262656 0.0271831
59 0.551625 0.99142 0.0339062 0.0171596
59 0.824289 0.912606 0.0380469 0.0750704
59 0.892609 0.911972 0.0366875 0.0374178
59 0.644742 0.745739 0.0143281 0.0296479
59 0.83725 0.863967 0.0323125 0.0728169
59 0.799867 0.878087 0.0308906 0.0562207
59 0.962023 0.97331 0.0626406 0.0506573
59 0.967891 0.836948 0.0504062 0.0407512
59 0.782227 0.801655 0.0272969 0.0337793
59 0.646437 0.797911 0.0180625 0.03723
39 0.138414 0.365962 0.0288281 0.0256338
39 0.203758 0.425153 0.0235469 0.0400235
39 0.131 0.410023 0.0289063 0.0434742
39 0.0529297 0.434965 0.0276406 0.0346244
39 0.0124688 0.505258 0.0249375 0.04
39 0.102344 0.522406 0.034375 0.0294131
39 0.150586 0.45311 0.0284844 0.0389906
39 0.0346641 0.425153 0.0218281 0.0189906
39 0.014 0.453885 0.0256563 0.0259859
39 0.169047 0.361232 0.0245 0.0252347
39 0.111813 0.373991 0.020125 0.0187324
39 0.0848047 0.421866 0.0282031 0.0331221
39 0.151531 0.501854 0.0312187 0.0306573
39 0.10632 0.404683 0.0271406 0.0326526
39 0.202516 0.393087 0.0269688 0.0338263
39 0.0899609 0.390434 0.0170469 0.0242958
39 0.189625 0.451631 0.0229062 0.0369718
39 0.0281406 0.472148 0.0312187 0.0374413
39 0.148406 0.394437 0.0251875 0.0315962
39 0.187656 0.362336 0.0167187 0.011338
39 0.0708281 0.533568 0.0293438 0.0260094
39 0.217992 0.398087 0.00682812 0.0210094
39 0.146195 0.426631 0.0271094 0.0376761
39 0.12243 0.470035 0.0282031 0.0424178
39 0.167398 0.480869 0.0255781 0.0319249
39 0.12418 0.508615 0.0256719 0.0317371
39 0.174875 0.460059 0.02675 0.0396948
39 0.184484 0.417336 0.0262812 0.0352347
39 0.0590078 0.477359 0.0332656 0.0438732
39 0.111922 0.436127 0.031125 0.0434742
39 0.0749844 0.507864 0.0349375 0.0393897
39 0.139453 0.479202 0.0293438 0.0371831
39 0.109266 0.49588 0.0259375 0.0264085
39 0.0915625 0.47561 0.0325937 0.0413146
39 0.0652031 0.403298 0.0347187 0.0355634
39 0.202508 0.371678 0.0194531 0.0125587
39 0.0389453 0.506467 0.0328594 0.0402582
51 0.696609 0.345399 0.156406 0.176385
51 0.749445 0.470411 0.162578 0.258991
51 0.631469 0.425 0.130062 0.143662
51 0.674164 0.413146 0.0703594 0.132817
51 0.75943 0.302453 0.0704531 0.146455
51 0.65968 0.314648 0.0395781 0.095446
6 0.537844 0.315904 0.0510938 0.0835446
6 0.103648 0.677406 0.0339844 0.0487559
6 0.348555 0.55534 0.0248281 0.0643897
6 0.544078 0.455599 0.02575 0.097723
6 0.501844 0.528216 0.015875 0.0696714
6 0.57268 0.277535 0.0184844 0.0640376
6 0.167281 0.724472 0.0696875 0.058662
6 0.262719 0.957066 0.04025 0.0858685
6 0.405578 0.41561 0.026125 0.0589202
6 0.320383 0.292746 0.0508281 0.0392019
6 0.453055 0.515692 0.0226094 0.100869
6 0.310445 0.335493 0.0667031 0.0635211
6 0.399945 0.673099 0.0345781 0.0741784
6 0.432242 0.952911 0.0582031 0.075493
6 0.141539 0.903122 0.0346719 0.110845
6 0.271227 0.404378 0.0288281 0.0518075
6 0.399352 0.370563 0.0388906 0.0846479
6 0.269523 0.645634 0.0448594 0.0659155
6 0.448125 0.441702 0.029 0.0289906
6 0.31507 0.577523 0.0155156 0.0415728
6 0.110953 0.935246 0.037 0.129507
6 0.605797 0.280059 0.0579687 0.0580516
6 0.217664 0.678157 0.0336719 0.0985211
6 0.409086 0.38973 0.0484219 0.0620892
6 0.280477 0.38162 0.0222656 0.0503756
6 0.333672 0.908592 0.0743125 0.0797653
6 0.34607 0.704883 0.0332656 0.0602817
6 0.41307 0.29973 0.0528906 0.0666901
6 0.473727 0.407324 0.0521094 0.036385
6 0.352875 0.38412 0.0165313 0.0463146
6 0.398656 0.305023 0.0362813 0.021831
6 0.365992 0.515962 0.0271094 0.0651174
6 0.205734 0.774425 0.0863125 0.0798357
6 0.561438 0.47561 0.0199063 0.111362
6 0.241344 0.457958 0.0350937 0.0516901
6 0.376359 0.613169 0.0450625 0.0585915
6 0.303922 0.841526 0.0661875 0.0604695
6 0.316359 0.713146 0.034625 0.0695305
6 0.149172 0.593685 0.0480938 0.0707981
6 0.460219 0.28385 0.0445313 0.0681221
6 0.496313 0.273216 0.0245312 0.066338
6 0.173437 0.870235 0.0513125 0.087277
6 0.461992 0.6773 0.0397344 0.0530986
6 0.338055 0.660258 0.0380156 0.0733803
6 0.288273 0.606913 0.0324531 0.0663615
6 0.483203 0.644085 0.0300312 0.0686854
6 0.153156 0.946362 0.037 0.107277
6 0.306539 0.521092 0.0397344 0.0446244
6 0.326672 0.405657 0.0291563 0.0679343
6 0.179625 0.918251 0.050375 0.100446
6 0.300047 0.334308 0.0641875 0.045
6 0.307648 0.411561 0.0377031 0.064108
6 0.42407 0.64919 0.0266406 0.0808216
6 0.191195 0.639296 0.0401406 0.109765
6 0.209813 0.879754 0.0539375 0.0750469
6 0.562391 0.268345 0.01075 0.0424178
6 0.603852 0.263392 0.0433594 0.0381925
6 0.4865 0.26527 0.01325 0.0199296
6 0.406734 0.465481 0.0215 0.0369249
6 0.243875 0.922676 0.0460938 0.0837559
6 0.286867 0.699178 0.0311719 0.0456808
6 0.375008 0.546256 0.0283906 0.0443427
6 0.0729453 0.707664 0.0390781 0.0478169
6 0.256211 0.424002 0.0336094 0.057723
6 0.250109 0.560728 0.0160313 0.0741315
6 0.47225 0.321197 0.044625 0.0864319
6 0.216305 0.961385 0.0446719 0.0756808
6 0.249211 0.626913 0.0272031 0.0649061
6 0.455305 0.316068 0.0527031 0.077723
6 0.353555 0.413286 0.0250781 0.0679812
6 0.521156 0.317207 0.0538125 0.0580751
6 0.412656 0.714308 0.0295 0.0666901
6 0.264969 0.576033 0.0250625 0.0933803
6 0.402578 0.546362 0.0245625 0.058216
6 0.428055 0.488122 0.0229844 0.060939
6 0.549016 0.496585 0.0224375 0.102183
6 0.415242 0.507899 0.0237031 0.0697418
6 0.429453 0.973451 0.0409375 0.0530986
6 0.301484 0.662676 0.0322812 0.06
6 0.21293 0.794519 0.0886719 0.0414789
6 0.147133 0.580399 0.0544219 0.0877465
6 0.304758 0.31696 0.0808594 0.0507746
6 0.160188 0.66838 0.0709687 0.0867136
6 0.511117 0.662735 0.0281406 0.0636854
6 0.388164 0.728369 0.0372656 0.0541549
6 0.318789 0.630469 0.0262656 0.0697653
6 0.132711 0.724883 0.0629531 0.0602817
6 0.368414 0.595646 0.0570156 0.0776761
6 0.471711 0.395915 0.0501406 0.0492488
6 0.317062 0.797547 0.0812812 0.068615
6 0.261516 0.460364 0.0375625 0.0421831
6 0.340773 0.853873 0.0906719 0.0507981
6 0.444461 0.456972 0.0196094 0.0425822
6 0.220422 0.601315 0.02925 0.0951174
6 0.42575 0.603146 0.0337812 0.0674648
6 0.207742 0.585164 0.0173906 0.0749765
6 0.60807 0.268169 0.0644844 0.0625822
6 0.548531 0.330634 0.0465625 0.07723
6 0.415086 0.263685 0.0500781 0.0474648
6 0.258422 0.723169 0.0436875 0.0457746
6 0.383562 0.491467 0.0235313 0.0688028
6 0.280219 0.51966 0.0519063 0.0547653
6 0.494359 0.613697 0.0278125 0.0800235
6 0.558266 0.543216 0.0561562 0.0959155
6 0.375555 0.453169 0.0270469 0.0797653
6 0.19493 0.585739 0.0254219 0.0800235
6 0.366242 0.973991 0.0240781 0.0520188
6 0.367016 0.644859 0.0337812 0.0679812
6 0.531828 0.530927 0.043625 0.0980047
6 0.25407 0.678345 0.0407344 0.0484272
6 0.289867 0.468908 0.0377969 0.0692254
6 0.282 0.890211 0.0538125 0.0648357
6 0.516734 0.617594 0.0272812 0.0584742
6 0.358828 0.797019 0.048375 0.0211737
6 0.133031 0.6875 0.0358438 0.0238263
6 0.525188 0.466221 0.019875 0.121362
6 0.470664 0.960962 0.0572656 0.0761502
6 0.202867 0.822934 0.0805469 0.0497183
6 0.506547 0.288697 0.0249062 0.067723
6 0.375625 0.684589 0.0340312 0.0657042
6 0.44075 0.715845 0.0345312 0.0697653
6 0.313445 0.46608 0.0281406 0.073615
6 0.288234 0.558181 0.022375 0.0558451
6 0.253586 0.810364 0.0388906 0.0366901
6 0.303891 0.37412 0.023875 0.039507
6 0.50025 0.449577 0.012625 0.0174648
6 0.391836 0.966925 0.0344219 0.0661502