6 0.62234 0.417547 0.1544 0.141988
6 0.27095 0.680963 0.11338 0.131801
6 0.19924 0.361134 0.09656 0.160093
6 0.16884 0.474177 0.12792 0.155745
6 0.2568 0.508121 0.11356 0.199037
6 0.30295 0.58646 0.1557 0.220186
6 0.16821 0.549394 0.09218 0.125807
6 0.35081 0.334441 0.12062 0.169068
6 0.42022 0.422904 0.13236 0.105621
6 0.26567 0.347562 0.09186 0.128913
6 0.41117 0.28295 0.14742 0.103851
32 0.38087 0.662904 0.10162 0.126242
32 0.33372 0.438012 0.05596 0.112112
32 0.43136 0.505 0.10408 0.117267
32 0.54088 0.512842 0.08244 0.0951863
32 0.49703 0.392376 0.09774 0.134006
32 0.18546 0.626537 0.07268 0.118665
32 0.60676 0.634363 0.03668 0.060528
32 0.39415 0.542624 0.0811 0.141273
32 0.54997 0.340575 0.07898 0.0973602