59 0.423687 0.118562 0.224906 0.125333
59 0.764453 0.24899 0.140844 0.302812
59 0.695141 0.226969 0.0873125 0.240521
59 0.610516 0.119323 0.156812 0.131354
38 0.300891 0.23799 0.321531 0.227146
38 0.119172 0.206104 0.0678438 0.117042
38 0.159758 0.354115 0.151453 0.274521
38 0.274617 0.389927 0.0872969 0.175646
38 0.152508 0.14051 0.0946719 0.0740208
38 0.449492 0.144771 0.113516 0.149417
38 0.377484 0.486927 0.102875 0.124104
38 0.228398 0.502177 0.130203 0.162812
38 0.478305 0.23576 0.0212656 0.0225625
38 0.218641 0.224875 0.016875 0.02275
38 0.335508 0.567562 0.0857969 0.205208
38 0.41125 0.200948 0.0417187 0.0736042