24 0.258094 0.600384 0.257406 0.300768
14 0.251563 0.810253 0.113406 0.161255
59 0.692586 0.874092 0.0442656 0.0447378
59 0.807039 0.642921 0.0456719 0.0467416
59 0.610969 0.759541 0.03975 0.0722285
59 0.792484 0.697013 0.0521563 0.0767228
59 0.772656 0.622294 0.035 0.0351124
59 0.764898 0.581994 0.0527969 0.0477341
59 0.794227 0.745009 0.0549219 0.0533521
59 0.801336 0.792687 0.0559531 0.0673596
59 0.547703 0.640037 0.0848437 0.109288
59 0.732055 0.737959 0.0753594 0.058839
59 0.812523 0.723811 0.0399531 0.0381086
59 0.762664 0.699841 0.0203594 0.0372097
59 0.626789 0.675618 0.0433281 0.0499251
59 0.829094 0.841142 0.057 0.0686891
59 0.829336 0.767444 0.0411094 0.0488577
59 0.713187 0.615543 0.043125 0.0677903
59 0.809984 0.67897 0.0350937 0.0487266
59 0.724352 0.594326 0.0465469 0.0544569
59 0.716633 0.691667 0.0448906 0.0773408
59 0.571937 0.780506 0.0415 0.0497378
59 0.707125 0.791751 0.0649375 0.0511798
59 0.730992 0.858071 0.0549219 0.0952434
59 0.678234 0.725815 0.0423125 0.0526779
59 0.649086 0.85574 0.0581719 0.100169
59 0.658008 0.653783 0.0463281 0.0572659
59 0.692781 0.833333 0.0508125 0.0460674
59 0.643406 0.725 0.034875 0.0535955
59 0.747336 0.683202 0.0375469 0.0522846
59 0.71293 0.776245 0.0649844 0.0435019
59 0.593133 0.830253 0.0482969 0.0587079
59 0.506352 0.826404 0.0667656 0.0533333
59 0.693797 0.670393 0.0345937 0.0564045
59 0.678438 0.608474 0.037625 0.0503558
59 0.772188 0.657369 0.0391875 0.0492697
59 0.85068 0.6975 0.0597031 0.0514419
59 0.699695 0.919242 0.0975469 0.0794195
59 0.776469 0.842397 0.0495625 0.0747566
59 0.649172 0.694747 0.0421562 0.0274345
59 0.740992 0.640805 0.0316719 0.0369288
59 0.628266 0.807781 0.0281563 0.0764607
59 0.792211 0.875066 0.0453594 0.047809
59 0.649672 0.779925 0.0595938 0.0561423
59 0.603086 0.577341 0.0849531 0.101273
59 0.765734 0.779616 0.0423437 0.0531273
59 0.850102 0.663043 0.0519219 0.0414794
59 0.605719 0.708886 0.0299687 0.0505431