8 0.385094 0.933656 0.167906 0.132687
8 0.259977 0.202292 0.0728594 0.123042
8 0.206906 0.37749 0.215687 0.248604
8 0.722508 0.646583 0.267953 0.177
8 0.841437 0.532062 0.140844 0.336417
8 0.41582 0.578198 0.294328 0.542521
8 0.621602 0.813427 0.145391 0.194688
8 0.699961 0.237271 0.157328 0.162917
8 0.694539 0.341958 0.249953 0.16675
8 0.323313 0.630021 0.101875 0.276167
8 0.528695 0.949156 0.0972344 0.0966042
8 0.487492 0.103083 0.0952344 0.206167
8 0.614586 0.854271 0.0948594 0.090375
42 0.127617 0.869552 0.118766 0.175229
42 0.896914 0.350802 0.0971406 0.165313
42 0.626977 0.950042 0.127328 0.0875417
42 0.370773 0.0526562 0.0505156 0.0927292
42 0.861086 0.75324 0.0622344 0.111271
42 0.492844 0.753687 0.084875 0.147458
42 0.398891 0.319219 0.105438 0.113937