59 0.458992 0.924094 0.0719219 0.0492292
59 0.395625 0.863531 0.0484375 0.0306042
5 0.407539 0.867823 0.0930781 0.114604
5 0.93757 0.693302 0.121141 0.116646
5 0.464281 0.807583 0.075 0.0445417
5 0.521633 0.758771 0.0690469 0.0717917
5 0.46268 0.683073 0.0419219 0.0358958
38 0.587156 0.895781 0.129937 0.107771
38 0.635281 0.500385 0.103656 0.0915208
38 0.622953 0.517271 0.0900625 0.06075
38 0.554789 0.857427 0.0432656 0.0441042
38 0.704102 0.841906 0.0705781 0.0725625
38 0.655648 0.823771 0.0528906 0.0233333