44 0.0456719 0.500781 0.0884687 0.232063
44 0.225766 0.534073 0.27525 0.321562
44 0.441953 0.64849 0.305437 0.427104
44 0.328969 0.260573 0.0559375 0.0410625
44 0.326016 0.399531 0.155531 0.148854
44 0.0601172 0.367302 0.0398594 0.102813
44 0.943766 0.566823 0.111344 0.294271
44 0.591156 0.27901 0.138937 0.0542292
44 0.561016 0.198865 0.142 0.180646
44 0.424297 0.191677 0.165844 0.201271
44 0.153727 0.382542 0.193328 0.248375
44 0.668094 0.202573 0.111094 0.142229
44 0.557391 0.101594 0.0336562 0.0318542
44 0.683953 0.109062 0.123469 0.138875
44 0.709937 0.275562 0.125063 0.0660833
44 0.76618 0.268677 0.0994219 0.0713125
44 0.342609 0.18924 0.075 0.150771
44 0.765242 0.203677 0.0990781 0.114646
44 0.483617 0.0756563 0.128703 0.146771