8 0.745867 0.457471 0.0514531 0.0589412
8 0.650195 0.491235 0.0332031 0.0423765
8 0.625016 0.596776 0.047 0.0716706
8 0.712789 0.531529 0.0635156 0.0651294
8 0.62575 0.451318 0.050875 0.0391059
8 0.699437 0.490459 0.0576562 0.0538118
8 0.705016 0.372153 0.0354063 0.0462353
8 0.616898 0.494459 0.0623281 0.0728235
8 0.632617 0.536412 0.0872031 0.0830824
8 0.541461 0.507012 0.0806719 0.0662118
8 0.652797 0.410212 0.043375 0.0480941
8 0.597414 0.400435 0.0695156 0.0451059
8 0.551164 0.399129 0.0492969 0.0461647
8 0.565469 0.444024 0.0362813 0.0382118
8 0.572039 0.465329 0.0429844 0.0501412
8 0.651758 0.370012 0.0628906 0.0562588