44 0.246844 0.232848 0.107656 0.0929958
44 0.185805 0.205812 0.0686406 0.0661392
44 0.159836 0.256857 0.0933281 0.0653586
44 0.587195 0.296667 0.156016 0.295949
44 0.0538594 0.667405 0.0909062 0.153797
44 0.647664 0.057289 0.135891 0.093903
44 0.446531 0.376962 0.09 0.0944304
44 0.103531 0.737194 0.120156 0.174895
44 0.251 0.644916 0.0790312 0.117468
44 0.804086 0.147162 0.209484 0.207363
44 0.188539 0.517458 0.0592656 0.0444937
44 0.0849688 0.451709 0.116281 0.115232
44 0.109953 0.202648 0.116531 0.138122
44 0.594977 0.653534 0.0645469 0.190105
44 0.296375 0.638618 0.084125 0.0997257
44 0.312273 0.240738 0.0500469 0.0493671
44 0.187203 0.428481 0.106906 0.148354
44 0.712406 0.598259 0.170969 0.196055