34 0.389458 0.368992 0.624958 0.104141
34 0.31651 0.42657 0.518979 0.0492969
34 0.399865 0.398406 0.520813 0.0755313
34 0.491854 0.396664 0.120417 0.0228594
38 0.347073 0.545008 0.527896 0.238016
38 0.475031 0.830273 0.0459375 0.0368281
38 0.506469 0.806891 0.0317708 0.02225
38 0.442531 0.751641 0.0379792 0.0517188
38 0.162938 0.850984 0.130667 0.0484375
38 0.292292 0.767453 0.034625 0.0414687
38 0.417135 0.964086 0.0690625 0.0489844
38 0.285219 0.73125 0.0335625 0.0415937
38 0.17149 0.729891 0.0871458 0.0608437
38 0.124396 0.935266 0.0244583 0.044
38 0.436719 0.81793 0.0677292 0.0493594
38 0.252771 0.891633 0.262417 0.0711094
38 0.337219 0.802602 0.108521 0.0481719
38 0.285625 0.815289 0.114917 0.142609
38 0.43474 0.872422 0.0996042 0.0674687
38 0.359177 0.722023 0.119438 0.0926406
38 0.230927 0.937234 0.126312 0.103438
38 0.180104 0.812266 0.0605833 0.0667813
38 0.108937 0.914156 0.0405833 0.0529063
14 0.831521 0.188937 0.0744583 0.190437
14 0.792052 0.252391 0.0665208 0.249437
14 0.724573 0.223062 0.0666875 0.214938
14 0.845479 0.305758 0.0577917 0.158734
14 0.760063 0.201484 0.0600417 0.227344
14 0.689552 0.164039 0.120771 0.181828
14 0.734375 0.320977 0.174833 0.149484
14 0.705375 0.176258 0.0662917 0.186984
14 0.77925 0.216789 0.0331667 0.138203
14 0.768854 0.300258 0.0276667 0.0492656
37 0.528844 0.116172 0.128729 0.128562
44 0.14701 0.0945156 0.177313 0.137313
44 0.507104 0.263211 0.174542 0.127266
44 0.135333 0.256219 0.2165 0.161406
44 0.354042 0.148898 0.177958 0.134453
44 0.529354 0.117539 0.128625 0.127922