51 0.396406 0.501771 0.100719 0.108333
51 0.626648 0.268208 0.0427656 0.0732917
51 0.279773 0.404771 0.0697031 0.0589167
51 0.560031 0.303333 0.065 0.05075
51 0.308406 0.305844 0.03775 0.0237292
51 0.46643 0.47551 0.0480469 0.0590208
51 0.367922 0.295771 0.0688438 0.0622917
51 0.553695 0.609146 0.0672344 0.126083
51 0.783117 0.483802 0.0525469 0.0653125
51 0.656813 0.624104 0.128062 0.0882083
51 0.64293 0.317094 0.0448906 0.0433125
51 0.456211 0.347687 0.0545156 0.081
51 0.512383 0.514542 0.107016 0.078
51 0.557852 0.3465 0.0432969 0.0642083
51 0.459086 0.508229 0.0299844 0.063875
51 0.640234 0.556771 0.136906 0.105667