8 0.880523 0.232773 0.228703 0.0670156
8 0.922687 0.371805 0.0504062 0.0633281
8 0.872156 0.115039 0.0383437 0.0279531
8 0.806422 0.48782 0.061875 0.197922
8 0.680703 0.134953 0.0934375 0.0311563
8 0.648859 0.0725313 0.183406 0.0744062
8 0.183039 0.134898 0.0625781 0.0456719
8 0.581844 0.528727 0.08775 0.105016
8 0.544227 0.14807 0.0899844 0.0593906
8 0.0871484 0.329484 0.0651719 0.06725
8 0.736617 0.311258 0.110047 0.151797
8 0.773031 0.314875 0.068625 0.0819688
8 0.989961 0.458844 0.0182969 0.0615313
8 0.367703 0.451063 0.123188 0.165469
8 0.825773 0.0593125 0.0414531 0.0624687
8 0.725078 0.578273 0.0853437 0.0952656
8 0.754875 0.184438 0.0932813 0.0225
8 0.535859 0.293289 0.0719687 0.0792656
8 0.466195 0.40243 0.163609 0.159203
8 0.971883 0.179852 0.0553281 0.105922
8 0.278742 0.330703 0.0655469 0.0495312
8 0.261914 0.196625 0.0373281 0.0500938
8 0.0867891 0.213773 0.0801094 0.0564844
11 0.506141 0.59825 0.0655 0.0538125
11 0.582273 0.213078 0.0780156 0.0569375
11 0.626898 0.359289 0.163516 0.104422
11 0.655789 0.642797 0.115203 0.103781
11 0.830773 0.140836 0.102266 0.0896719
11 0.754148 0.454555 0.0920156 0.0898906
11 0.764961 0.603828 0.0710469 0.0564375
11 0.660547 0.234805 0.0575312 0.0407656
11 0.384812 0.322375 0.0362813 0.0425312
11 0.535086 0.0586875 0.0764531 0.063125
11 0.881703 0.323664 0.136 0.152984
11 0.663625 0.404258 0.0467187 0.0337969
11 0.335375 0.381391 0.0761563 0.0563438
11 0.501453 0.340305 0.0492812 0.0416094
11 0.743883 0.14657 0.0540781 0.0406094
11 0.0690703 0.136211 0.0927344 0.0578906
11 0.472172 0.521297 0.0953438 0.0728437
11 0.220734 0.276859 0.116562 0.106594
11 0.581852 0.528898 0.0877031 0.105391
11 0.947586 0.506609 0.104828 0.118781
11 0.263023 0.197328 0.0344219 0.0504687
11 0.631914 0.0913438 0.0531719 0.0346875
11 0.497867 0.258242 0.0386719 0.0190469
11 0.708109 0.0735391 0.0388437 0.0495781
11 0.445563 0.261656 0.022625 0.0149062
11 0.671336 0.0837187 0.0390469 0.0298125
11 0.586328 0.499859 0.0859375 0.0538125
11 0.16832 0.106594 0.0832344 0.0450625
11 0.977117 0.606969 0.0457656 0.0886875
11 0.425211 0.423063 0.108641 0.109281
11 0.431258 0.568734 0.0437969 0.0360938
11 0.857125 0.512391 0.101875 0.127969
11 0.625312 0.288336 0.122531 0.0848281
11 0.655773 0.172703 0.0896719 0.0835
11 0.116086 0.237125 0.0794531 0.0557187
11 0.147273 0.162523 0.0579844 0.0571719
11 0.231906 0.136836 0.0820937 0.0609531
11 0.886414 0.632898 0.147453 0.108203
11 0.886937 0.202742 0.204312 0.0824531
11 0.415805 0.299219 0.0277656 0.0236875
11 0.671687 0.510539 0.0864062 0.0918281
11 0.928969 0.135898 0.103031 0.105047