15 0.230258 0.776 0.0969219 0.0992083
15 0.329891 0.646406 0.0893125 0.138479
15 0.274969 0.725333 0.072875 0.114292
15 0.201297 0.686302 0.0777812 0.114521
15 0.265297 0.59549 0.154438 0.199479
14 0.588883 0.762677 0.173141 0.0537292
14 0.712695 0.777646 0.0527656 0.106458
14 0.61018 0.798854 0.200828 0.0865
14 0.703047 0.70301 0.0515625 0.0758125
14 0.601703 0.715885 0.185594 0.0784792
14 0.667164 0.613302 0.0250781 0.194646
14 0.692562 0.590396 0.043375 0.215792
1 0.589727 0.594917 0.173234 0.201917
11 0.337602 0.764552 0.125359 0.125812
11 0.372422 0.579198 0.0834063 0.116354
11 0.438078 0.537094 0.09775 0.139562
11 0.432508 0.787958 0.0793281 0.098375
11 0.41307 0.662521 0.116453 0.173583
46 0.0526875 0.810406 0.0834375 0.0298958
46 0.14782 0.75825 0.0817969 0.0375833
46 0.143055 0.807708 0.0893594 0.0302083
46 0.0625703 0.783771 0.0732656 0.0370833
46 0.0845312 0.752427 0.0355313 0.0305208