44 0.193219 0.846562 0.0194687 0.0173333
44 0.241078 0.794698 0.0271875 0.0336458
44 0.19482 0.810656 0.0330156 0.0213125
44 0.266945 0.831625 0.0251094 0.0327917
44 0.170672 0.807438 0.0229375 0.0316667
44 0.303828 0.791417 0.0249375 0.03225
44 0.299047 0.83175 0.0221562 0.0227917
44 0.331164 0.819698 0.0194219 0.0161458
44 0.280555 0.79251 0.0307031 0.0222292
44 0.204297 0.829458 0.02325 0.0250833
44 0.218875 0.851219 0.0215625 0.00922917
44 0.209133 0.844344 0.0227344 0.0209375
57 0.334258 0.803802 0.0165469 0.0196875
57 0.235414 0.77326 0.0212344 0.0303542
57 0.148125 0.830125 0.0171875 0.0142917
57 0.257688 0.776417 0.0233125 0.0148333
57 0.215961 0.798927 0.0284844 0.0241458
57 0.30132 0.808292 0.0231719 0.0200417
57 0.241719 0.815552 0.0185312 0.0296875
57 0.221742 0.81975 0.0235469 0.031125
57 0.297469 0.824563 0.027625 0.031
57 0.284391 0.779188 0.0164063 0.0168333
57 0.166008 0.841958 0.0214844 0.0155833
57 0.245188 0.844187 0.0298438 0.0205833
57 0.195563 0.787219 0.0259375 0.0187708
57 0.181852 0.841958 0.0106094 0.0224583
57 0.154242 0.823948 0.0132031 0.0175208
57 0.341617 0.797521 0.0140156 0.0199167