3 0.8 0.513604 0.096625 0.13175
3 0.596836 0.41976 0.0988594 0.0946458
3 0.297234 0.375167 0.090875 0.126042
3 0.59443 0.270469 0.102266 0.126229
3 0.164922 0.456104 0.139562 0.143083
3 0.530906 0.488552 0.133219 0.118479
3 0.410883 0.721552 0.198672 0.136479
3 0.611148 0.809208 0.109453 0.0833333
3 0.424539 0.462094 0.116547 0.158063
3 0.714297 0.337094 0.0699063 0.111021
3 0.573367 0.60549 0.131203 0.159521
3 0.497703 0.800052 0.144344 0.100937
3 0.668836 0.304917 0.0559531 0.0849583
11 0.24393 0.355135 0.0586094 0.0576458
11 0.489727 0.224219 0.0592344 0.0868958
11 0.326742 0.553198 0.0485469 0.0408542
11 0.549125 0.506052 0.0615313 0.0786458
11 0.675258 0.461573 0.0901094 0.0994792
11 0.452531 0.441917 0.088375 0.0931667
11 0.357313 0.411792 0.0745938 0.084
11 0.4615 0.80849 0.0918125 0.145521
11 0.720766 0.60149 0.111062 0.108062
11 0.554578 0.615115 0.04425 0.0614792
11 0.267961 0.302438 0.0665156 0.0623333
11 0.4005 0.276781 0.0920938 0.106854
11 0.524 0.326042 0.0726563 0.0897083
11 0.359758 0.654177 0.0929219 0.111729
11 0.546609 0.176208 0.0780937 0.0495833
11 0.50482 0.606875 0.0498594 0.07175
11 0.26543 0.41626 0.0845156 0.0633542
11 0.213219 0.684531 0.050125 0.0602708
11 0.720422 0.313937 0.0278125 0.0415833
11 0.164227 0.579302 0.0866094 0.105271
59 0.697211 0.539969 0.172016 0.178896
59 0.646828 0.447323 0.228813 0.204396
59 0.409625 0.28749 0.237937 0.224354
59 0.333711 0.588302 0.276516 0.298854