34 0.438536 0.365977 0.00866109 0.00989063
34 0.63068 0.597391 0.0561715 0.0249375
34 0.523724 0.592359 0.0765272 0.0380937
34 0.520314 0.386039 0.0221757 0.0319219
34 0.693107 0.585828 0.0263389 0.02725
34 0.671412 0.506633 0.0219874 0.0453281
34 0.668985 0.55625 0.0146234 0.00803125
34 0.662845 0.616078 0.032887 0.02225
34 0.468964 0.409906 0.0354184 0.0214688
34 0.416967 0.370406 0.0194142 0.0249375
34 0.666381 0.622641 0.0239749 0.013625
34 0.628818 0.568008 0.0288494 0.0289531
34 0.631192 0.446984 0.0248117 0.0229062