43 0.265289 0.496177 0.0995469 0.155604
43 0.172727 0.483823 0.0827656 0.0611042
43 0.565992 0.490552 0.0765469 0.0611458
43 0.263383 0.556219 0.0505781 0.0473542
50 0.304625 0.857865 0.253125 0.187271
50 0.332695 0.599448 0.246141 0.204896
50 0.476547 0.522365 0.215906 0.142146
50 0.658656 0.63424 0.124313 0.215604
50 0.761758 0.61574 0.101016 0.258688
50 0.592852 0.387135 0.0454531 0.117688
59 0.519062 0.580073 0.138156 0.135562
59 0.655133 0.632646 0.181453 0.153667
59 0.572102 0.769229 0.220609 0.18275
59 0.424805 0.845708 0.226172 0.247625
59 0.587547 0.38426 0.0534375 0.193646
59 0.368203 0.636437 0.194125 0.12725