6 0.283509 0.458844 0.0333333 0.0435938
6 0.35614 0.46625 0.0175439 0.0425312
6 0.465313 0.47943 0.0245113 0.0276719
6 0.376717 0.464102 0.0242607 0.0382031
6 0.25099 0.44743 0.0325063 0.0336094
6 0.116115 0.422687 0.0219549 0.0375
6 0.439799 0.476328 0.0288722 0.0367188
6 0.219975 0.446633 0.0346867 0.0459844
6 0.183246 0.431562 0.0181203 0.0284687
6 0.535777 0.488852 0.0386717 0.0292344
6 0.168509 0.429109 0.0303008 0.0334062
37 0.865 0.894961 0.117619 0.0532969
37 0.879799 0.937703 0.106967 0.0703438
37 0.0616792 0.894891 0.0536341 0.021
37 0.338108 0.959117 0.0840351 0.0653281
37 0.0956516 0.924344 0.0382707 0.0384688
37 0.564411 0.98582 0.0422556 0.0227031
37 0.224248 0.875609 0.0934085 0.0554063
37 0.984649 0.845477 0.0307018 0.0664219
37 0.942769 0.976789 0.100827 0.0407656
37 0.449048 0.834508 0.0981454 0.0677344
37 0.82614 0.861367 0.0533333 0.0422969
37 0.669336 0.825336 0.115263 0.0553906
37 0.171692 0.975508 0.0589724 0.0339531
37 0.225514 0.822727 0.0798997 0.0509844
37 0.990827 0.790586 0.0183459 0.0474531
37 0.655689 0.987508 0.0764411 0.0249844
37 0.477957 0.892609 0.125388 0.0521875
37 0.0108772 0.962883 0.0190977 0.0440156
37 0.972193 0.935344 0.0518546 0.0571875
37 0.570138 0.947164 0.0790226 0.0579531
37 0.631967 0.879555 0.0802256 0.0597656
37 0.813985 0.94393 0.0767419 0.0714531
37 0.784461 0.896156 0.077594 0.0506875
37 0.946692 0.78782 0.0883208 0.0543906
37 0.378835 0.90382 0.0860401 0.0566094
37 0.570376 0.828086 0.0839599 0.0469219
37 0.504524 0.847445 0.057619 0.0512969
37 0.0300125 0.898438 0.0436341 0.0405313
37 0.328383 0.791531 0.0645865 0.04
37 0.714612 0.810773 0.0802506 0.0520781
37 0.131805 0.884875 0.0962406 0.06975
37 0.924148 0.881266 0.0232331 0.023625
37 0.733947 0.939008 0.0798246 0.0614531
37 0.714624 0.743586 0.0711529 0.0364219
37 0.217043 0.929727 0.0962907 0.0595156
37 0.283509 0.839578 0.0966917 0.0607812
37 0.891253 0.847891 0.10015 0.0628125
37 0.601604 0.747086 0.0910276 0.0489844
37 0.0767544 0.982812 0.126341 0.0323125
37 0.424674 0.97718 0.031203 0.0117031
37 0.611353 0.847672 0.0336341 0.0264375
37 0.878571 0.809437 0.0975439 0.0579687
37 0.498559 0.97507 0.104887 0.0469844
37 0.745238 0.769937 0.0934336 0.0630938
37 0.553233 0.868453 0.0816541 0.05825
37 0.0513158 0.916664 0.0743609 0.0405156
37 0.413997 0.94282 0.114862 0.0592344
37 0.658709 0.747094 0.0395238 0.0197188
37 0.483195 0.80925 0.053208 0.0270937
37 0.293446 0.907117 0.0876441 0.0620469
37 0.707607 0.995898 0.0362657 0.00820313
37 0.775125 0.744375 0.0578195 0.02225
37 0.291228 0.871891 0.0456642 0.0182187
37 0.628383 0.783625 0.133459 0.0636875
37 0.242594 0.966617 0.0892982 0.0667656
37 0.960351 0.835461 0.0685213 0.0679844
37 0.573521 0.994906 0.0557143 0.0101875
37 0.94282 0.944273 0.0346617 0.0277031
37 0.390952 0.983352 0.0913784 0.0332969
37 0.0258521 0.865094 0.0492481 0.04925
37 0.0483208 0.947805 0.0765414 0.0464219
37 0.138246 0.819156 0.0612531 0.0323437
37 0.180426 0.991688 0.106566 0.016625
37 0.993997 0.980578 0.012005 0.0388437
37 0.174875 0.822906 0.0481454 0.0361563
37 0.877682 0.773797 0.0706516 0.0344062
37 0.642907 0.966906 0.106917 0.0635938
37 0.423434 0.872016 0.0448622 0.0369375
37 0.528872 0.791094 0.0900251 0.0555937
37 0.142531 0.834008 0.0502757 0.0355781
37 0.414261 0.779898 0.13203 0.0640156
37 0.356754 0.82707 0.109699 0.0547031
37 0.129599 0.947469 0.0932331 0.0553125
37 0.274912 0.785453 0.0817043 0.0565312
37 0.0779449 0.866383 0.086015 0.0441094
37 0.513133 0.740961 0.102055 0.0543594
37 0.961165 0.895461 0.0776692 0.0612969
37 0.813559 0.77875 0.0707769 0.0523125
37 0.774261 0.844164 0.081203 0.0572344
37 0.841729 0.981531 0.0962907 0.034375
37 0.715338 0.877148 0.0819048 0.0753906
37 0.287832 0.950211 0.0414286 0.0346719
37 0.753271 0.982352 0.0942607 0.0317969
37 0.304561 0.988906 0.0854135 0.0221875
37 0.181892 0.849055 0.0571679 0.0182031
37 0.360664 0.870484 0.105338 0.054375
37 0.654799 0.922875 0.0779699 0.0395937
37 0.292155 0.975766 0.0251128 0.0171875
37 0.505363 0.925273 0.0834085 0.0552344
37 0.615401 0.94332 0.0263409 0.0179531
37 0.472769 0.783461 0.0307519 0.0315156
37 0.707995 0.968961 0.0469173 0.0451406
37 0.582682 0.910781 0.0917794 0.0454375
37 0.109937 0.804172 0.0610276 0.0423437
37 0.0275564 0.983062 0.0505013 0.0312187