6 0.59524 0.39901 0.0497598 0.02362
6 0.381532 0.28486 0.142763 0.03672
6 0.396577 0.20418 0.0471471 0.012
6 0.388408 0.30876 0.0529129 0.0168
6 0.356697 0.05218 0.0861261 0.0248
6 0.432342 0.0458 0.0866066 0.0288
6 0.656441 0.12666 0.132823 0.02228
6 0.599084 0.37976 0.0685586 0.0378
6 0.325901 0.06317 0.111201 0.01918
6 0.429535 0.18926 0.0432132 0.02844
6 0.435781 0.32019 0.0653153 0.02278
6 0.398664 0.04564 0.0817718 0.03108
6 0.456246 0.03487 0.0918919 0.04362
6 0.485781 0.32673 0.0284985 0.0303
6 0.404354 0.29685 0.116577 0.05442
6 0.595796 0.11926 0.106847 0.02004
6 0.44461 0.42556 0.0588288 0.052
6 0.410691 0.41352 0.0977177 0.0768
6 0.552432 0.26884 0.0985586 0.06
6 0.555976 0.09371 0.0891291 0.04366
6 0.391547 0.15022 0.132523 0.019
6 0.381306 0.04776 0.0874174 0.03236
6 0.479129 0.3494 0.0410811 0.03936
6 0.437568 0.34957 0.0705706 0.0429
6 0.469264 0.19775 0.048979 0.0217
6 0.310586 0.16118 0.0259159 0.01392
6 0.45506 0.06898 0.111562 0.0398
6 0.541066 0.34096 0.0517417 0.03876
6 0.340285 0.09092 0.0562462 0.01852
6 0.430856 0.22007 0.0886787 0.02438
6 0.393709 0.34446 0.1097 0.04284
6 0.502913 0.19972 0.021021 0.02476
6 0.570781 0.25356 0.101381 0.03056
6 0.625766 0.05537 0.0853453 0.0237
6 0.366622 0.10363 0.0746246 0.01642
6 0.504189 0.36048 0.0267568 0.038
6 0.424685 0.34958 0.074955 0.04596
6 0.397267 0.18621 0.0621622 0.0331
6 0.46012 0.22055 0.0644444 0.03774
6 0.554535 0.37201 0.0574174 0.04534
6 0.549339 0.20216 0.0593393 0.07576
6 0.534009 0.13561 0.0523423 0.02094
6 0.356877 0.34022 0.091952 0.02268
6 0.545901 0.21552 0.0782883 0.02088
6 0.380435 0.18471 0.0874174 0.0311
6 0.464715 0.3236 0.0354354 0.02256
6 0.39452 0.40322 0.116547 0.05056
6 0.506426 0.33077 0.0228829 0.02982
6 0.522793 0.40231 0.0284084 0.04586
6 0.401351 0.08719 0.0929129 0.02002
6 0.596486 0.15612 0.112733 0.03884
6 0.522628 0.05008 0.0551051 0.03436
6 0.607838 0.27475 0.0762763 0.01922
6 0.331892 0.05645 0.0957357 0.02446
6 0.529219 0.40252 0.0348348 0.05516
6 0.450841 0.35395 0.0605405 0.04926
6 0.574219 0.27528 0.0954655 0.05468
6 0.499655 0.11652 0.0441742 0.03892
6 0.570495 0.38923 0.106577 0.08678
6 0.49991 0.22357 0.0374775 0.0311
6 0.590105 0.02239 0.122012 0.04478
6 0.365586 0.09313 0.0651652 0.01454
6 0.40958 0.21396 0.0725526 0.02556
6 0.550976 0.18111 0.0559459 0.03846