59 0.966578 0.562667 0.0668438 0.0697917
59 0.977203 0.614031 0.0443438 0.0649792
59 0.959117 0.634448 0.0459844 0.0406042
59 0.510852 0.42875 0.0677031 0.0532917
59 0.947086 0.600448 0.0216719 0.0326042
14 0.644562 0.610615 0.138656 0.161854
14 0.597328 0.645823 0.0207188 0.0344375
14 0.60325 0.549865 0.0436563 0.0710208
14 0.5695 0.528771 0.0309687 0.0522917
14 0.668477 0.57699 0.105266 0.0857708
14 0.610273 0.517948 0.0517344 0.0353958
14 0.700383 0.632708 0.0518906 0.0542083
14 0.54832 0.554219 0.0197656 0.0468958
47 0.88875 0.371198 0.0274375 0.0116042
47 0.922648 0.275521 0.0577656 0.0552917
47 0.95025 0.268094 0.0318437 0.0352292
47 0.768039 0.276854 0.0474219 0.0304167
47 0.951008 0.301292 0.0408281 0.0105833
47 0.929312 0.381146 0.049625 0.0233333
47 0.813391 0.289458 0.0390937 0.0125417
47 0.863852 0.271656 0.0651094 0.0561042
47 0.97243 0.291667 0.0480781 0.0315833
47 0.893633 0.260417 0.0121094 0.0120417
1 0.469562 0.407594 0.0232812 0.0484792
1 0.44725 0.396281 0.0286563 0.0325625
1 0.448813 0.449802 0.048 0.0678958
1 0.510852 0.428719 0.0677031 0.0518125
1 0.499406 0.395469 0.0570312 0.0459792
1 0.501836 0.449302 0.0484219 0.0478125
1 0.438211 0.520281 0.0307656 0.0759792