24 0.111609 0.576365 0.151906 0.167313
24 0.0458203 0.44626 0.0916406 0.214271
15 0.197031 0.151865 0.169156 0.247938
15 0.3255 0.258771 0.174406 0.210167
11 0.0233203 0.567469 0.0466406 0.133437
11 0.217602 0.481406 0.183891 0.257021
11 0.142844 0.365635 0.177031 0.290271
11 0.29918 0.360708 0.147047 0.162167
11 0.0825547 0.244583 0.165109 0.218917
14 0.431875 0.191406 0.0582187 0.205021
14 0.358195 0.123833 0.118797 0.0785
14 0.246937 0.0478542 0.183719 0.0957083
14 0.394594 0.0940104 0.145594 0.188021
14 0.362836 0.182594 0.158547 0.0883542
14 0.294102 0.0191771 0.0584844 0.0262708
14 0.285758 0.108635 0.0469219 0.0433542
14 0.288477 0.140656 0.0273594 0.0310625