38 0.778656 0.940437 0.137344 0.08075
38 0.509031 0.881396 0.271656 0.203167
38 0.575969 0.0627917 0.233531 0.125542
38 0.945383 0.667563 0.109234 0.253917
38 0.854531 0.447958 0.100969 0.0864167
38 0.152273 0.0300521 0.0736406 0.0532708
38 0.558156 0.402375 0.231906 0.147042
38 0.757898 0.308625 0.115484 0.13625
38 0.0713672 0.0408437 0.0772969 0.0802708
43 0.633031 0.154938 0.111406 0.0482917
43 0.630844 0.166313 0.157438 0.133958
43 0.668883 0.314417 0.171828 0.117208
43 0.686063 0.192615 0.113656 0.105646
43 0.689633 0.275563 0.103266 0.144375
43 0.544969 0.15624 0.0506875 0.0670208
43 0.636531 0.212177 0.0848125 0.0725625
43 0.615156 0.275708 0.0815625 0.0794167
43 0.657297 0.271281 0.0613437 0.144104
43 0.587625 0.244906 0.0587812 0.0343958
43 0.539859 0.157052 0.0244062 0.0335625
43 0.708461 0.220406 0.113266 0.0848125
43 0.605086 0.271375 0.0284531 0.0105417
43 0.574688 0.175625 0.0229687 0.010875
43 0.62725 0.30549 0.0389375 0.0211875
43 0.644602 0.142052 0.0791406 0.0339375
43 0.583633 0.188167 0.0374844 0.0330833
43 0.613398 0.284562 0.0959531 0.061625