26 0.103805 0.337281 0.0189219 0.0109792
26 0.22268 0.411146 0.00979688 0.015125
26 0.143258 0.370656 0.0160469 0.0141875
26 0.126922 0.355302 0.0182812 0.0192292
26 0.0970859 0.35224 0.0214219 0.0187708
26 0.0862891 0.342698 0.00976562 0.0149792
26 0.15468 0.364635 0.0282344 0.0197708
26 0.186992 0.392729 0.0111094 0.00925
26 0.209844 0.403469 0.015125 0.0175208
11 0.389797 0.559521 0.0211562 0.0179583
11 0.631086 0.418396 0.0434531 0.0766667
11 0.384602 0.540896 0.0347969 0.0387083
11 0.469234 0.446844 0.0214062 0.0257292
11 0.401234 0.481406 0.0396562 0.0643958
11 0.41293 0.482542 0.0292656 0.046
11 0.330914 0.527396 0.0677344 0.0444583
11 0.561141 0.443469 0.0377813 0.0337708
11 0.403156 0.507719 0.024625 0.0407708
11 0.434805 0.47574 0.0192969 0.0307708
11 0.521734 0.494521 0.049875 0.052
11 0.586563 0.437802 0.0427187 0.0338542
11 0.447359 0.439833 0.0351875 0.047125
11 0.573156 0.467927 0.0528125 0.0474375
11 0.535945 0.434479 0.0336406 0.024875
11 0.355961 0.498563 0.0638906 0.0695417
11 0.424352 0.447063 0.0250781 0.0229167
11 0.616383 0.467083 0.0406094 0.0235417
11 0.479406 0.40974 0.057125 0.0225625
11 0.510477 0.463208 0.0707656 0.0530833
59 0.0417266 0.400948 0.0122344 0.0150208
59 0.0418516 0.414885 0.00964062 0.0131458
59 0.0322109 0.411073 0.00845313 0.00872917
59 0.0830078 0.443323 0.0102344 0.0070625
59 0.0747344 0.43426 0.008125 0.0118958
59 0.0507656 0.406844 0.01 0.0130625
59 0.0636094 0.437729 0.00578125 0.004875
59 0.0202734 0.386281 0.0122969 0.0136042
59 0.0178594 0.404063 0.0114062 0.01025
59 0.0114453 0.381677 0.00889063 0.0096875
59 0.0496953 0.421927 0.00845313 0.00897917
59 0.0942656 0.643333 0.0309687 0.0333333
59 0.0945547 0.445406 0.00676562 0.00902083
59 0.103227 0.44474 0.0111406 0.0102708
59 0.0580391 0.430031 0.0131406 0.0138125
59 0.00921875 0.38974 0.00865625 0.00872917
59 0.0614063 0.417729 0.007875 0.00845833
59 0.0195469 0.396292 0.00953125 0.0100417
59 0.00157813 0.37551 0.00315625 0.00947917
15 0.227336 0.902177 0.141953 0.163354
15 0.628148 0.590573 0.0340156 0.0515208
15 0.722789 0.801521 0.166672 0.148625
15 0.945867 0.819583 0.0947031 0.16175
15 0.140195 0.74099 0.0830781 0.127937
15 0.591227 0.92476 0.171609 0.146854
15 0.882437 0.76474 0.0694375 0.103854
15 0.934375 0.413448 0.0778438 0.0627708
15 0.292367 0.589635 0.153672 0.136604
15 0.407398 0.909083 0.194359 0.181833
15 0.920664 0.594979 0.158672 0.183333
15 0.0738125 0.881333 0.143937 0.205167
15 0.717148 0.933552 0.135953 0.128979
15 0.563312 0.816406 0.171531 0.145646
15 0.491352 0.757406 0.0305469 0.0528958
15 0.546867 0.686479 0.160453 0.137708
15 0.961203 0.485188 0.0775937 0.06
15 0.484898 0.579917 0.135766 0.12025
15 0.447594 0.522865 0.100375 0.0876875
15 0.809023 0.649615 0.0397969 0.0463958
15 0.783391 0.639875 0.04725 0.0537917
15 0.402781 0.772656 0.166 0.145146
15 0.145609 0.875979 0.0491875 0.123458
15 0.811086 0.512229 0.0941094 0.0783333
15 0.330656 0.693208 0.0738437 0.1095
15 0.149914 0.968677 0.153641 0.0605208
15 0.687789 0.74151 0.166203 0.114812
15 0.260188 0.73474 0.0945312 0.171021
15 0.697125 0.476562 0.137781 0.227667
15 0.327648 0.96325 0.152953 0.0714583
15 0.576664 0.508719 0.0857656 0.0963958
15 0.395234 0.642615 0.169375 0.155729
15 0.178352 0.657312 0.107703 0.06025
15 0.0389219 0.96024 0.0763438 0.0771042
15 0.296172 0.822917 0.103344 0.137625
15 0.862914 0.919823 0.134172 0.126146