59 0.1804 0.428311 0.0585 0.0367111
59 0.100083 0.419078 0.0581667 0.0571778
59 0.222483 0.476289 0.0648 0.0710222
59 0.306175 0.526556 0.0786167 0.0497333
59 0.266942 0.621367 0.08195 0.0826
59 0.178542 0.376278 0.0557833 0.0505111
59 0.766892 0.440978 0.0696833 0.0803556
59 0.836517 0.453633 0.0611667 0.0748667
14 0.1581 0.349722 0.0585667 0.0653111
14 0.5421 0.442644 0.0125 0.0166667
14 0.231017 0.528833 0.0720333 0.0910444
14 0.850075 0.393589 0.03115 0.0302444
14 0.689825 0.424244 0.03635 0.0241333
14 0.408058 0.359733 0.0221167 0.0533333
14 0.415725 0.221467 0.04635 0.0987111
14 0.0869083 0.461744 0.0720167 0.124244
14 0.736183 0.497056 0.0507667 0.0464222
14 0.165442 0.553333 0.124183 0.121333
14 0.18865 0.604544 0.0618333 0.0260222
14 0.15095 0.401844 0.0632667 0.0723111
14 0.1506 0.472267 0.0661667 0.0673333
14 0.235683 0.310922 0.0115 0.00944444
14 0.779692 0.343589 0.02115 0.0246
14 0.219308 0.415556 0.04535 0.0158222
14 0.565325 0.454778 0.0115167 0.0324444
14 0.385633 0.529489 0.0471667 0.0174222
14 0.836458 0.5139 0.02225 0.0278889
14 0.6846 0.527822 0.0221 0.0264
14 0.256242 0.621233 0.04845 0.0213556
14 0.223342 0.257678 0.0228167 0.0354444
14 0.636192 0.371822 0.01865 0.0288444
14 0.815683 0.5309 0.0407667 0.0205111
14 0.561358 0.511367 0.03085 0.0220667
14 0.0333333 0.484722 0.0322333 0.0760667
14 0.551808 0.413111 0.04925 0.0456889
14 0.595067 0.4905 0.0500333 0.0253111
14 0.710708 0.543444 0.0214167 0.00986667
14 0.716708 0.352822 0.0103833 0.00973333
14 0.394175 0.256944 0.01235 0.0145556
14 0.718217 0.558367 0.0317333 0.0331333
14 0.5553 0.499033 0.0308 0.00957778
14 0.0803583 0.590411 0.0196167 0.0254444
14 0.704125 0.518856 0.0202167 0.0142444
14 0.312583 0.625378 0.0130667 0.0446222
14 0.675908 0.457189 0.0651167 0.0353111
14 0.638133 0.507756 0.0295333 0.0393778
14 0.0922917 0.5382 0.0471167 0.0810222
14 0.811867 0.511678 0.0274667 0.0323333
14 0.662475 0.576122 0.01315 0.0171778
14 0.626208 0.530111 0.0140167 0.0156444
14 0.759783 0.5583 0.0434333 0.0862444
14 0.29835 0.353078 0.0454 0.0420667
14 0.743033 0.291211 0.00793333 0.0314444
14 0.27165 0.200911 0.0780333 0.0256
14 0.143733 0.333978 0.0188333 0.0556444
14 0.600208 0.3823 0.00788333 0.0115333
14 0.636158 0.4266 0.0826167 0.0452