32 0.826273 0.905892 0.0202656 0.0277934
32 0.817305 0.948826 0.0172969 0.0240845
32 0.848086 0.904906 0.0154844 0.0194366
32 0.839453 0.916514 0.01775 0.0256573
32 0.310742 0.661362 0.0112656 0.0125822
32 0.877453 0.937523 0.0151562 0.02223
32 0.868109 0.946526 0.0165625 0.019061
32 0.838398 0.959155 0.0191094 0.0260094
32 0.902594 0.93919 0.0189062 0.02777
32 0.869305 0.913533 0.0178594 0.0270657
32 0.823609 0.928075 0.0192812 0.0223005
32 0.887969 0.927347 0.0194687 0.0241315
32 0.855352 0.925505 0.0167031 0.0265023
32 0.888758 0.9125 0.0179219 0.0189437
32 0.856375 0.899225 0.0192812 0.0276995
32 0.884195 0.958592 0.0172344 0.0243662
32 0.851523 0.945646 0.0179844 0.0256103