43 0.981056 0.219047 0.0361297 0.0286563
43 0.940743 0.219133 0.118515 0.0901094
43 0.949582 0.218195 0.100837 0.0578281
42 0.440251 0.359555 0.106318 0.0372969
42 0.521789 0.479437 0.11772 0.096375
42 0.484163 0.586242 0.19795 0.0503594
42 0.468839 0.51968 0.113996 0.0499844
42 0.579404 0.404992 0.118891 0.0814219
42 0.387992 0.674344 0.165481 0.0849063
42 0.645617 0.382242 0.0688912 0.0829219
42 0.333054 0.542672 0.157155 0.0504687
42 0.355732 0.432992 0.158954 0.0722656
42 0.26522 0.403797 0.0734937 0.0583125
42 0.268598 0.659938 0.136025 0.0853125