14 0.195461 0.484656 0.0779844 0.0541042
14 0.342758 0.0298854 0.0621406 0.0565208
14 0.206437 0.435844 0.159125 0.105021
14 0.21307 0.0675729 0.134016 0.0838125
14 0.164187 0.0291562 0.0538438 0.0561458
14 0.382695 0.32625 0.0684531 0.116917
14 0.324164 0.144396 0.0552969 0.100208
14 0.341008 0.263802 0.147578 0.187438
14 0.0851719 0.352823 0.128031 0.198021
14 0.255687 0.0370104 0.132562 0.0696458
14 0.109813 0.335958 0.146187 0.176792
14 0.0697812 0.0795729 0.0672813 0.0301458
14 0.0505781 0.250667 0.0184687 0.0135417
14 0.386844 0.106583 0.0924688 0.18175
14 0.326844 0.434219 0.0948438 0.100479
14 0.107523 0.219344 0.214641 0.0701458
14 0.390273 0.266479 0.0664531 0.0860417
14 0.202477 0.30424 0.154766 0.197312
14 0.253945 0.202896 0.155516 0.116708
14 0.300367 0.381844 0.114578 0.107104
43 0.439227 0.701833 0.168516 0.134375
43 0.499703 0.888094 0.155969 0.126771
43 0.391078 0.662417 0.131594 0.0773333
43 0.572289 0.699406 0.0672969 0.159062
43 0.497586 0.623479 0.0457031 0.044375
43 0.359758 0.852052 0.0844219 0.170771
43 0.530859 0.808292 0.123313 0.152458
43 0.411797 0.78876 0.0963125 0.156771
43 0.493336 0.739552 0.0924531 0.120896
43 0.462234 0.804052 0.0136875 0.0240625
43 0.432289 0.849875 0.0559531 0.095125
43 0.400281 0.878073 0.0549063 0.120313
43 0.350039 0.731031 0.0230781 0.0543542
52 0.9485 0.631667 0.103 0.143958
52 0.685531 0.246792 0.171469 0.177958
52 0.800672 0.564927 0.0957812 0.124104
52 0.829063 0.33275 0.0995313 0.21625
52 0.878297 0.152281 0.0974375 0.0675208
52 0.767922 0.127688 0.131625 0.193333
52 0.978359 0.436969 0.0404062 0.0769375
52 0.946102 0.212333 0.107484 0.114417
52 0.69743 0.453844 0.153609 0.259813
52 0.953859 0.331677 0.09075 0.141437
52 0.851242 0.221156 0.171797 0.161104
52 0.683078 0.188625 0.0657812 0.105333
52 0.929719 0.500187 0.0705625 0.0630833
52 0.920461 0.105198 0.137203 0.131187
52 0.815727 0.425604 0.181141 0.179625
52 0.690344 0.54774 0.110844 0.127062
52 0.990664 0.508844 0.0165469 0.0756458
52 0.705898 0.318854 0.172047 0.145125
52 0.862906 0.657406 0.201625 0.0853958
52 0.597102 0.407313 0.0659531 0.16025
52 0.90843 0.569208 0.143766 0.115
52 0.938836 0.439406 0.121141 0.239937