11 0.301634 0.327484 0.0669281 0.116307
11 0.21549 0.0219199 0.0682026 0.0438399
11 0.359469 0.786667 0.0664216 0.0410131
11 0.455784 0.338399 0.0941503 0.0966013
11 0.35875 0.080098 0.087402 0.0921242
11 0.382737 0.908113 0.127533 0.102467
11 0.348693 0.261658 0.0664052 0.0797549
11 0.485237 0.966029 0.0971732 0.0669281
11 0.489126 0.38549 0.0740686 0.0876471
11 0.601405 0.848995 0.0565033 0.064232
11 0.362802 0.463415 0.0815523 0.0733333
11 0.407917 0.503178 0.0537092 0.0576634
11 0.293995 0.0253431 0.0958333 0.0487255
11 0.0925735 0.098652 0.0620425 0.0455719
11 0.401904 0.439167 0.0618464 0.0415033
11 0.0550735 0.0272631 0.110147 0.0545261
11 0.266781 0.107369 0.0508824 0.0741176
11 0.544289 0.895735 0.0929902 0.109575
11 0.467108 0.439992 0.0683007 0.075768
11 0.165752 0.110507 0.0851307 0.06
11 0.555703 0.750376 0.0394444 0.0277124
11 0.372933 0.0448121 0.0698203 0.0670098
11 0.303211 0.0980147 0.0776634 0.0864542
11 0.470964 0.700817 0.10085 0.0980392
11 0.397688 0.7229 0.0728922 0.0914542
11 0.500482 0.266708 0.138513 0.127304
11 0.558725 0.71558 0.103627 0.0934804
11 0.417859 0.409763 0.0516993 0.0499837
11 0.361806 0.755253 0.0451797 0.0425327