11 0.563445 0.848592 0.0185781 0.0140845
11 0.530633 0.829284 0.0248906 0.0318075
11 0.602523 0.824308 0.0280469 0.0351408
11 0.568797 0.83642 0.0116875 0.014061
11 0.580141 0.819671 0.0218125 0.0233333
11 0.603523 0.845563 0.0143281 0.011784
11 0.583484 0.836737 0.02125 0.0333803
11 0.542242 0.84716 0.0252969 0.0152113
11 0.55918 0.840258 0.0212969 0.0215493
11 0.576195 0.845082 0.0117656 0.0164085
14 0.520437 0.528087 0.0187187 0.00814554
14 0.485273 0.535387 0.00954687 0.044108
14 0.520414 0.503099 0.0175781 0.00976526