59 0.414375 0.299406 0.025 0.0481458
59 0.198703 0.938917 0.108344 0.119417
59 0.407953 0.511458 0.028625 0.0537083
59 0.414156 0.232729 0.0249062 0.0227917
59 0.398383 0.632979 0.0337969 0.0729583
59 0.410336 0.177156 0.0132344 0.0236458
59 0.411711 0.204594 0.0190781 0.0331875
59 0.398969 0.718083 0.04925 0.108375
59 0.403477 0.382729 0.0146094 0.0414583
59 0.408062 0.144687 0.0125312 0.016125
59 0.414289 0.155646 0.0210781 0.0154167
59 0.416109 0.183219 0.0160938 0.0143125
38 0.437188 0.216198 0.0251563 0.0318542
38 0.370242 0.856573 0.0699219 0.0701458
38 0.466344 0.616031 0.134313 0.0965625
38 0.43807 0.168531 0.0623594 0.0358542
38 0.206078 0.425438 0.02975 0.0652083
38 0.161219 0.938979 0.04675 0.0732083
38 0.278773 0.198677 0.0285156 0.0705208
38 0.241984 0.264323 0.0330625 0.0217708
38 0.43693 0.718375 0.0576406 0.192
38 0.447516 0.484406 0.115219 0.125104
38 0.143781 0.714292 0.0253437 0.0499583
38 0.209883 0.35649 0.0399531 0.0386042
38 0.258852 0.236771 0.0383594 0.0153333
38 0.426555 0.367625 0.0483594 0.0487083
38 0.144812 0.589417 0.067 0.166083
38 0.436672 0.293104 0.0605313 0.098625
38 0.233969 0.304198 0.034875 0.0311042
38 0.252258 0.266813 0.0421719 0.0449583
38 0.271078 0.939635 0.137187 0.115729
38 0.401312 0.796229 0.0645 0.0513333
38 0.233742 0.312146 0.0238281 0.0134167
38 0.187227 0.953906 0.0240469 0.0447292
38 0.195844 0.456427 0.023375 0.0310625
38 0.133234 0.890896 0.0175 0.0150417
38 0.356477 0.903927 0.0699844 0.0945625
38 0.229305 0.326458 0.0233906 0.0245
38 0.276086 0.186969 0.0235469 0.0146042