14 0.543 0.666073 0.0490625 0.180729
14 0.666781 0.611844 0.0685937 0.123979
14 0.422586 0.196594 0.0849219 0.0836875
14 0.821891 0.625229 0.136 0.11475
14 0.756602 0.626521 0.137953 0.130625
14 0.187586 0.538625 0.121828 0.174083
14 0.32568 0.186927 0.130828 0.111312
14 0.837383 0.695344 0.0376719 0.0590625
14 0.877828 0.695865 0.120687 0.123771
14 0.442539 0.445896 0.114547 0.179042
14 0.418125 0.16424 0.0968125 0.0913125
14 0.683078 0.356135 0.109156 0.125938
14 0.346594 0.797208 0.139656 0.0767083
52 0.425281 0.656104 0.247625 0.270292
52 0.787961 0.482552 0.117922 0.171271
52 0.181844 0.314417 0.10825 0.176875
52 0.276102 0.551083 0.190828 0.294792
52 0.377594 0.489 0.04025 0.0718333
52 0.242945 0.752781 0.181422 0.193271
52 0.375359 0.43801 0.0411875 0.0939792
52 0.677656 0.713063 0.2845 0.0879583
52 0.577227 0.588792 0.130078 0.08175
52 0.303586 0.41001 0.170891 0.147271
52 0.469523 0.229667 0.105391 0.143417
52 0.490945 0.355427 0.134672 0.111479
52 0.556766 0.505885 0.159125 0.0996875
52 0.174531 0.681708 0.0757812 0.193333
52 0.250102 0.296281 0.0843281 0.212479
52 0.639984 0.466927 0.195563 0.202354