43 0.552734 0.352083 0.112281 0.109833
43 0.874758 0.593698 0.0654844 0.0789375
43 0.117859 0.469802 0.0759688 0.129187
43 0.422234 0.575812 0.0804375 0.124583
43 0.613117 0.447719 0.0646719 0.0643958
43 0.729328 0.1425 0.0349375 0.0505833
43 0.537609 0.860594 0.100406 0.0960208
43 0.418344 0.22074 0.0609062 0.0546042
43 0.20282 0.157938 0.105266 0.0549167
43 0.525461 0.222448 0.0829219 0.134146
43 0.827008 0.526198 0.0644844 0.119229
43 0.633219 0.752177 0.0619687 0.0641875
43 0.714781 0.866063 0.0824063 0.142875
43 0.622453 0.863219 0.100625 0.167229
43 0.772016 0.196115 0.0567813 0.0508125
43 0.543875 0.939979 0.150594 0.117042
43 0.337883 0.253719 0.0437031 0.0457292
43 0.628375 0.0994583 0.0670937 0.0612083
43 0.879398 0.727854 0.0762031 0.0887083
43 0.098375 0.195521 0.0555 0.0447917