14 0.594914 0.381229 0.114422 0.276708
14 0.727586 0.736083 0.166328 0.333042
14 0.670539 0.871698 0.0466719 0.256604
14 0.557797 0.351469 0.115187 0.258979
14 0.630445 0.803677 0.0377969 0.392646
14 0.751828 0.88875 0.097625 0.193333
14 0.573914 0.414406 0.153547 0.270354
14 0.669258 0.809271 0.0527656 0.381458
14 0.663531 0.929229 0.0340312 0.141542
14 0.589063 0.273542 0.129094 0.262458
14 0.646539 0.411969 0.126734 0.251271
14 0.60518 0.823469 0.0303906 0.119229
14 0.728891 0.887667 0.0575 0.196667
14 0.634898 0.294927 0.113078 0.201021
14 0.527633 0.248229 0.0238906 0.0533333
14 0.698172 0.823083 0.0481875 0.353833