24 0.63157 0.139707 0.0450156 0.013682
24 0.638172 0.115596 0.0480938 0.0210669
24 0.634656 0.131726 0.0530625 0.0253766
24 0.580508 0.137385 0.0389844 0.0133054
24 0.582375 0.128253 0.0411875 0.019477
24 0.590695 0.119236 0.0532656 0.0333264
11 0.0795234 0.199372 0.0444219 0.0351883
11 0.0477578 0.0330858 0.0363594 0.0420711
11 0.12075 0.174446 0.0195938 0.0240795
11 0.0570781 0.185126 0.015875 0.0242259
11 0.0747109 0.151423 0.0243281 0.0315481
11 0.0987656 0.176192 0.0334688 0.0397071
11 0.0482109 0.202029 0.0215781 0.025272
11 0.0951953 0.192333 0.0289219 0.0292259
11 0.0801641 0.0135774 0.0272031 0.0271548
11 0.0656094 0.162605 0.0187812 0.0166736
8 0.168547 0.102354 0.0256563 0.0249163
8 0.216125 0.127552 0.0167187 0.0238075
8 0.210508 0.101946 0.0126406 0.0123013
8 0.144844 0.121799 0.0160625 0.0220502
8 0.221367 0.106538 0.0212656 0.0161715
8 0.239078 0.129341 0.0283438 0.0251255
8 0.249984 0.108075 0.0162813 0.0335983
8 0.195891 0.107531 0.0175 0.0253556
8 0.171219 0.124383 0.0174687 0.0213598
8 0.149992 0.100774 0.0227969 0.0271967
8 0.264547 0.105513 0.0231875 0.030523
8 0.237648 0.108023 0.0158906 0.0252929
8 0.202742 0.127971 0.0150156 0.0227615
23 0.797172 0.231548 0.058625 0.0146025
23 0.75543 0.125 0.0593281 0.0200418
23 0.822992 0.108661 0.0678906 0.0216318
23 0.802281 0.21863 0.0538438 0.020272
23 0.755828 0.108075 0.0601563 0.0182008
23 0.805211 0.204644 0.0525781 0.0169456
23 0.820875 0.12364 0.0645625 0.0179498
23 0.731984 0.246841 0.0570937 0.0120502
23 0.734852 0.218494 0.0620781 0.0282008
23 0.815328 0.140335 0.0634687 0.0177406
23 0.750703 0.152061 0.074125 0.0466736
23 0.747867 0.200764 0.0593594 0.0136611
23 0.777234 0.100962 0.0354063 0.0130544
23 0.732703 0.236946 0.0627812 0.0197071
23 0.79493 0.24522 0.0551719 0.0220711
23 0.821297 0.231182 0.0127188 0.0216946
23 0.81207 0.188054 0.0530469 0.0161506