32 0.290914 0.341624 0.104109 0.16507
32 0.15182 0.199147 0.112328 0.186659
32 0.259156 0.688949 0.157125 0.243411
32 0.165367 0.365152 0.133359 0.20764
32 0.0615625 0.24722 0.123125 0.165888
32 0.0774609 0.492757 0.0774531 0.134486
32 0.211719 0.551928 0.111719 0.197734
32 0.0850937 0.67493 0.136219 0.228832
32 0.0535938 0.365724 0.105531 0.161542
32 0.0259297 0.527512 0.0518594 0.180164
1 0.912852 0.102231 0.174297 0.204463
1 0.792375 0.0760748 0.250281 0.149673
1 0.627922 0.19264 0.238937 0.303505
1 0.787391 0.49771 0.42425 0.719439
1 0.275656 0.114054 0.169625 0.22722