23 0.486961 0.88951 0.0813281 0.0775625
23 0.665992 0.180969 0.0240781 0.0413542
23 0.704117 0.111792 0.0430781 0.0528333
38 0.862742 0.48624 0.274516 0.526104
38 0.471133 0.0307917 0.138453 0.060125
38 0.683109 0.455625 0.225 0.171542
38 0.7275 0.662104 0.330187 0.295375
38 0.946711 0.891271 0.106578 0.0780417
38 0.889641 0.259896 0.219188 0.267792
38 0.649297 0.348031 0.149875 0.174896
38 0.53868 0.286146 0.135922 0.175958
8 0.373602 0.706437 0.294672 0.352042
8 0.0960547 0.537438 0.162203 0.16725
8 0.602672 0.0670417 0.172031 0.119333
8 0.857391 0.87099 0.0874375 0.0964792
8 0.757859 0.131396 0.0875313 0.0615833