11 0.483539 0.648565 0.150297 0.215388
11 0.700063 0.500859 0.110563 0.154235
11 0.268031 0.513224 0.0900312 0.140188
11 0.562273 0.548329 0.112203 0.152141
11 0.520922 0.116071 0.136969 0.218541
11 0.348836 0.407706 0.0847656 0.163882
11 0.237398 0.345788 0.0860469 0.126776
11 0.679641 0.264176 0.0837187 0.0707529
11 0.754586 0.408106 0.0583281 0.0972941
11 0.630578 0.342624 0.167719 0.144824
11 0.277711 0.1934 0.121641 0.185341
14 0.707437 0.248529 0.113094 0.116306
14 0.581297 0.4706 0.235937 0.154471
14 0.325016 0.199835 0.119156 0.124188
14 0.579398 0.248659 0.0841406 0.114918
14 0.43125 0.1362 0.126219 0.120306
14 0.408805 0.499259 0.178141 0.0932941
14 0.728344 0.6432 0.0770312 0.0459294
14 0.308719 0.293141 0.113375 0.0832706