15 0.850964 0.495556 0.0496732 0.0815033
15 0.94991 0.64634 0.0672059 0.0646732
15 0.889632 0.350572 0.128284 0.110523
15 0.794453 0.470212 0.155114 0.136863
15 0.871103 0.691569 0.168644 0.141601
15 0.902288 0.430319 0.0866993 0.0891667
15 0.902181 0.558725 0.108513 0.138301
15 0.798186 0.579747 0.106405 0.104101
15 0.958897 0.462051 0.0813889 0.104624
15 0.844395 0.394657 0.0549673 0.0635294
15 0.771855 0.39558 0.0951797 0.0746895
15 0.713096 0.570163 0.0789052 0.092451
24 0.158276 0.666887 0.0893627 0.106977
24 0.191152 0.672663 0.0246895 0.0545425
24 0.14335 0.353276 0.0886275 0.087402
24 0.077835 0.498913 0.102402 0.105931
24 0.125654 0.628301 0.0926144 0.121438
24 0.167565 0.364493 0.119837 0.113203
24 0.21799 0.538431 0.122582 0.125033
24 0.244518 0.569011 0.116225 0.125016
24 0.142802 0.65 0.0905065 0.117451
24 0.165931 0.421168 0.093268 0.0458333
24 0.18357 0.440703 0.0955719 0.0638235
24 0.110613 0.607141 0.0963235 0.125621
24 0.201765 0.477051 0.106961 0.0637092
24 0.100261 0.35326 0.0645752 0.103252
24 0.270359 0.413203 0.113856 0.12719
24 0.309518 0.603431 0.0585131 0.118791
24 0.0892402 0.411144 0.0743954 0.0848039
24 0.136266 0.331013 0.0812908 0.0643137
24 0.0894036 0.593979 0.110245 0.122827
24 0.18643 0.288211 0.0304085 0.0484804
24 0.258031 0.620801 0.111781 0.121569
24 0.085433 0.548211 0.112892 0.112892
14 0.771119 0.236863 0.0529575 0.128889
14 0.724804 0.146005 0.100163 0.10152
14 0.791201 0.148464 0.0810294 0.119477
14 0.655114 0.2579 0.0854902 0.0743627
14 0.792337 0.311185 0.220425 0.165997
14 0.699706 0.255392 0.0851961 0.11634
14 0.721985 0.291152 0.0487092 0.125408
14 0.708685 0.142459 0.120833 0.103644
14 0.711258 0.20375 0.0686928 0.0610294
14 0.835188 0.224158 0.0830882 0.0671732
14 0.663652 0.192018 0.0553431 0.0968464
14 0.866136 0.310123 0.0905065 0.0843627
14 0.649502 0.179232 0.0298529 0.131503
14 0.637876 0.312647 0.100131 0.0523529
14 0.804028 0.261356 0.0144935 0.0322876
17 0.356471 0.670923 0.0601961 0.0615196
17 0.242296 0.800507 0.0976961 0.168203
17 0.199436 0.741209 0.0414542 0.189216
17 0.443497 0.852516 0.158725 0.141536
17 0.256234 0.742655 0.102075 0.153121
17 0.352271 0.741626 0.0669281 0.108873
17 0.39768 0.744355 0.105098 0.170866
17 0.424167 0.808971 0.0834641 0.113301
17 0.206879 0.692819 0.0613399 0.0718464
17 0.320359 0.800384 0.0835948 0.160245
17 0.162982 0.754167 0.0568791 0.150196
17 0.414355 0.79616 0.110539 0.15098
17 0.214101 0.76067 0.0913725 0.16317
17 0.267124 0.830376 0.0416667 0.102843
8 0.437279 0.077116 0.0445588 0.0675654
8 0.521936 0.124289 0.11469 0.201879
8 0.214935 0.27156 0.0666667 0.12567
8 0.365907 0.113995 0.143971 0.0519771
8 0.545359 0.13482 0.11781 0.105588
8 0.320539 0.241136 0.0393464 0.0681209
8 0.283922 0.258521 0.145523 0.261225
8 0.299592 0.111013 0.0223203 0.0363399
8 0.582843 0.144289 0.117614 0.243415
8 0.472525 0.241038 0.0389706 0.0720425
8 0.40808 0.0697958 0.0356373 0.0512908
8 0.271258 0.112819 0.0387255 0.0369118
8 0.395629 0.136356 0.0441013 0.159118
8 0.479722 0.113252 0.0944771 0.122451
8 0.345408 0.166953 0.0662092 0.172631
8 0.364306 0.227051 0.200343 0.217467
11 0.65915 0.705261 0.0882026 0.116667
11 0.600948 0.902328 0.186569 0.162598
11 0.725719 0.667868 0.11281 0.104918
11 0.70906 0.806552 0.033415 0.0476797
11 0.455106 0.906201 0.115931 0.106095
11 0.790351 0.817631 0.14116 0.144902
11 0.503317 0.783448 0.0880065 0.0493791
11 0.558922 0.802353 0.152418 0.145065
11 0.560964 0.711879 0.115882 0.104739
11 0.649592 0.821029 0.127941 0.116405
11 0.718954 0.891029 0.0751307 0.102059