34 0.887394 0.502328 0.021831 0.00903125
34 0.881843 0.550336 0.0214319 0.0156719
34 0.91527 0.509648 0.0253286 0.0233906
34 0.957735 0.533172 0.0311502 0.0195312
34 0.962746 0.503562 0.0240376 0.015125
34 0.933815 0.472086 0.0185211 0.0128281
34 0.989155 0.485352 0.0216901 0.0154531
34 0.894202 0.513617 0.0331925 0.0210469
34 0.931549 0.528023 0.0258216 0.0221719
34 0.890892 0.532289 0.026338 0.0175156
34 0.851972 0.514922 0.0262441 0.021125
34 0.932148 0.509383 0.0169718 0.0179531
34 0.976725 0.472352 0.0270188 0.0102656
34 0.88635 0.494789 0.0246714 0.0130781
34 0.845681 0.51018 0.0199061 0.00873437
34 0.946232 0.522141 0.0243897 0.0134375
34 0.920587 0.495047 0.0659624 0.0187187
34 0.978169 0.519547 0.0231455 0.0169375
34 0.985035 0.509031 0.0276291 0.0195
34 0.991878 0.543016 0.0142723 0.015125
34 0.925035 0.482727 0.0211502 0.00926562
34 0.920692 0.464141 0.02777 0.0159063
34 0.943157 0.506852 0.0167371 0.0124844