10 0.401375 0.649875 0.0396562 0.0407083
10 0.408695 0.680531 0.0372969 0.0469375
10 0.64157 0.607458 0.0324219 0.032875
10 0.423258 0.729563 0.0324219 0.0363333
10 0.51357 0.655104 0.0418594 0.0550417
10 0.489258 0.686927 0.0344219 0.0501458
10 0.523328 0.7175 0.0314063 0.042125
10 0.439523 0.649094 0.0313594 0.0448542
10 0.367133 0.686375 0.0515156 0.059
10 0.61968 0.54799 0.0252031 0.0319375
10 0.446766 0.606354 0.0344062 0.04225
10 0.376641 0.747479 0.0359063 0.0469167
10 0.636852 0.568875 0.0248594 0.0336667
10 0.682273 0.524937 0.0301719 0.0410417
10 0.527383 0.60201 0.0306406 0.0351042
10 0.659328 0.580333 0.027 0.032125
10 0.541023 0.584688 0.0168594 0.02775
10 0.572438 0.649427 0.0346875 0.0494375
10 0.564063 0.570854 0.0320937 0.0342917
10 0.583203 0.663604 0.0335 0.0495417
10 0.602305 0.614896 0.0313594 0.0415417
10 0.60757 0.587854 0.0274219 0.0355417
10 0.470422 0.65151 0.0319688 0.0426042
10 0.345289 0.740365 0.0334844 0.0440208
10 0.541273 0.690354 0.0238594 0.0416667
10 0.478891 0.604167 0.0324688 0.036
10 0.574297 0.60351 0.027625 0.0403958
10 0.625828 0.664729 0.0283438 0.0335417
10 0.440664 0.693917 0.0369531 0.041125
10 0.556031 0.616948 0.024375 0.0294792
10 0.620891 0.636208 0.028 0.0365417
10 0.539688 0.656354 0.0221875 0.0312917
10 0.458734 0.712969 0.0454688 0.0517292
10 0.344234 0.787417 0.0364688 0.0454583