14 0.09969 0.42612 0.07062 0.0364
14 0.02287 0.352867 0.04478 0.0886133
14 0.10606 0.289533 0.07076 0.09896
14 0.22753 0.40096 0.0533 0.06848
14 0.20593 0.475307 0.05782 0.0334933
14 0.13712 0.261293 0.09752 0.0580533
14 0.29871 0.364747 0.06306 0.052
14 0.30728 0.410467 0.02472 0.0332
14 0.2218 0.341587 0.05524 0.0603467
14 0.14803 0.35696 0.09546 0.0724267
14 0.28109 0.341413 0.06634 0.0577067
14 0.12955 0.334707 0.05978 0.0317067
14 0.01969 0.468947 0.03938 0.0780533
14 0.2018 0.546547 0.05864 0.0564
14 0.1618 0.407467 0.07604 0.102133
14 0.06972 0.48976 0.05284 0.0554667
14 0.18358 0.37692 0.05456 0.0349067
14 0.03827 0.302613 0.06174 0.0558933
14 0.09921 0.358333 0.00866 0.02536
14 0.2047 0.324107 0.01924 0.03024
14 0.04922 0.485253 0.04904 0.0546133
14 0.28586 0.434467 0.0296 0.0294667
14 0.25085 0.47576 0.06422 0.0828267
14 0.28744 0.381507 0.07676 0.0782667
14 0.05297 0.445253 0.05578 0.0797333
14 0.1685 0.303387 0.0764 0.05952
14 0.17631 0.48604 0.05982 0.03384
14 0.06806 0.3518 0.05788 0.0620533
14 0.18836 0.28064 0.04096 0.0428267
14 0.15372 0.499907 0.03472 0.02744
14 0.09307 0.481613 0.0439 0.07096
14 0.05302 0.3816 0.05384 0.0558933
14 0.14702 0.457693 0.0802 0.05896
14 0.2642 0.286693 0.04812 0.05712
14 0.24372 0.522747 0.04092 0.0446933
14 0.2733 0.414933 0.04632 0.0430933
14 0.12816 0.497093 0.03552 0.0391467
14 0.10144 0.390333 0.0596 0.0461067
14 0.02096 0.398147 0.01672 0.0636
14 0.14037 0.404227 0.0329 0.0243467