14 0.717155 0.563516 0.0970293 0.112406
14 0.860021 0.524367 0.148703 0.0989844
14 0.720941 0.764687 0.143933 0.0740625
14 0.961611 0.648875 0.0767782 0.0624375
14 0.851946 0.450898 0.119791 0.0684531
14 0.525146 0.700734 0.108117 0.0665
14 0.594592 0.462656 0.10772 0.06525
14 0.551161 0.403094 0.086046 0.06
14 0.945722 0.429508 0.108556 0.0928594
14 0.787343 0.765875 0.133515 0.0603125
14 0.655 0.647656 0.160293 0.0767812
14 0.555617 0.580352 0.122992 0.0598594
14 0.75409 0.879414 0.0934937 0.0686094
14 0.446475 0.179359 0.0861715 0.0376875
14 0.906496 0.716867 0.138473 0.0931406
14 0.427249 0.495375 0.100105 0.0722812
14 0.689289 0.689656 0.159331 0.0531875
14 0.97181 0.779148 0.0546234 0.0913281
14 0.70682 0.375508 0.0895816 0.0530781
14 0.852029 0.823977 0.143138 0.111547
14 0.494833 0.162688 0.0535565 0.0535937
14 0.711841 0.915352 0.149414 0.115047
14 0.69954 0.712891 0.153054 0.0594375
14 0.961883 0.472297 0.0743933 0.059375
14 0.673692 0.344359 0.102992 0.0784688
14 0.955492 0.604609 0.0890167 0.074875
14 0.75591 0.498844 0.0882218 0.075125
14 0.883504 0.760578 0.131067 0.0895937
14 0.827385 0.508945 0.133682 0.0977344
14 0.583285 0.487805 0.101674 0.0481719
14 0.551548 0.368656 0.115481 0.0925
14 0.734603 0.435023 0.0858996 0.0684531
14 0.450575 0.605594 0.125293 0.0938125
14 0.581412 0.536187 0.116423 0.0725625
14 0.693295 0.616219 0.152531 0.0980938
14 0.493441 0.146477 0.0874686 0.0390156
14 0.96682 0.610398 0.0635983 0.0544531
14 0.932019 0.651789 0.0717364 0.0374219
14 0.942929 0.568312 0.114142 0.0944062
14 0.929833 0.546828 0.140335 0.091375
14 0.644446 0.162344 0.184958 0.132719
14 0.541485 0.212711 0.0753975 0.0445156
14 0.614508 0.213641 0.178054 0.127719
14 0.897709 0.537164 0.152741 0.0962031
14 0.519236 0.656625 0.118013 0.047
14 0.76569 0.341531 0.118201 0.0639062
14 0.79682 0.3825 0.0839331 0.0380625
14 0.658138 0.958914 0.140586 0.0768281
14 0.78454 0.412859 0.111339 0.0515938
14 0.598285 0.403945 0.102929 0.0598281
14 0.833996 0.641281 0.154142 0.115375
14 0.237186 0.156672 0.0796444 0.04
14 0.392678 0.206281 0.0579916 0.0519063
14 0.709822 0.735266 0.149435 0.0643438
14 0.450617 0.459656 0.0619874 0.038375
14 0.652918 0.538203 0.0528661 0.0589688
14 0.578044 0.607469 0.108013 0.056875
14 0.53704 0.316437 0.0584728 0.089375
14 0.457395 0.55825 0.113285 0.0679375
14 0.509686 0.477859 0.0754812 0.108375
14 0.452657 0.257766 0.0440167 0.055375
14 0.980858 0.690641 0.0382845 0.0869375
14 0.33523 0.147492 0.0533054 0.0617031
14 0.618033 0.252797 0.0621339 0.0510625