14 0.266844 0.404938 0.0472813 0.0343333
14 0.643281 0.492729 0.0716563 0.091375
14 0.392156 0.786781 0.0801562 0.109521
14 0.475367 0.381219 0.0470781 0.0762292
14 0.477258 0.520375 0.0768594 0.0898333
14 0.310773 0.585594 0.0513906 0.0256042
14 0.369273 0.297438 0.0380781 0.025125
14 0.569844 0.407052 0.0569375 0.0643542
14 0.626219 0.778729 0.065875 0.050625
14 0.733117 0.584792 0.0673281 0.0997083
14 0.402219 0.48499 0.0294063 0.0558958
14 0.533164 0.865917 0.0439531 0.0307917
14 0.585617 0.570781 0.0720781 0.0849375
52 0.304313 0.495208 0.0688125 0.0822917
52 0.198867 0.639396 0.0794531 0.0895833
52 0.407664 0.342073 0.0460469 0.103813
52 0.477773 0.702229 0.0454531 0.0619583
52 0.565602 0.61276 0.0490469 0.0451875
52 0.543859 0.258937 0.0596875 0.104958
52 0.365305 0.606698 0.0894219 0.131271
52 0.544109 0.379094 0.0627812 0.0791875
52 0.53307 0.519042 0.0493594 0.0802917
52 0.272797 0.680563 0.0591875 0.0762917
52 0.2085 0.525948 0.0737812 0.0823958
52 0.532336 0.806354 0.0880781 0.08975
52 0.300289 0.614792 0.0371094 0.0495
52 0.504367 0.74475 0.0658594 0.0678333
52 0.460391 0.864458 0.0800625 0.097625
52 0.352219 0.876396 0.082375 0.0945
52 0.47582 0.261906 0.0617969 0.0421458
52 0.6775 0.580583 0.115844 0.104792
52 0.411133 0.560052 0.0673906 0.0985208
52 0.258984 0.628667 0.054125 0.0529583
52 0.57025 0.74024 0.0989688 0.128688
52 0.601578 0.242229 0.0650625 0.069125
52 0.661234 0.670938 0.0786563 0.084375
52 0.250313 0.423271 0.0667813 0.0709583
52 0.720719 0.650531 0.0515938 0.0618958
52 0.233547 0.734271 0.0819688 0.0614167
52 0.619578 0.581937 0.0231875 0.0512917
52 0.719852 0.344281 0.0378906 0.0792292
52 0.454992 0.482854 0.0502031 0.0435833
52 0.340977 0.76401 0.0391094 0.0211042
52 0.411828 0.721969 0.06125 0.0735208
52 0.2725 0.818646 0.0861563 0.065375
52 0.343156 0.433281 0.0513125 0.0836042
52 0.242102 0.562052 0.0784531 0.0918125
52 0.641266 0.402885 0.052375 0.0923542
52 0.506938 0.854135 0.0505938 0.0506042
52 0.659977 0.34551 0.0344844 0.0396875
52 0.306469 0.545604 0.0565312 0.055625
52 0.362898 0.478313 0.0653281 0.0929167
52 0.538047 0.660219 0.0891875 0.107854
52 0.306648 0.646708 0.0517656 0.078375
52 0.590805 0.314708 0.0941719 0.12325
52 0.711773 0.410635 0.0560781 0.0614792
17 0.570703 0.0874375 0.0436875 0.0423333
17 0.332445 0.801281 0.0494219 0.0563958
17 0.611719 0.736094 0.0782188 0.0650625
17 0.239477 0.669302 0.0423594 0.0753125
17 0.572547 0.0468021 0.0396562 0.0278958
17 0.796109 0.463198 0.0462813 0.0644375
17 0.562789 0.0203125 0.0507656 0.0364167
17 0.662781 0.294375 0.0616563 0.0551667
17 0.417063 0.47674 0.0318125 0.0541875
17 0.788234 0.232583 0.0325625 0.08575
17 0.427539 0.659938 0.0637969 0.0785833
17 0.515469 0.561417 0.025375 0.015125
17 0.596555 0.51524 0.0586406 0.0466458
17 0.679789 0.0626979 0.0405781 0.0494792
17 0.595023 0.807719 0.0394219 0.0507708
17 0.529891 0.08525 0.0507812 0.05
17 0.773508 0.198854 0.0280469 0.0396667
17 0.770516 0.525635 0.042875 0.0456458
17 0.479391 0.459 0.0295938 0.0324583
17 0.282953 0.723625 0.0275 0.0178333
17 0.755797 0.50951 0.0525937 0.0572292
17 0.449227 0.323823 0.0379531 0.0374792
17 0.443328 0.284052 0.11175 0.0633958
17 0.332883 0.598865 0.0309844 0.0586875
17 0.314492 0.724167 0.0432031 0.042125
17 0.750227 0.374156 0.0438906 0.101229
17 0.490914 0.806156 0.0401406 0.0513958
17 0.441109 0.607156 0.0676875 0.0294792
17 0.433188 0.0643646 0.0588125 0.0361042
17 0.501312 0.0331146 0.03325 0.0421458
17 0.640469 0.199229 0.0388437 0.035375
17 0.483727 0.0463229 0.0267656 0.0175625