3 0.402641 0.297339 0.101437 0.100665
3 0.580523 0.309812 0.0830469 0.106231
3 0.793344 0.436397 0.100094 0.0972284
3 0.281727 0.432395 0.121953 0.107627
3 0.562008 0.595377 0.105922 0.0962528
3 0.575586 0.501053 0.0620156 0.0766962
3 0.290633 0.674834 0.162359 0.172195
3 0.642297 0.768814 0.152125 0.187251
3 0.522461 0.492738 0.0927969 0.0874279
43 0.794125 0.5302 0.0498125 0.07051
43 0.192961 0.444534 0.0394844 0.0640133
43 0.789195 0.609047 0.0232344 0.0856319
43 0.357148 0.375765 0.104672 0.04949
43 0.454359 0.706153 0.1655 0.152306
43 0.456633 0.354058 0.0297031 0.0428381
43 0.526641 0.735521 0.0826563 0.0420843
43 0.194102 0.522251 0.103672 0.080643
43 0.629117 0.453448 0.0430469 0.0340798
43 0.268594 0.735255 0.0312187 0.06949
43 0.757086 0.407949 0.0595469 0.0471619
43 0.654773 0.324922 0.0301719 0.0298448
43 0.697867 0.820188 0.0818906 0.229069
43 0.594633 0.669191 0.0637031 0.0480488
43 0.375758 0.556563 0.0451406 0.0641685
43 0.500437 0.317129 0.0428125 0.0570953
43 0.366633 0.345133 0.0396094 0.043082
43 0.211008 0.456973 0.0300469 0.0621951
43 0.651703 0.57551 0.0362813 0.021796
43 0.697984 0.398548 0.0727187 0.0820177
43 0.692375 0.380111 0.0795312 0.0360089
43 0.677539 0.355421 0.0584531 0.0517738
43 0.826008 0.527062 0.0572656 0.103969
43 0.358117 0.371397 0.0875156 0.0433259
43 0.758258 0.500133 0.0434844 0.084878
43 0.671719 0.307129 0.105406 0.0414856
43 0.355281 0.733381 0.0310312 0.0230377
43 0.514773 0.427129 0.0588281 0.0707539
43 0.832992 0.664468 0.0860156 0.0381596