42 0.424437 0.69279 0.027375 0.0458998
42 0.515609 0.696446 0.0379375 0.0413667
42 0.508398 0.673075 0.0234531 0.0341686
42 0.431516 0.657745 0.028 0.0272893
42 0.432281 0.695672 0.0254375 0.0540774
42 0.504297 0.757745 0.020875 0.0473804
42 0.525438 0.659271 0.0207813 0.034533
42 0.547492 0.695091 0.0242969 0.0367426
42 0.565125 0.682437 0.0101563 0.0375854
42 0.458805 0.680649 0.0314219 0.0261731
42 0.466625 0.661891 0.034875 0.0210023
42 0.476859 0.683223 0.011625 0.0230296
42 0.48925 0.753109 0.01425 0.0535991
42 0.50868 0.792358 0.0208906 0.0231663
42 0.470953 0.743485 0.02375 0.0465604
42 0.554102 0.670205 0.0214844 0.0218223
42 0.447633 0.726743 0.0103281 0.0364009
42 0.53957 0.700251 0.0149531 0.0228246
42 0.484844 0.707528 0.0277813 0.0384282
42 0.477328 0.633508 0.0344687 0.0248747
42 0.501422 0.640228 0.0331562 0.0277904
42 0.5485 0.756298 0.0167187 0.03041
42 0.449227 0.650752 0.0128281 0.0259226
42 0.487227 0.671788 0.0123281 0.0335991
42 0.456703 0.658144 0.0105938 0.00671982
42 0.437688 0.713986 0.0262188 0.0348975
42 0.518953 0.766674 0.0135 0.0405467
42 0.562742 0.749237 0.0270156 0.0466743
42 0.540031 0.655718 0.0256563 0.0314351
42 0.560367 0.704932 0.0117969 0.0192483
42 0.473148 0.619852 0.0313281 0.0246241
42 0.500633 0.725478 0.0126719 0.0151481
42 0.498547 0.688303 0.0163438 0.0218451
42 0.521359 0.636002 0.0190312 0.0139636
42 0.482844 0.648633 0.022875 0.0241002
42 0.493508 0.719977 0.0135469 0.0190433
42 0.515539 0.737756 0.0158906 0.0278132
42 0.462961 0.707107 0.0216094 0.0295672
42 0.513891 0.721686 0.0139063 0.0123007
52 0.611906 0.543929 0.03525 0.0269932
52 0.600656 0.565342 0.0248125 0.0202506
52 0.460766 0.564453 0.0653438 0.0632118
52 0.499922 0.495216 0.0188125 0.0296583
52 0.622273 0.603861 0.0331094 0.0307745
52 0.542922 0.536925 0.026875 0.0222323
52 0.42943 0.521503 0.0460781 0.0761731
52 0.666984 0.603474 0.00984375 0.00922551
52 0.520367 0.486674 0.0137656 0.0169476
52 0.499195 0.482289 0.0307656 0.0209339
52 0.525 0.572027 0.0636562 0.0609567
52 0.668375 0.631481 0.0182812 0.0304784
52 0.533898 0.523144 0.0322656 0.03959
52 0.650195 0.617027 0.0211094 0.045672
52 0.635891 0.582825 0.0144687 0.036492
52 0.455797 0.489761 0.0346562 0.0307745
52 0.469992 0.474727 0.0334219 0.024123
52 0.484672 0.495182 0.0177813 0.0148747
52 0.602766 0.634522 0.0415312 0.0400228
52 0.464789 0.507745 0.0346719 0.021549
52 0.489727 0.534806 0.0268594 0.0365376
52 0.507445 0.524021 0.0221719 0.0433485
52 0.584453 0.564601 0.0266562 0.0277904
52 0.484594 0.540706 0.02675 0.0423235
52 0.633945 0.623246 0.0272969 0.0122779
52 0.595445 0.618804 0.0374531 0.0438952
52 0.600469 0.587255 0.0192812 0.0266287
52 0.526445 0.522984 0.0283906 0.0392255
52 0.564312 0.559829 0.0212812 0.0348747
52 0.631047 0.576526 0.0149687 0.0332802
52 0.455758 0.520911 0.0109219 0.0081549
62 0.232141 0.918303 0.0218125 0.0648975
62 0.375203 0.782688 0.017375 0.0489294
62 0.21918 0.887756 0.0476406 0.0366515
62 0.350555 0.913155 0.0505156 0.0397494
62 0.399062 0.730421 0.0292812 0.0536446
62 0.334813 0.917118 0.0314688 0.0307745
62 0.295148 0.923223 0.0394219 0.0725968
62 0.393414 0.834795 0.0467969 0.0397494
62 0.369805 0.874989 0.0446406 0.0518451
62 0.351117 0.885695 0.0407344 0.0451936
62 0.257617 0.915877 0.0309219 0.0729385
62 0.410922 0.745114 0.0256875 0.0530979
62 0.405047 0.798303 0.027625 0.0648975
62 0.296063 0.879317 0.03525 0.0345786
62 0.267891 0.847938 0.0291563 0.0597494
62 0.157039 0.795421 0.0352344 0.0398178
62 0.349477 0.681526 0.0261094 0.0241458
62 0.370555 0.694169 0.0327344 0.0305239