38 0.614587 0.865008 0.232126 0.121609
38 0.687638 0.385437 0.0590945 0.0418125
38 0.273465 0.380438 0.121772 0.1195
38 0.476929 0.608516 0.071063 0.0556562
38 0.650187 0.526992 0.0878543 0.0387344
38 0.369429 0.345703 0.0694488 0.0474375
38 0.354232 0.606875 0.0962598 0.0895
38 0.599439 0.361086 0.143878 0.115734
38 0.499144 0.664172 0.0820276 0.0359688
38 0.279882 0.586922 0.088189 0.0733437
38 0.759911 0.596742 0.0622638 0.0497656
38 0.794439 0.548039 0.0303346 0.0262969
38 0.424754 0.332406 0.0471457 0.0579063
38 0.764341 0.559117 0.0868701 0.0514531
57 0.756929 0.79875 0.114646 0.104031
57 0.794862 0.726406 0.111693 0.109438
57 0.568307 0.751945 0.17248 0.127953
57 0.677421 0.748352 0.118031 0.126547
59 0.436663 0.300164 0.0449016 0.0215469
59 0.808199 0.498305 0.0947441 0.0494531
59 0.699862 0.445383 0.11689 0.0947031
59 0.398307 0.554734 0.110315 0.0637812
59 0.7306 0.534289 0.0599409 0.0421406
59 0.59186 0.461391 0.112067 0.0956562
59 0.398474 0.669727 0.0890354 0.0763594
59 0.570719 0.60857 0.179823 0.0778281
59 0.469823 0.474867 0.0659449 0.115109
5 0.55814 0.510555 0.134035 0.0973281
5 0.470118 0.499266 0.176732 0.155844
5 0.514537 0.624234 0.0936811 0.05925
5 0.671319 0.447617 0.178937 0.143609