23 0.253812 0.763473 0.178531 0.35711
23 0.184211 0.728462 0.118328 0.364196
23 0.13807 0.7562 0.144766 0.376457
5 0.368227 0.555629 0.0572031 0.0902331
5 0.32307 0.525396 0.0507031 0.0855711
5 0.314852 0.593473 0.0558281 0.0699301
47 0.267125 0.264009 0.0525625 0.0793939
47 0.309914 0.308217 0.0550469 0.0828671
47 0.293648 0.428497 0.0487031 0.0893007
47 0.321922 0.251737 0.059375 0.0891142
47 0.256859 0.310361 0.0510938 0.0615152
47 0.363664 0.306935 0.0527969 0.0829604
47 0.299109 0.364266 0.05925 0.0802331
47 0.369531 0.245769 0.0353438 0.0641725
14 0.143547 0.481364 0.0408437 0.11965
14 0.0922656 0.472366 0.0609062 0.224545
14 0.043875 0.519522 0.053875 0.156993
14 0.0611641 0.491422 0.0533594 0.166294
14 0.105305 0.468054 0.0452031 0.159883
1 0.697102 0.683473 0.0648281 0.0968298
1 0.665328 0.763019 0.0678125 0.102448
1 0.63382 0.630932 0.0601406 0.0903963
1 0.57057 0.623601 0.0606406 0.0999767
1 0.611062 0.705012 0.0664375 0.102145
1 0.689344 0.594779 0.067 0.0978555
42 0.542992 0.418217 0.0585469 0.112984
42 0.534344 0.347786 0.05025 0.078042
42 0.619508 0.457203 0.0888906 0.128904
42 0.62318 0.36134 0.0562969 0.0834266
42 0.597484 0.408007 0.0712187 0.116294
42 0.57332 0.335117 0.0592344 0.0661305