38 0.355234 0.325296 0.0706563 0.090752
38 0.0876016 0.680808 0.0582031 0.087792
38 0.385555 0.77432 0.0660156 0.058624
38 0.290891 0.747704 0.0489687 0.058288
38 0.253406 0.357648 0.0694063 0.051936
38 0.317742 0.39996 0.0793281 0.041456
38 0.484344 0.334672 0.0505938 0.037312
38 0.398719 0.258248 0.0488125 0.076464
38 0.231844 0.295392 0.0377188 0.035424
38 0.300805 0.270952 0.0259844 0.019536
38 0.378062 0.269992 0.0158438 0.034608
38 0.386172 0.607304 0.0552813 0.077264
38 0.440539 0.379368 0.0328594 0.035408