19 0.364547 0.684833 0.030125 0.0427083
19 0.394562 0.730167 0.0328437 0.0388333
19 0.383359 0.66525 0.0136562 0.0213333
19 0.335898 0.687281 0.0296094 0.0338958
19 0.430625 0.657823 0.0275938 0.0298125
19 0.418336 0.712604 0.0336094 0.039125
19 0.303695 0.761563 0.0305469 0.0464167
19 0.33218 0.744958 0.0266406 0.039125
19 0.305742 0.729344 0.0272031 0.0323125
19 0.349883 0.741448 0.0279844 0.0287708
19 0.494766 0.692271 0.03925 0.036375
19 0.446898 0.690323 0.0298906 0.0462708
19 0.465031 0.668229 0.031625 0.0454583
19 0.397633 0.692969 0.0346406 0.0392292
19 0.385 0.648021 0.029 0.0217083
19 0.399203 0.663052 0.0262188 0.0316875
19 0.512813 0.654323 0.0219062 0.0226042
14 0.693531 0.661021 0.0121875 0.028375
14 0.709453 0.722479 0.0175625 0.053125
14 0.713219 0.645854 0.013875 0.00945833
14 0.67218 0.672646 0.00995313 0.0194167
14 0.678391 0.67051 0.0193437 0.0301875
14 0.253594 0.44024 0.0104688 0.00997917
38 0.0732187 0.438802 0.089625 0.0615625
38 0.606875 0.717844 0.061875 0.0887292
38 0.143836 0.396708 0.0216406 0.0458333
38 0.586 0.838177 0.13925 0.156687