11 0.343875 0.253505 0.157031 0.111495
11 0.521906 0.33611 0.0780625 0.0729673
11 0.602547 0.206729 0.240594 0.352664
11 0.676469 0.52639 0.1685 0.254322
11 0.505148 0.158551 0.114922 0.130748
14 0.645977 0.425526 0.272391 0.152921
14 0.804625 0.176215 0.35075 0.343925
14 0.480922 0.0791005 0.114688 0.131752
14 0.396391 0.264556 0.2215 0.19215
14 0.559914 0.346157 0.0834219 0.0523131
14 0.759883 0.5825 0.0752969 0.156355
14 0.429 0.168376 0.06775 0.088715
15 0.866211 0.528364 0.264609 0.315
15 0.852437 0.286157 0.295125 0.316939