52 0.470953 0.288975 0.133937 0.0337657
52 0.219039 0.214854 0.0782969 0.128577
52 0.75707 0.291318 0.0877344 0.0580753
52 0.152352 0.22227 0.0534844 0.0977615
52 0.858523 0.367772 0.0974531 0.101527
52 0.101328 0.409195 0.123937 0.141318
52 0.439375 0.187877 0.05 0.0428243
52 0.0910469 0.338002 0.118031 0.0842887
52 0.37375 0.212699 0.0846875 0.134812
52 0.516555 0.222343 0.0574844 0.0687448
52 0.479805 0.266297 0.122859 0.0343933
52 0.308031 0.183818 0.0770938 0.0514435
52 0.493086 0.321412 0.181609 0.0982218
52 0.174766 0.288891 0.0594688 0.0609205
52 0.453875 0.170094 0.0818438 0.0564226
52 0.0905 0.282667 0.0603437 0.0666736
52 0.244195 0.212238 0.0438594 0.0353138
52 0.248281 0.249111 0.0951875 0.110607
52 0.216594 0.344132 0.138156 0.12818
52 0.11293 0.248431 0.0870781 0.0959414