23 0.366844 0.1975 0.0261562 0.024375
23 0.201898 0.618844 0.0452344 0.0671042
23 0.1665 0.590885 0.0408437 0.0621875
23 0.300797 0.527698 0.0364688 0.0416875
23 0.426922 0.356594 0.0261562 0.0320625
23 0.128898 0.383375 0.0399844 0.0495
23 0.461266 0.283667 0.0277813 0.03175
23 0.156 0.508958 0.0112187 0.0181667
23 0.178711 0.367844 0.0373906 0.0490208
23 0.112406 0.489667 0.0340312 0.0495
23 0.580219 0.248083 0.0266875 0.0419583
23 0.34325 0.570771 0.0209688 0.0384583
23 0.694961 0.215562 0.0307656 0.0371667
23 0.487844 0.428625 0.02875 0.0374583
23 0.558344 0.240542 0.0181875 0.026875
23 0.0999219 0.408927 0.0275313 0.0443125
23 0.298211 0.31051 0.00857813 0.0114375
23 0.469094 0.48376 0.0225 0.0342292
23 0.558359 0.214625 0.0156875 0.0349583
23 0.565461 0.269969 0.0330469 0.0320208
23 0.412828 0.380135 0.0207188 0.0229792
23 0.405734 0.111542 0.0344687 0.0525833
23 0.48075 0.059875 0.0375 0.05
23 0.353563 0.132604 0.0468438 0.0560417
23 0.45107 0.092875 0.0834531 0.0620417
23 0.130742 0.439021 0.0371094 0.0600417
23 0.381805 0.596083 0.0286406 0.0382083
23 0.363023 0.171302 0.0148281 0.0284792
23 0.439797 0.143104 0.041125 0.037375
23 0.423547 0.297229 0.0364063 0.0427917
14 0.610961 0.411135 0.0310156 0.0143542
14 0.476477 0.780521 0.0371094 0.118458
14 0.842961 0.439927 0.0247969 0.0792292
14 0.564984 0.628198 0.0155625 0.0256458
14 0.766 0.511281 0.014625 0.0194792
14 0.712766 0.898438 0.0771563 0.0579167
14 0.6615 0.842083 0.0352188 0.0556667
14 0.58732 0.707198 0.0153594 0.0209375
14 0.577813 0.825875 0.004125 0.0139583
14 0.543273 0.693937 0.0282969 0.0315
14 0.523289 0.539167 0.0152031 0.086
14 0.556852 0.513271 0.0380781 0.170375
14 0.520625 0.491333 0.0323125 0.0779583
14 0.561773 0.847062 0.0318906 0.0193333
14 0.622492 0.837 0.0515781 0.096375
14 0.704078 0.828594 0.0434688 0.117188
14 0.567234 0.952729 0.0358125 0.0912917
14 0.67093 0.879042 0.0380469 0.048125
14 0.625609 0.623146 0.0523125 0.023875
14 0.720938 0.747448 0.039625 0.113604
14 0.644344 0.525031 0.015375 0.0267708
14 0.750133 0.485531 0.0230156 0.0579375
14 0.735289 0.553385 0.0397969 0.0405208
14 0.809523 0.467052 0.0577344 0.0564792
14 0.636977 0.468302 0.0335156 0.0116458
14 0.827211 0.544615 0.0460156 0.0410208
14 0.71568 0.505969 0.0229531 0.0731458
14 0.511141 0.601021 0.0190312 0.0830833
14 0.694266 0.906917 0.074625 0.04
14 0.663305 0.484073 0.0383594 0.0354375
14 0.881789 0.67176 0.0574531 0.0371875
14 0.598875 0.729458 0.0220938 0.085375
14 0.471336 0.903469 0.0628906 0.0243542
14 0.664758 0.682365 0.0123594 0.0407292
14 0.851609 0.426979 0.00865625 0.0220417
14 0.597641 0.356667 0.0349687 0.0505417
14 0.490227 0.62275 0.0275781 0.110583
14 0.613391 0.548438 0.0299687 0.0635
14 0.552008 0.665198 0.0160781 0.0217708
14 0.679313 0.599615 0.030375 0.101813
14 0.835477 0.598365 0.0590469 0.0539375
14 0.754219 0.688937 0.0349375 0.08025
14 0.706414 0.568781 0.0251094 0.0565208
14 0.661672 0.370927 0.0227812 0.0242292
14 0.779523 0.593719 0.0257656 0.0428125
14 0.642086 0.439771 0.0435156 0.0332917
14 0.481609 0.889302 0.030375 0.0112292
14 0.662609 0.822875 0.020375 0.0220833
14 0.80093 0.380708 0.0107656 0.015375
14 0.751117 0.776021 0.0329844 0.03275
14 0.616281 0.365667 0.0301875 0.0189167
14 0.733094 0.368313 0.043125 0.0280833
14 0.618078 0.356281 0.0121563 0.00860417
14 0.733828 0.837812 0.00903125 0.0433333
14 0.819219 0.401521 0.0315 0.0654583
14 0.857391 0.503969 0.0476875 0.0494792
14 0.640398 0.758104 0.0587656 0.092625
14 0.822492 0.442073 0.0200781 0.0568958
14 0.619508 0.736406 0.0253906 0.0194792
14 0.695273 0.769615 0.0422969 0.0853958
14 0.739789 0.800719 0.0617969 0.0476458
14 0.817922 0.531188 0.0270937 0.0250833
14 0.638453 0.605125 0.0613437 0.0712917
14 0.564023 0.404906 0.0396094 0.0484375
14 0.785133 0.348844 0.0403906 0.0294792
14 0.735023 0.353604 0.0221406 0.00854167
14 0.86025 0.718813 0.02475 0.0665417
14 0.691453 0.631823 0.0363438 0.0143542
14 0.729039 0.425615 0.0280781 0.0989792
14 0.761492 0.421031 0.0192344 0.0298958
14 0.499805 0.602344 0.0192969 0.141021
14 0.611117 0.885823 0.0186094 0.0248125
14 0.662367 0.40674 0.0438906 0.0355625
14 0.633883 0.718708 0.0272969 0.0454167
14 0.519023 0.746 0.0183281 0.0429583
14 0.733883 0.618073 0.0694219 0.0756458
14 0.681055 0.348323 0.0267969 0.0191042
14 0.543562 0.560635 0.025 0.0274375
14 0.526578 0.456354 0.0461562 0.0333333
14 0.576336 0.571156 0.00942187 0.0376875
14 0.576414 0.476198 0.0100781 0.0251875
14 0.770562 0.859875 0.057125 0.054625
14 0.768836 0.553573 0.0366406 0.0233958
14 0.82818 0.371104 0.0178594 0.047625
14 0.616906 0.495219 0.0165937 0.0458958
14 0.561602 0.895396 0.0219531 0.03
43 0.308695 0.646115 0.0758594 0.0799792
43 0.471094 0.373167 0.0538438 0.0630833
8 0.251344 0.620385 0.441844 0.275646
8 0.446617 0.217021 0.302172 0.427708