22 0.965172 0.428462 0.0696563 0.125094
22 0.931477 0.496279 0.0749844 0.0800704
22 0.98257 0.500176 0.0331406 0.0824648
51 0.272625 0.482007 0.0474687 0.0510563
51 0.280328 0.510246 0.0437813 0.044061
51 0.24907 0.4173 0.0485781 0.0692019
51 0.278359 0.431338 0.0596563 0.0698592
51 0.328258 0.452653 0.0672031 0.0734272
51 0.211031 0.521843 0.0952812 0.0678638
51 0.183695 0.499507 0.0384219 0.0451174
51 0.216266 0.463838 0.03575 0.0499765
51 0.224844 0.490211 0.0594063 0.0742254
39 0.185102 0.582242 0.0198281 0.0291784
39 0.141125 0.592394 0.0171875 0.00957746
39 0.0553438 0.589401 0.0271562 0.0330282
39 0.12243 0.584261 0.0235469 0.0270657
39 0.0515859 0.560904 0.0247031 0.0266901
39 0.0953672 0.523122 0.0262344 0.0313615
39 0.0387734 0.585763 0.0224844 0.0362676
39 0.161945 0.586491 0.0264531 0.0218075
39 0.100141 0.554648 0.0239375 0.0346009
39 0.0833047 0.537981 0.0231406 0.0230516
39 0.121148 0.562406 0.0288906 0.0372066
39 0.0756172 0.582254 0.0247344 0.0335211
39 0.12593 0.536631 0.0192031 0.018615
39 0.172055 0.565094 0.0139844 0.0341315
39 0.157117 0.563932 0.0245781 0.0328873
39 0.07625 0.55493 0.0264375 0.0335211
39 0.062375 0.539953 0.020875 0.0258216
39 0.100469 0.584448 0.0233437 0.029507
39 0.0194844 0.602923 0.0254375 0.0219953
39 0.139672 0.546948 0.0254063 0.036385
3 0.36182 0.581843 0.0316719 0.0434507
3 0.474719 0.602688 0.0330312 0.020493
3 0.452891 0.580164 0.0403437 0.0582629
3 0.461484 0.547007 0.039 0.0554225
3 0.417789 0.584272 0.0336719 0.0493427
3 0.344234 0.577336 0.0254375 0.0405869
3 0.420609 0.550176 0.0376563 0.0426056
3 0.519414 0.603146 0.0272656 0.0259624
3 0.363055 0.602852 0.0288594 0.0223239
3 0.431625 0.604437 0.0287187 0.0115023
3 0.395961 0.604178 0.0223594 0.0129577
3 0.388289 0.587465 0.0292969 0.0489671
3 0.492508 0.586209 0.0369219 0.0472066
3 0.391086 0.548345 0.0321719 0.0464085
3 0.33768 0.606455 0.0256094 0.0299061
1 0.230547 0.593533 0.0165 0.0254695
1 0.251609 0.590775 0.0301563 0.0300939
1 0.227617 0.569366 0.0239531 0.0294836
1 0.173484 0.606232 0.0245625 0.0165493
1 0.189727 0.585047 0.0174531 0.0361033
1 0.210883 0.593932 0.0295781 0.0328404
1 0.265328 0.584683 0.029875 0.0421362
1 0.210594 0.569484 0.02825 0.0365728
1 0.19007 0.605986 0.0161094 0.0102347