14 0.207711 0.372073 0.0669531 0.115621
14 0.17268 0.581464 0.0556406 0.100398
14 0.143891 0.825738 0.0395937 0.174707
14 0.262484 0.700363 0.0695313 0.177775
14 0.816484 0.667155 0.0605313 0.139415
14 0.242891 0.83041 0.0585 0.0607728
14 0.70443 0.849438 0.0433906 0.0650585
14 0.114156 0.450679 0.0667188 0.147916
14 0.654375 0.399696 0.0518438 0.0337705
14 0.584781 0.829415 0.0478438 0.070726
14 0.37757 0.95404 0.0683906 0.0494848
14 0.233078 0.487822 0.0255 0.0385948
14 0.0603672 0.693747 0.0350156 0.0973302
14 0.350469 0.662717 0.0863125 0.136534
14 0.599828 0.804426 0.076125 0.127026
14 0.420008 0.684508 0.158891 0.0871897
14 0.603781 0.638326 0.0466562 0.14466
14 0.686422 0.592295 0.0477812 0.0807963
14 0.726391 0.719965 0.080125 0.0681265
14 0.264734 0.365597 0.0915625 0.174426
14 0.651555 0.706007 0.0607656 0.0835831
14 0.342969 0.583103 0.03825 0.0604918