1 0.576961 0.772982 0.0512745 0.0474673
1 0.226961 0.443734 0.0646405 0.065866
1 0.411781 0.592908 0.0628758 0.0386601
1 0.331781 0.975384 0.0505229 0.0461601
1 0.0310948 0.566658 0.0498366 0.0721732
1 0.354869 0.398374 0.0468954 0.0316176
1 0.441005 0.622819 0.0638399 0.0579575
1 0.706658 0.370033 0.0279248 0.0265033
1 0.746144 0.410449 0.0365033 0.0272386
1 0.0593056 0.307132 0.0374346 0.0238399
1 0.689477 0.345 0.0284641 0.0315359
1 0.65634 0.390899 0.0378105 0.0269281
1 0.729616 0.26799 0.0256699 0.0238235
1 0.395694 0.676577 0.0763562 0.0795915
1 0.83473 0.547059 0.0099183 0.0221569
1 0.771413 0.323644 0.0258987 0.0179412
1 0.40594 0.966405 0.0740033 0.0671895
1 0.489338 0.606152 0.0661601 0.0676961
1 0.687827 0.376732 0.034183 0.0321242
1 0.573652 0.289804 0.026781 0.028366
1 0.259412 0.319616 0.0315359 0.0387092
1 0.297606 0.431446 0.0514542 0.0560948
1 0.267222 0.686038 0.0715033 0.0683824
1 0.490229 0.850792 0.0618954 0.0456373
1 0.543186 0.266152 0.0369281 0.0374346
1 0.729085 0.67192 0.0384641 0.0479575
1 0.761029 0.610809 0.0276144 0.024232
1 0.721846 0.617614 0.0299673 0.0316013
1 0.396136 0.408464 0.0520425 0.0482026
1 0.0288317 0.507827 0.0474346 0.0751307
1 0.477802 0.545637 0.0338399 0.0230719
1 0.708725 0.428807 0.0465686 0.0375817
1 0.368194 0.953235 0.030768 0.0417974
1 0.846912 0.528333 0.0233333 0.0269281
1 0.624477 0.286078 0.0317974 0.0233333
1 0.832083 0.371291 0.0258987 0.0150327
1 0.40402 0.454502 0.0491503 0.0463889
1 0.809052 0.417541 0.0389869 0.0374346
1 0.280515 0.503709 0.0710294 0.0581699
1 0.787868 0.319232 0.0228268 0.0179412
1 0.848995 0.398529 0.0289706 0.02
1 0.78241 0.42156 0.0385131 0.0303758
1 0.640408 0.715817 0.0493791 0.0509804
1 0.208783 0.277304 0.0582516 0.0403268
1 0.367941 0.986078 0.0559804 0.025915
1 0.337827 0.690065 0.0788235 0.0697712
1 0.461667 0.584706 0.0433333 0.0329739
1 0.281413 0.757386 0.0662582 0.0872222
1 0.573554 0.55969 0.0513889 0.0533007
1 0.730948 0.451511 0.0482026 0.0333824
1 0.643521 0.365041 0.0411601 0.034134
1 0.714281 0.33969 0.0296732 0.0251634
1 0.0263562 0.332672 0.0514052 0.0657026
1 0.685743 0.448717 0.0489706 0.0379575
1 0.750866 0.435384 0.0370261 0.0310948
1 0.163333 0.781716 0.0361438 0.0746078
1 0.248194 0.273717 0.0360621 0.0380229
1 0.291332 0.312034 0.0457353 0.0457353
1 0.604371 0.726585 0.0462908 0.0370261
1 0.660539 0.278578 0.0190196 0.027549
1 0.443668 0.934289 0.0706373 0.0696242
1 0.775163 0.592704 0.0323856 0.0356373
1 0.351577 0.478464 0.0579575 0.0502614
1 0.345899 0.430686 0.0576797 0.0551307
1 0.856904 0.485131 0.0194935 0.0169281
1 0.513137 0.825694 0.0464052 0.049232
1 0.801422 0.335817 0.0211765 0.021732
1 0.261797 0.461462 0.0653922 0.0597549
1 0.221675 0.525662 0.0576634 0.0706373
1 0.320768 0.499624 0.0451307 0.0571895
1 0.736013 0.335637 0.0266667 0.0230719
1 0.673717 0.385948 0.0279575 0.0302614
1 0.226054 0.31781 0.0447549 0.0510784
1 0.251683 0.693562 0.071732 0.0528758
1 0.592892 0.286389 0.0366993 0.0276144
1 0.60835 0.357606 0.0414052 0.0394608
1 0.166642 0.684592 0.0478922 0.0352941
1 0.782614 0.436413 0.0287255 0.0256373
1 0.500768 0.56844 0.0610131 0.0511601
1 0.221953 0.762582 0.0995588 0.0960131
1 0.6621 0.353717 0.0353758 0.0361601
1 0.174894 0.615417 0.0200817 0.0594935
1 0.881724 0.465931 0.0221732 0.0254575
1 0.510294 0.260768 0.0333333 0.0323203
1 0.324886 0.636046 0.0788562 0.0712745
1 0.39344 0.621544 0.0476961 0.0410294
1 0.255842 0.652753 0.0667484 0.0338725
1 0.18402 0.275204 0.0205229 0.0343627
1 0.773889 0.347369 0.0201307 0.0208497
1 0.404959 0.908685 0.0476634 0.0479902
1 0.826528 0.391569 0.019232 0.0189869
1 0.107067 0.333913 0.0389052 0.0345261
1 0.803391 0.580123 0.0347549 0.0325654
1 0.853644 0.38723 0.0330719 0.0205065
1 0.434984 0.448824 0.0476144 0.0531046
1 0.572541 0.261536 0.0305065 0.0261438
1 0.147026 0.27384 0.064183 0.0610458
1 0.170686 0.470515 0.0715359 0.0630882
1 0.783382 0.557443 0.0330719 0.0425654
1 0.2875 0.272802 0.0482026 0.0474346
1 0.732925 0.361283 0.0246078 0.0276961
1 0.518889 0.288415 0.0292484 0.034281
1 0.534592 0.782688 0.0330719 0.0376961
1 0.866716 0.479918 0.0227778 0.0213725
1 0.0685621 0.333644 0.05 0.0564052
1 0.642958 0.28076 0.030098 0.0264542
1 0.364297 0.608587 0.035719 0.0201144
1 0.698317 0.254363 0.0230719 0.0153922
1 0.144355 0.32531 0.0638399 0.0551307
1 0.184371 0.722484 0.080768 0.0817974
1 0.760237 0.352435 0.0189706 0.0243464
1 0.0972304 0.284338 0.0543954 0.0682516
1 0.549722 0.581258 0.0382026 0.0268301
1 0.307312 0.46924 0.0327288 0.0211601
1 0.679379 0.258088 0.0286275 0.0168627
1 0.773374 0.397819 0.0394935 0.0243627
1 0.253391 0.297917 0.0341013 0.019232
1 0.0254412 0.28442 0.0508824 0.0500163
1 0.175302 0.529943 0.0754085 0.074951
1 0.599085 0.259101 0.0335948 0.0269281
1 0.741258 0.646961 0.0347386 0.0313072
1 0.334314 0.277745 0.0446078 0.0261438
1 0.518824 0.552181 0.0530719 0.0443627
1 0.73844 0.597688 0.0212908 0.0225654
1 0.698815 0.273913 0.0194935 0.0227614
1 0.19357 0.320637 0.0553758 0.0566667