42 0.464109 0.551458 0.0504062 0.054875
42 0.705445 0.568552 0.0597344 0.0851042
42 0.650969 0.712802 0.0918438 0.0806458
42 0.624906 0.648333 0.0686875 0.0705
42 0.683414 0.648 0.0622969 0.115375
42 0.235922 0.405313 0.075125 0.0635
42 0.605375 0.371844 0.063375 0.0396458
42 0.551961 0.703615 0.0985156 0.0957708
42 0.757344 0.465385 0.0638438 0.0528125
42 0.647609 0.592667 0.0476875 0.0569167
42 0.425945 0.338583 0.0694219 0.0484583
42 0.364344 0.335562 0.072125 0.0682083
42 0.296695 0.414469 0.0186094 0.0514792
42 0.470664 0.280375 0.0557656 0.0566667
42 0.400812 0.700427 0.0503125 0.0641458
42 0.462484 0.628844 0.115375 0.0541042
42 0.463039 0.226458 0.0933906 0.0818333
42 0.232797 0.439958 0.0673125 0.038625
42 0.533305 0.377823 0.0514219 0.0700625
42 0.460437 0.375708 0.0744062 0.0707083
42 0.693203 0.355385 0.0848125 0.0523125
42 0.53757 0.839083 0.114984 0.1305
42 0.399914 0.27176 0.0492656 0.0632292
42 0.289125 0.541542 0.122313 0.0820417
42 0.484305 0.670354 0.0763594 0.105542
42 0.275445 0.506615 0.0223594 0.0557292
42 0.272367 0.446969 0.0291406 0.0331875
42 0.639539 0.341333 0.0595156 0.0555417
42 0.321063 0.447229 0.077125 0.0420417
42 0.568547 0.319771 0.0337187 0.0390833
42 0.462672 0.442562 0.0625 0.0538333
42 0.563641 0.276156 0.0551875 0.0389792
42 0.434555 0.60051 0.109422 0.0241042
42 0.591508 0.76099 0.0344531 0.0707708
42 0.344633 0.379344 0.0502656 0.0371875
42 0.646758 0.678594 0.00942187 0.0146042
42 0.345023 0.24601 0.0492969 0.0607292
42 0.143617 0.512802 0.171234 0.0925625
42 0.341609 0.556365 0.0474687 0.0571875
42 0.562031 0.493125 0.0815937 0.058875
42 0.415656 0.741563 0.0354063 0.03125
42 0.479898 0.762333 0.0992344 0.0587917
42 0.396539 0.52125 0.0662656 0.097875
42 0.502398 0.548031 0.0256094 0.0381458
42 0.489125 0.327594 0.0337812 0.0624792
8 0.586719 0.229271 0.0415312 0.0465417
8 0.765437 0.295948 0.0357813 0.0622708
8 0.433109 0.27551 0.025 0.0258958
8 0.587086 0.59599 0.0379844 0.0809375
8 0.34018 0.632698 0.0417344 0.0438542
8 0.314453 0.313344 0.0258125 0.0361875
8 0.641047 0.291792 0.02 0.0261667
8 0.600367 0.894073 0.0729219 0.112729
8 0.621086 0.235646 0.0324219 0.026625
8 0.373141 0.456219 0.040375 0.0397292
8 0.16018 0.565125 0.0221094 0.0164167
8 0.570141 0.550115 0.0392188 0.0492292
8 0.603789 0.535719 0.0552344 0.0398542
8 0.432477 0.30151 0.0467969 0.0348958
8 0.718125 0.260302 0.0282813 0.0256458
8 0.544695 0.221542 0.0415469 0.0215417
8 0.219508 0.471917 0.0580781 0.0633333
8 0.588914 0.161344 0.0365469 0.0458958
8 0.817609 0.721698 0.0439375 0.0385208
8 0.354523 0.664667 0.0530781 0.0282083
8 0.66075 0.495604 0.0406875 0.0297917
8 0.567672 0.660406 0.0359688 0.0809375
8 0.530234 0.320917 0.0547813 0.053625
8 0.740062 0.326437 0.0315312 0.0297083
8 0.270031 0.72449 0.032875 0.0253958
8 0.633273 0.271437 0.0202031 0.0282083
8 0.704398 0.320688 0.0367031 0.0359167
8 0.42593 0.431927 0.0127031 0.0210208
8 0.331141 0.318156 0.0205313 0.0401458
8 0.539836 0.426656 0.0109219 0.0138958
8 0.608898 0.221896 0.0288594 0.039625
8 0.720562 0.295073 0.0565625 0.0395208