14 0.393836 0.516138 0.0258906 0.0410563
14 0.373031 0.650751 0.0361563 0.101362
14 0.425258 0.616714 0.0353281 0.0441315
14 0.514805 0.365845 0.0217031 0.054554
43 0.376273 0.456514 0.0497656 0.0578169
43 0.603062 0.549155 0.0275938 0.0455399
43 0.325023 0.445669 0.0329844 0.038615
43 0.48882 0.731937 0.0400781 0.0420892
43 0.503344 0.56588 0.0142187 0.0250469
43 0.509148 0.427641 0.0307031 0.0426995
43 0.467172 0.665 0.031625 0.0443662
43 0.378258 0.57223 0.0342969 0.0409859
43 0.438695 0.329284 0.0461406 0.0394131
43 0.590773 0.64196 0.0307656 0.0512911
43 0.591758 0.574202 0.0442344 0.0433333
43 0.400156 0.708474 0.024625 0.05
43 0.544367 0.550751 0.0270781 0.0335211
43 0.419664 0.460939 0.0223906 0.0192488
43 0.452586 0.301925 0.0300781 0.0305164
43 0.316922 0.613979 0.035375 0.0464085
43 0.313992 0.40993 0.0199844 0.0279343