8 0.984547 0.851417 0.0285313 0.0247917
8 0.103719 0.437719 0.04375 0.0470625
8 0.729313 0.318719 0.0261562 0.0328125
8 0.459961 0.214583 0.0319531 0.0351667
8 0.220688 0.564417 0.0228125 0.041
8 0.219898 0.486719 0.0319219 0.0481875
8 0.523461 0.730573 0.0202031 0.0241042
8 0.0511953 0.118094 0.00532813 0.00902083
8 0.289969 0.25374 0.0295938 0.0278125
8 0.435133 0.169938 0.0336719 0.0383333
8 0.717008 0.29974 0.0207656 0.0287292
8 0.707984 0.32976 0.0357188 0.0337292
8 0.184219 0.63774 0.0263437 0.0683125
8 0.924125 0.782823 0.0338437 0.0210208
8 0.0719922 0.293313 0.0269219 0.032625