54 0.820961 0.567178 0.185484 0.218337
54 0.162172 0.184169 0.113219 0.0898361
54 0.879336 0.738091 0.185109 0.223583
54 0.775523 0.346335 0.192672 0.253794
54 0.555969 0.686557 0.154656 0.237845
54 0.417656 0.293946 0.151688 0.236089
54 0.817961 0.137845 0.0439219 0.058267
54 0.216008 0.451885 0.142141 0.19534
54 0.863805 0.222834 0.0470781 0.0503981
54 0.913789 0.221077 0.0495469 0.0611241
54 0.232859 0.0853279 0.0338437 0.0455035
54 0.338133 0.480211 0.140016 0.215222
54 0.0164453 0.177026 0.0328906 0.0566276
54 0.878867 0.183724 0.0504844 0.064356
54 0.799273 0.129637 0.0258281 0.0461593
54 0.769234 0.216838 0.152344 0.111756
54 0.286523 0.282693 0.138953 0.21822
54 0.640266 0.513665 0.163969 0.216417
54 0.652906 0.0193208 0.0375313 0.0356909
54 0.0538203 0.278021 0.106922 0.167471
54 0.890203 0.0599063 0.0209688 0.0202342
54 0.032875 0.086452 0.06575 0.154356
54 0.690688 0.199145 0.0693438 0.0547307
54 0.712812 0.709532 0.153469 0.223747
54 0.186531 0.0755035 0.0339062 0.0430445
54 0.0521953 0.581487 0.102609 0.191405
54 0.0086875 0.199192 0.017375 0.0291569
54 0.278523 0.0244379 0.0193594 0.018993
54 0.0761172 0.0244731 0.0309844 0.0433255
54 0.163422 0.269871 0.130688 0.209438
54 0.0526484 0.0288876 0.0256406 0.0344496
54 0.403539 0.662037 0.143922 0.210773
54 0.263469 0.194532 0.103438 0.0583372
54 0.254453 0.0336417 0.0234375 0.0328103
54 0.615508 0.254742 0.132953 0.223349
54 0.167086 0.0242389 0.0335469 0.044356
54 0.563703 0.322084 0.136688 0.212412
54 0.0298906 0.0157728 0.0269688 0.0205386
54 0.423164 0.128899 0.0904531 0.121077
54 0.230484 0.0291101 0.0263125 0.0414052
54 0.0888516 0.426347 0.138672 0.216019
54 0.355648 0.200925 0.0713281 0.0425995
54 0.835984 0.182916 0.0393125 0.0609133
54 0.0195 0.421499 0.039 0.150726
54 0.662367 0.159789 0.0357656 0.0323185
54 0.315047 0.108712 0.032 0.0457143
54 0.748539 0.169344 0.0380781 0.035644
54 0.767336 0.023993 0.0393594 0.0403044
54 0.859906 0.133841 0.0415625 0.0632787
54 0.517266 0.141967 0.108688 0.136862
54 0.170398 0.107377 0.0405469 0.0516628
54 0.499688 0.275539 0.0556562 0.14274
54 0.124414 0.025281 0.0177344 0.040726
54 0.312461 0.147342 0.0252031 0.0516393
54 0.685102 0.14911 0.0179219 0.0171897
54 0.318773 0.181803 0.0254219 0.0447307
54 0.615344 0.0196253 0.0390625 0.0354098
54 0.763062 0.137892 0.0364688 0.0506792
54 0.642805 0.0975293 0.0301406 0.0109368
54 0.10357 0.0294028 0.0344219 0.0354333
54 0.275797 0.0857494 0.0127188 0.0136534
54 0.200148 0.0237471 0.0348906 0.0422951
54 0.333156 0.14808 0.00871875 0.0479625
54 0.296195 0.145691 0.0414531 0.0608899
54 0.72325 0.170094 0.0177187 0.0418735
54 0.266156 0.108735 0.0275625 0.041733
54 0.570359 0.0150703 0.0340937 0.0301405
54 0.852945 0.023548 0.0382969 0.0412881
54 0.73543 0.131487 0.0248281 0.0508899
54 0.239109 0.113443 0.0338125 0.0427166
54 0.178023 0.147272 0.0417969 0.0425995
54 0.158844 0.142201 0.025875 0.0448712
54 0.730617 0.026733 0.0386719 0.0462998
54 0.689516 0.0198829 0.0379375 0.0397658
54 0.09925 0.105714 0.110156 0.139625
54 0.219617 0.145105 0.0344219 0.0457611
54 0.47857 0.493981 0.146297 0.204871
54 0.151516 0.601557 0.120375 0.200726
54 0.272578 0.632482 0.14375 0.206932
54 0.0738203 0.180234 0.108953 0.112365
54 0.250859 0.144871 0.037375 0.0436066
54 0.206086 0.112412 0.0344219 0.051007
54 0.810367 0.0239344 0.0454844 0.0419204