38 0.367023 0.713625 0.112766 0.16075
38 0.384727 0.548069 0.143859 0.124917
38 0.161062 0.766083 0.108844 0.321278
38 0.590453 0.170014 0.0696875 0.152972
38 0.222773 0.474472 0.0621719 0.0517778
38 0.0438125 0.885875 0.060875 0.0706944
38 0.852289 0.0747778 0.124484 0.148611
38 0.533352 0.488917 0.100953 0.125722
38 0.29318 0.758778 0.0552344 0.0681111
38 0.111711 0.594042 0.0619531 0.0741389
38 0.263813 0.867056 0.0549063 0.0835
38 0.649234 0.126667 0.0489062 0.0815556
38 0.0376562 0.679528 0.0702187 0.124722
38 0.301 0.710972 0.055125 0.0664444
38 0.221875 0.773639 0.0660312 0.149778
38 0.568719 0.0718056 0.0505313 0.0898333
38 0.315227 0.380028 0.0242969 0.0421667
38 0.140844 0.885833 0.0960938 0.140556
38 0.460078 0.365806 0.0594063 0.0878889
38 0.438289 0.675833 0.0730156 0.104611
38 0.406477 0.524222 0.0842656 0.156389
38 0.615945 0.0974444 0.0552969 0.0823333
38 0.712195 0.161431 0.0621094 0.0754722
38 0.461328 0.517625 0.0573125 0.0773056
38 0.761719 0.1265 0.0683438 0.163667