33 0.532172 0.709135 0.211844 0.0783125
33 0.790094 0.939458 0.0916875 0.073125
33 0.182898 0.265375 0.0512656 0.0398333
33 0.482203 0.867094 0.0935938 0.254271
33 0.437891 0.507177 0.118219 0.0756042
33 0.185891 0.188354 0.101031 0.0975833
33 0.195773 0.196792 0.0969531 0.106583
33 0.789164 0.872104 0.0486094 0.0433333
33 0.0122578 0.269865 0.0245156 0.160771
33 0.586648 0.476885 0.0276094 0.0228542
33 0.666195 0.329177 0.150234 0.124313
14 0.488211 0.408708 0.0856719 0.0790833
14 0.404633 0.189281 0.0305781 0.0369375
14 0.0874453 0.143823 0.0736094 0.0710208
14 0.0399219 0.271833 0.0369688 0.0559167
14 0.231813 0.521 0.0448125 0.0633333
14 0.499391 0.284344 0.0768125 0.0668125
14 0.39807 0.5275 0.0944219 0.07525
14 0.656734 0.76701 0.0905625 0.110562
14 0.2185 0.796031 0.141219 0.196188
14 0.620805 0.957396 0.121453 0.0840833
14 0.0436641 0.194979 0.0491406 0.0752917
14 0.161812 0.926542 0.085375 0.0879583
14 0.245133 0.13901 0.0664219 0.0519792
14 0.0246797 0.606844 0.0493594 0.0743542
14 0.205133 0.117813 0.0567031 0.0419583
14 0.132797 0.35749 0.0550625 0.0704375
14 0.422898 0.301302 0.0567969 0.0801458
14 0.327484 0.178844 0.0585312 0.0340625
14 0.0758281 0.17926 0.0488438 0.0552708
14 0.379789 0.974875 0.119047 0.0482083
14 0.303477 0.794708 0.0688906 0.104083
14 0.408984 0.40949 0.0743125 0.121146
14 0.171945 0.673677 0.0937656 0.0902292
14 0.150367 0.175531 0.0225781 0.0291042
14 0.175961 0.139698 0.0629531 0.0613958