11 0.879203 0.829447 0.172125 0.141953
11 0.880914 0.122047 0.238172 0.244094
11 0.879203 0.3878 0.226219 0.390659
11 0.842703 0.677494 0.272688 0.196024
11 0.508672 0.754118 0.253969 0.385365
11 0.370805 0.854541 0.349766 0.279059
11 0.184859 0.407071 0.369719 0.389671
11 0.280398 0.361494 0.305609 0.345624
11 0.782898 0.228635 0.135797 0.236235
11 0.634313 0.104224 0.252312 0.208447
11 0.813969 0.888071 0.372063 0.223859
11 0.296242 0.696718 0.167828 0.135835
11 0.0360859 0.643494 0.0721719 0.366235
11 0.645852 0.377929 0.374641 0.470965
11 0.414187 0.135259 0.252375 0.266424
11 0.669148 0.573824 0.157984 0.202753