8 0.0414252 0.0386953 0.0828505 0.0773906
8 0.249019 0.0967656 0.128318 0.0683125
8 0.127629 0.0417578 0.158248 0.0826094
8 0.0757009 0.137664 0.150701 0.0904531
1 0.381273 0.264875 0.15465 0.0857813
1 0.165222 0.267742 0.0758178 0.0765781
1 0.408213 0.301578 0.10764 0.0470938
1 0.229579 0.289922 0.164579 0.0886875
1 0.529638 0.167969 0.134369 0.0912188
1 0.391717 0.206266 0.0799299 0.04725
1 0.1375 0.206898 0.114065 0.0613594
1 0.566904 0.250039 0.107313 0.0520469
1 0.420923 0.158164 0.128435 0.0916406
1 0.279778 0.155711 0.135631 0.0575156
1 0.329474 0.321266 0.0596963 0.03325
1 0.247886 0.196703 0.145023 0.0941562
1 0.495818 0.22657 0.139206 0.0982656
1 0.597033 0.221188 0.0645794 0.0170937
1 0.314264 0.230875 0.140958 0.0959375
44 0.26097 0.72125 0.178388 0.129531
44 0.273353 0.935773 0.226799 0.128453
44 0.669743 0.614992 0.0731776 0.0769531
44 0.0383294 0.723023 0.0766589 0.109891
44 0.643914 0.704711 0.191519 0.122266
44 0.758762 0.52482 0.105327 0.0888594
44 0.971951 0.534812 0.0560981 0.0881875
44 0.596495 0.816781 0.109346 0.104125
44 0.594241 0.551688 0.114416 0.07825
44 0.4034 0.906078 0.105537 0.0810625
44 0.743119 0.725094 0.0918458 0.0838437
44 0.161846 0.907031 0.133364 0.0909688
44 0.0812617 0.658078 0.160981 0.11325
44 0.122827 0.729297 0.103551 0.0467813
44 0.689825 0.43368 0.0736682 0.0415156
44 0.43215 0.721234 0.187103 0.145
44 0.0699299 0.929555 0.13986 0.140891
44 0.137909 0.987875 0.0691822 0.02425
44 0.498727 0.841516 0.192079 0.123313
44 0.573306 0.644477 0.168808 0.0891406
44 0.348657 0.55768 0.124322 0.0795781
44 0.584509 0.59625 0.117383 0.0369063
44 0.236565 0.636445 0.175748 0.104109
44 0.681379 0.566766 0.0913084 0.0705625
44 0.532839 0.728 0.0904439 0.122594
44 0.857126 0.437695 0.166168 0.0967031
44 0.599942 0.496898 0.0853037 0.0580781
44 0.477629 0.551961 0.153902 0.0797344
44 0.354603 0.636711 0.112009 0.100078
44 0.133388 0.800898 0.18243 0.141609
44 0.882325 0.729086 0.16979 0.109578
44 0.473119 0.947531 0.181285 0.104937
44 0.760958 0.626352 0.163037 0.123578
44 0.702161 0.378133 0.134556 0.0948906
44 0.231449 0.590789 0.14729 0.0447344
44 0.160339 0.692617 0.0641822 0.0498594
44 0.642091 0.891695 0.16007 0.0554844
44 0.718353 0.825859 0.211939 0.138625
44 0.412138 0.480898 0.143995 0.101453
44 0.751963 0.496047 0.134673 0.0901875
44 0.0472313 0.821906 0.0944626 0.0955
44 0.592897 0.348039 0.142804 0.0957656
44 0.441811 0.596 0.168808 0.11375
44 0.313797 0.82243 0.197593 0.127766
44 0.680105 0.490398 0.110023 0.0927344
44 0.589836 0.434578 0.141449 0.0845937
44 0.869755 0.53007 0.19521 0.116203
44 0.518178 0.493367 0.101822 0.0771406
44 0.817196 0.791492 0.0992056 0.0562031
44 0.791051 0.416094 0.114299 0.0734375
44 0.848516 0.662398 0.0555841 0.0406094
44 0.727208 0.443633 0.0281542 0.0202031
44 0.916986 0.626703 0.166028 0.130062
44 0.990479 0.497453 0.0183411 0.0310937
44 0.964568 0.42882 0.0708645 0.0968281
44 0.956402 0.474 0.0673832 0.0538125
44 0.84132 0.598602 0.0217523 0.0207969