59 0.293725 0.081634 0.0229085 0.0280392
59 0.232288 0.0570507 0.0112745 0.0146242
59 0.173292 0.800245 0.0789706 0.0751307
59 0.476078 0.440768 0.03 0.0364052
59 0.371544 0.0903431 0.0638072 0.0266993
59 0.679469 0.690433 0.187958 0.0632516
59 0.862639 0.443848 0.0767157 0.0621732
59 0.234273 0.0887092 0.0273366 0.0209477
59 0.718407 0.423717 0.0664869 0.0562582
59 0.574314 0.382451 0.0584967 0.0464706
59 0.636111 0.621111 0.032549 0.0457843
59 0.680613 0.0693137 0.0330882 0.0526471
59 0.642394 0.335523 0.0963235 0.0727778
59 0.358652 0.125907 0.0252451 0.0218791
59 0.809477 0.540645 0.0433333 0.0474346
59 0.930678 0.544469 0.0353105 0.0610294
59 0.20424 0.920041 0.092598 0.0840033
59 0.537876 0.439183 0.046634 0.046634
59 0.826887 0.341397 0.0512582 0.0621732
59 0.411609 0.151593 0.040768 0.0446242
59 0.637541 0.564158 0.0674346 0.0671732
59 0.564624 0.604248 0.0977451 0.0588235
59 0.453186 0.0833333 0.0353922 0.0328105
59 0.747549 0.566038 0.0405882 0.0351144
59 0.385989 0.729706 0.068415 0.10219
59 0.411969 0.511789 0.0658987 0.0558987
59 0.524616 0.105433 0.0569118 0.0394935
59 0.732484 0.0701225 0.0564052 0.0356373
59 0.255204 0.788309 0.0518137 0.0546242
59 0.147288 0.0644853 0.0271895 0.0176961
59 0.292165 0.814485 0.0357026 0.0768137
59 0.545866 0.210931 0.025098 0.0180719
59 0.690278 0.344101 0.0436275 0.0415359
59 0.801838 0.501283 0.0474346 0.0302451
59 0.572998 0.146732 0.0266503 0.0162418
59 0.334869 0.125694 0.0184641 0.0256373
59 0.569967 0.790997 0.0401634 0.0341503
59 0.319526 0.0797794 0.0408824 0.0282516
59 0.630948 0.167361 0.0397386 0.0364216
59 0.418848 0.630384 0.0494935 0.0623039
59 0.720131 0.305948 0.066732 0.0478758
59 0.254224 0.0656863 0.0199837 0.0279085
59 0.620229 0.116585 0.0498366 0.0470915
59 0.859273 0.561299 0.0219444 0.0443301
59 0.617949 0.0673693 0.0236438 0.0275817
59 0.178096 0.0665441 0.0289706 0.0321732
59 0.955474 0.3654 0.0890523 0.0599837
59 0.807214 0.437402 0.0383497 0.0499346
59 0.562541 0.167819 0.0323039 0.0212908
59 0.878309 0.364232 0.049232 0.0494771
59 0.698415 0.484788 0.0768301 0.0830392
59 0.846258 0.417998 0.0617974 0.0343627
59 0.543832 0.742312 0.0443627 0.0338399