36 0.75505 0.890267 0.16938 0.202293
36 0.10602 0.598547 0.10096 0.19688
36 0.90193 0.860147 0.1375 0.222213
36 0.92966 0.988267 0.14068 0.0234667
14 0.55981 0.59076 0.08006 0.104027
14 0.45418 0.517987 0.05572 0.132507
14 0.64198 0.505507 0.13424 0.114427
14 0.41388 0.4594 0.03448 0.04376
14 0.56249 0.402267 0.03558 0.0314667
14 0.51891 0.442213 0.14722 0.0896
14 0.66067 0.5522 0.05062 0.0630667
14 0.56593 0.47412 0.17918 0.12664
14 0.50771 0.356867 0.03906 0.0550133
14 0.57488 0.50228 0.19792 0.153413
14 0.53457 0.478107 0.13618 0.0861867
14 0.63013 0.395213 0.04062 0.0372533
14 0.53523 0.56184 0.09054 0.07872
14 0.50429 0.476227 0.0903 0.04712
14 0.53136 0.392 0.04476 0.0634133
14 0.49111 0.403907 0.04898 0.0690933
14 0.44834 0.41264 0.03256 0.08848
14 0.62556 0.55576 0.057 0.0608
1 0.69545 0.606147 0.15074 0.0996533
1 0.51875 0.979067 0.08014 0.0402667
1 0.84448 0.693627 0.1546 0.221013
1 0.18598 0.478507 0.07308 0.116373
1 0.15148 0.911707 0.2062 0.176587
1 0.69651 0.51916 0.06642 0.0833333
1 0.03118 0.983453 0.04424 0.0330933
1 0.34657 0.64072 0.10858 0.1296
1 0.44783 0.898907 0.0947 0.12976
1 0.80789 0.508813 0.15414 0.197253
1 0.87506 0.9836 0.1128 0.0328
1 0.27975 0.664107 0.07022 0.0978133
1 0.04294 0.928707 0.04344 0.05832
48 0.46011 0.67552 0.20018 0.34032
44 0.38384 0.94996 0.20528 0.10008
44 0.66604 0.947973 0.2154 0.104053
44 0.32475 0.826933 0.17186 0.277173
44 0.51919 0.979787 0.0793 0.0404267
44 0.69568 0.73492 0.19352 0.253947
44 0.74614 0.37772 0.1618 0.21176
44 0.23699 0.88852 0.1267 0.22296
44 0.06637 0.775853 0.13274 0.267067
44 0.26611 0.519213 0.16642 0.217467
44 0.1816 0.665133 0.16928 0.26248
44 0.37384 0.502107 0.11492 0.169707
44 0.57134 0.87016 0.1412 0.217813