43 0.463892 0.479828 0.0360849 0.00940625
43 0.460578 0.506773 0.030684 0.0223906
43 0.626627 0.578391 0.0283491 0.0208125
43 0.361958 0.700148 0.0241038 0.0263906
43 0.492146 0.498594 0.0454717 0.0309063
43 0.502488 0.613305 0.0322877 0.0224531
43 0.162064 0.588055 0.0342689 0.0223906
43 0.511993 0.833797 0.0439858 0.0259375
43 0.4602 0.599859 0.056816 0.044375
43 0.412925 0.671219 0.0406604 0.026125
43 0.42533 0.505406 0.0303774 0.0216875
43 0.461097 0.695102 0.0291745 0.0114219
43 0.312358 0.639477 0.0413208 0.0225156
43 0.422111 0.477625 0.0210613 0.0162813
43 0.476781 0.846523 0.0386085 0.0386719
43 0.326085 0.824242 0.045566 0.0277344
43 0.479281 0.816039 0.0500236 0.0306719
43 0.553172 0.531578 0.0277123 0.019875
43 0.455967 0.650039 0.0282547 0.0207344
43 0.599434 0.734375 0.0428302 0.0311875
43 0.554752 0.490078 0.0437972 0.0206563
43 0.385071 0.529313 0.0308019 0.0134062
43 0.583868 0.6315 0.034434 0.00915625
43 0.294375 0.652961 0.0350708 0.0193906
43 0.514151 0.577461 0.0352358 0.0237969
43 0.355767 0.505555 0.0283726 0.0207344
43 0.304705 0.522281 0.0354009 0.0229375
43 0.51204 0.724406 0.0326179 0.0317812
43 0.538172 0.559766 0.0535613 0.0305625
43 0.288243 0.47093 0.0442217 0.0206094
43 0.693797 0.620234 0.0217453 0.022625
43 0.376722 0.637992 0.0510849 0.0272031
43 0.307064 0.505547 0.0279009 0.0147813
43 0.42204 0.708 0.0346934 0.019
43 0.296663 0.596656 0.0287028 0.029
43 0.316132 0.488344 0.0332547 0.0206563
43 0.463797 0.667109 0.0346226 0.013125
43 0.345802 0.606953 0.0281132 0.0250625
43 0.525531 0.540711 0.0595519 0.0174219
43 0.388809 0.568375 0.0372877 0.0226875
43 0.375825 0.664867 0.0339151 0.0280469
43 0.231804 0.626867 0.0385613 0.0317969
43 0.490035 0.551891 0.0411557 0.0315937
43 0.440825 0.469703 0.033066 0.0166875
43 0.537583 0.846141 0.0382311 0.0287813
43 0.295884 0.555828 0.0264387 0.0251875
43 0.423892 0.533305 0.0431604 0.0172031
43 0.287972 0.493773 0.0417925 0.0174531
43 0.521156 0.523414 0.0341981 0.0211406
43 0.321486 0.618414 0.0395283 0.0205469
43 0.478998 0.729617 0.0321462 0.0275156
43 0.381698 0.540719 0.0456604 0.01875
43 0.2223 0.545125 0.0337972 0.0185
43 0.36388 0.817555 0.0429481 0.0244531
43 0.504151 0.667523 0.0392453 0.0225156
43 0.549269 0.71668 0.0684434 0.0490156
43 0.332193 0.507508 0.0290094 0.0186094
43 0.451297 0.579375 0.0251887 0.0264375
43 0.349847 0.630984 0.0354953 0.028625
43 0.265861 0.603672 0.0370991 0.0239375
43 0.444517 0.499406 0.0164858 0.00703125
43 0.669682 0.712773 0.0335142 0.0249531
43 0.354811 0.58407 0.0335849 0.0219531
43 0.477877 0.709586 0.0323113 0.0165781
43 0.307936 0.620805 0.0490802 0.0244844
43 0.567252 0.58007 0.0150236 0.00870313
43 0.6227 0.687578 0.0412028 0.03075
43 0.453927 0.83357 0.0358726 0.0254531
43 0.429245 0.56493 0.0206132 0.0112969
43 0.551521 0.668648 0.0511085 0.0310781
43 0.6248 0.721937 0.0294575 0.0159063
43 0.515814 0.489594 0.0268632 0.012375
43 0.3248 0.55182 0.0377594 0.0224219
43 0.622759 0.539148 0.0314623 0.0178594
43 0.37441 0.488 0.0269811 0.026625
43 0.589505 0.501305 0.0366981 0.0222969
43 0.277547 0.635281 0.049717 0.03575
43 0.601757 0.692812 0.0435142 0.0203438
43 0.448903 0.524492 0.0286085 0.0180469
43 0.521474 0.624156 0.0504481 0.0201875
43 0.570519 0.687602 0.0175943 0.0174844
43 0.40566 0.650672 0.0312736 0.017375
43 0.472311 0.623688 0.0471698 0.0159375
43 0.424057 0.583578 0.0361792 0.0190312
43 0.642146 0.576461 0.0210849 0.0311406
43 0.412901 0.467602 0.0233491 0.0161719
43 0.245224 0.665641 0.028467 0.02075
43 0.592229 0.614758 0.0245519 0.0118594
43 0.36691 0.613227 0.0285849 0.0208594
43 0.200861 0.576328 0.0323349 0.0186562
43 0.570436 0.541594 0.0351179 0.0210313
43 0.553644 0.795305 0.0202594 0.0164844
43 0.263384 0.58425 0.0331368 0.0202813
43 0.478373 0.636461 0.0420283 0.0206406
43 0.390601 0.481984 0.0253538 0.020875
43 0.411899 0.605336 0.03875 0.0258594
43 0.423679 0.640078 0.033066 0.0157813
43 0.604705 0.711734 0.0411085 0.0189375
43 0.391038 0.587398 0.0303774 0.0244844
43 0.433219 0.724805 0.0264858 0.0267656
43 0.494375 0.584656 0.0254481 0.0215938
43 0.253726 0.624281 0.0281604 0.0255
43 0.555495 0.825531 0.0480189 0.0285938
43 0.417075 0.546578 0.0165566 0.0125625
43 0.355389 0.541828 0.0274764 0.0188437
43 0.482288 0.655883 0.0569811 0.0222656
43 0.498703 0.79675 0.0191981 0.0133125
43 0.33625 0.695883 0.0413208 0.0248906
43 0.366215 0.836789 0.0392689 0.0317344
43 0.3473 0.48618 0.0294104 0.0168594
43 0.452005 0.708484 0.0256604 0.017125
43 0.282571 0.670578 0.0356132 0.0244688
43 0.541333 0.584227 0.0334198 0.0265156
43 0.326521 0.599828 0.03375 0.02575
43 0.592665 0.601375 0.0396698 0.022875
43 0.326297 0.569672 0.0293396 0.0255
43 0.553998 0.601258 0.0272877 0.0161406
43 0.393715 0.835938 0.0312972 0.0360625
43 0.268892 0.692656 0.0307075 0.029625
43 0.531073 0.501641 0.0330425 0.0275938
43 0.339894 0.793711 0.0353066 0.0198906
43 0.502948 0.483539 0.0180189 0.0112969
43 0.427925 0.691164 0.0501415 0.0222656
43 0.27888 0.539852 0.0533255 0.0195781
43 0.52638 0.639703 0.0554481 0.027125
43 0.335389 0.665617 0.0433255 0.0404219
43 0.432382 0.549461 0.0281132 0.0214219
43 0.616415 0.622602 0.0436792 0.0282656
43 0.65342 0.679977 0.0391981 0.0313594
43 0.392276 0.508836 0.0354009 0.0231406
43 0.591061 0.676539 0.0402358 0.0270469
43 0.28454 0.576156 0.0431368 0.0253125
43 0.42612 0.625477 0.0437028 0.0178906
43 0.227771 0.688023 0.0282311 0.0234531
43 0.586203 0.714516 0.0288679 0.0252188
43 0.414752 0.810398 0.040967 0.0222344
43 0.644858 0.708203 0.0495283 0.0310625
43 0.5125 0.68907 0.0485849 0.0231406
43 0.358644 0.525422 0.0288915 0.02
43 0.479858 0.524867 0.0408962 0.0251406
43 0.441557 0.480492 0.0142925 0.00876563
43 0.567158 0.507352 0.0362028 0.0192344
43 0.550802 0.690187 0.047783 0.0291875
43 0.523432 0.66082 0.0323349 0.0173906
43 0.55605 0.624484 0.0234198 0.016875
43 0.434127 0.659133 0.0333491 0.0190781
43 0.238337 0.588367 0.0352594 0.0330469