32 0.389727 0.073103 0.0112969 0.012904
32 0.433117 0.0622365 0.00573437 0.00662763
32 0.398586 0.0758782 0.00970312 0.0148946
32 0.389477 0.0369204 0.00889063 0.014356
32 0.41125 0.0527283 0.007375 0.0162295
32 0.446875 0.0655855 0.020375 0.0295316
32 0.394234 0.0603396 0.00909375 0.0151522
32 0.39357 0.0849649 0.00985938 0.0155972
32 0.399727 0.106101 0.00917187 0.0137471
32 0.367609 0.0473068 0.0090625 0.0125527
32 0.40982 0.0328454 0.0218906 0.0301874
32 0.427797 0.0671194 0.0061875 0.0088993
32 0.381 0.0861124 0.0076875 0.0107728
32 0.416141 0.0692272 0.0065 0.0123185
32 0.413492 0.08 0.00804688 0.0107728
32 0.392992 0.0449297 0.00607813 0.0108899
32 0.421063 0.0492155 0.00896875 0.0155738
32 0.430359 0.0508899 0.0100625 0.0112412
32 0.402727 0.0640749 0.0100469 0.0141452
32 0.437625 0.0664871 0.00609375 0.0101639