14 0.492867 0.660586 0.0847031 0.283552
14 0.402375 0.471723 0.0634687 0.0826288
14 0.150852 0.614378 0.165734 0.16762
14 0.653109 0.715986 0.233469 0.0990409
33 0.221359 0.52087 0.047625 0.174671
33 0.345141 0.566288 0.0414062 0.0586856
33 0.541344 0.591972 0.119531 0.186217
33 0.17725 0.529325 0.0852187 0.121989
33 0.399289 0.619529 0.0378906 0.0520604
33 0.42093 0.589645 0.0562344 0.209734
33 0.246148 0.648082 0.0875156 0.160675
33 0.339695 0.863872 0.126016 0.085151
33 0.422875 0.863028 0.0534375 0.0363588
33 0.0591875 0.655995 0.0565625 0.0476199
33 0.279813 0.652593 0.0689375 0.0889876
33 0.254117 0.471403 0.0528906 0.15929
33 0.541883 0.729778 0.0204531 0.0768561
33 0.388992 0.722131 0.0615781 0.0908703
33 0.445773 0.639449 0.0239531 0.121812
33 0.35768 0.47579 0.0392969 0.0576554