11 0.195117 0.591042 0.303172 0.116511
11 0.082375 0.327365 0.16475 0.42733
11 0.0578438 0.778536 0.115688 0.442927
11 0.458102 0.356956 0.0872969 0.15171
11 0.528742 0.645749 0.197859 0.328689
11 0.328477 0.642951 0.134359 0.231288
11 0.345508 0.139637 0.253203 0.197073
11 0.309359 0.382927 0.118875 0.194895
11 0.192875 0.907482 0.204312 0.0586183
11 0.422195 0.263033 0.121328 0.123911
11 0.577164 0.375258 0.133266 0.224941
11 0.326594 0.958068 0.495375 0.0838642
11 0.254828 0.507377 0.165875 0.100234
11 0.402305 0.45089 0.0741719 0.0778454
11 0.44082 0.845094 0.245391 0.266862
11 0.661594 0.344274 0.0909688 0.207143