1 0.0425156 0.916542 0.0841875 0.165374
1 0.935992 0.962956 0.128016 0.0740888
1 0.213867 0.523692 0.173016 0.265607
1 0.651984 0.456273 0.165813 0.203201
1 0.904172 0.847897 0.191656 0.304206
1 0.725953 0.658259 0.151969 0.2325
1 0.706664 0.88236 0.222516 0.23528
1 0.592992 0.707301 0.234578 0.344369
1 0.0666328 0.57389 0.133266 0.249042
1 0.562078 0.935771 0.230969 0.128458
1 0.803172 0.791612 0.0289375 0.071028
1 0.887875 0.399042 0.17675 0.223879
1 0.298078 0.772301 0.214469 0.296285
1 0.331359 0.936577 0.212219 0.124463
1 0.197945 0.667523 0.0642031 0.0609813
1 0.127937 0.926565 0.210938 0.142196
1 0.132383 0.637418 0.0769219 0.14764
1 0.420312 0.910199 0.079125 0.177547
1 0.892664 0.685643 0.200734 0.196939
1 0.450023 0.510759 0.164422 0.240911
1 0.150609 0.772582 0.102313 0.180631
1 0.348828 0.633294 0.204594 0.279065
1 0.484164 0.791554 0.163078 0.332313
1 0.0553125 0.74764 0.110625 0.224159
1 0.871453 0.572255 0.208094 0.306098
1 0.212633 0.885981 0.0856094 0.159065