4 0.384859 0.458979 0.329406 0.207042
4 0.347297 0.438969 0.194812 0.105646
4 0.216422 0.513031 0.0287813 0.0383542
14 0.347641 0.260437 0.0575 0.0228333
14 0.517477 0.304167 0.0603281 0.0189167
14 0.381609 0.250031 0.0454062 0.0596875
14 0.430312 0.291438 0.0941875 0.0329167
14 0.243547 0.43225 0.0256563 0.0335
14 0.377211 0.207312 0.0396094 0.035375
14 0.261672 0.348031 0.0615313 0.0320208
14 0.333773 0.198781 0.0668281 0.0245625
14 0.265867 0.447167 0.0624531 0.0530833
14 0.289891 0.4185 0.0129688 0.024
14 0.427 0.249646 0.0298125 0.0187083
14 0.283406 0.308354 0.065 0.0515
14 0.355563 0.402823 0.127875 0.0692292
14 0.343656 0.356583 0.099 0.033125
14 0.413805 0.332604 0.0914219 0.0939583
14 0.449578 0.29224 0.0571562 0.0244375
14 0.246312 0.283781 0.0802812 0.0566875
14 0.409703 0.313417 0.0211562 0.0202917
14 0.504695 0.264375 0.0346719 0.0526667
14 0.327406 0.324917 0.09575 0.0496667
14 0.385562 0.379802 0.0588125 0.0653958
14 0.325898 0.224875 0.0465469 0.0271667
14 0.477031 0.266198 0.109625 0.0641458
14 0.314336 0.28625 0.0783594 0.0305
14 0.369273 0.368437 0.0749844 0.033875
14 0.422187 0.270802 0.0260625 0.0188958
14 0.446812 0.318594 0.0219375 0.0294792
14 0.304508 0.238594 0.0132656 0.0294792
14 0.301633 0.389021 0.0178906 0.0333333
14 0.253836 0.406031 0.0244219 0.0458958
14 0.348469 0.225938 0.128469 0.03425
14 0.359742 0.348135 0.0490469 0.0168958
14 0.440898 0.343844 0.0447969 0.0246042