11 0.682094 0.0590164 0.0650937 0.0892272
11 0.763977 0.375972 0.107328 0.191803
11 0.898625 0.378185 0.106375 0.11726
11 0.949383 0.253009 0.101234 0.143162
11 0.799375 0.140948 0.1505 0.198993
11 0.75218 0.548525 0.134984 0.186136
11 0.663453 0.256429 0.201719 0.269532
11 0.494211 0.328009 0.0441719 0.0525527
11 0.75132 0.0622834 0.105828 0.0935129
11 0.660719 0.590304 0.0450313 0.103138
11 0.858281 0.228595 0.1165 0.171756
11 0.926891 0.0892857 0.0806875 0.17623
11 0.962148 0.0746487 0.0750781 0.145316
11 0.664469 0.0775176 0.0525 0.0454801
11 0.948703 0.477904 0.0594375 0.0748244
11 0.534062 0.135761 0.0476562 0.0629508
11 0.553945 0.300468 0.0752969 0.169742
14 0.365937 0.386768 0.0352813 0.376393
14 0.295594 0.707049 0.0179375 0.108431
14 0.230625 0.512693 0.0547188 0.214379
14 0.122117 0.594778 0.0290781 0.33274
14 0.247508 0.686276 0.0250469 0.196487
14 0.138656 0.586557 0.0564063 0.364403
14 0.390688 0.543208 0.0860937 0.250726
14 0.155508 0.469965 0.0410156 0.42274
14 0.393109 0.388724 0.044 0.415527
14 0.0497969 0.517108 0.0995938 0.377869
14 0.483211 0.365995 0.0559844 0.183888
14 0.241438 0.390679 0.0623125 0.318642
14 0.422797 0.423946 0.0665 0.497213
14 0.110016 0.454625 0.09975 0.508361
14 0.21968 0.452916 0.0225156 0.166674
14 0.0636484 0.541815 0.0537031 0.164801
14 0.559484 0.589883 0.176031 0.328525
14 0.250906 0.425152 0.0875313 0.268103
14 0.338344 0.546628 0.0697812 0.399906
14 0.246195 0.557319 0.0697656 0.281897
14 0.28382 0.653712 0.0140469 0.170375
14 0.200164 0.522459 0.0161094 0.371429
14 0.271219 0.546651 0.0270625 0.135691
14 0.472352 0.626042 0.0689844 0.237518
14 0.349281 0.638232 0.146562 0.465831
14 0.336453 0.661616 0.027625 0.114333
14 0.0831016 0.722248 0.0540156 0.210023
14 0.0620703 0.621534 0.0573281 0.291686
14 0.484687 0.57329 0.0334062 0.174169
14 0.18743 0.485527 0.0450469 0.416581