36 0.530687 0.443792 0.103156 0.137083
36 0.483383 0.348604 0.100891 0.12475
15 0.119703 0.262562 0.191625 0.162125
5 0.427492 0.809823 0.106828 0.187479
44 0.906531 0.806844 0.113469 0.143604
44 0.806219 0.732521 0.132656 0.1735
44 0.908336 0.664073 0.115359 0.148646
44 0.855398 0.516208 0.137672 0.177417
44 0.971641 0.721677 0.05525 0.148104
44 0.961203 0.577292 0.0766563 0.133
44 0.736273 0.5885 0.131391 0.164417
14 0.33125 0.456542 0.280844 0.110292
14 0.341383 0.370823 0.218641 0.0965625
14 0.366008 0.510448 0.254609 0.213438
62 0.577617 0.711844 0.334234 0.217604
62 0.51857 0.775823 0.272516 0.241021
1 0.582992 0.311135 0.116484 0.152604
1 0.596906 0.0697917 0.0651562 0.06575
1 0.578133 0.106531 0.0309219 0.0210625
1 0.437523 0.134385 0.0816094 0.0456875
1 0.621781 0.0355625 0.0409687 0.0390833
1 0.631836 0.0685729 0.0347031 0.0378958
1 0.691977 0.26749 0.117359 0.129479
1 0.605484 0.185906 0.121063 0.147937
1 0.635383 0.142771 0.0941406 0.1295
1 0.517828 0.191365 0.08375 0.139146
6 0.206898 0.823917 0.126172 0.0911667
6 0.272 0.69274 0.25125 0.155729
6 0.269742 0.857427 0.226328 0.188438
6 0.284836 0.755938 0.231859 0.163917
43 0.683898 0.668948 0.142547 0.198896
43 0.569516 0.587802 0.12725 0.175021