43 0.72836 0.230796 0.05456 0.073003
43 0.27566 0.543604 0.0944 0.193333
43 0.81445 0.36524 0.08074 0.0782282
43 0.65855 0.576532 0.03478 0.0797297
43 0.66508 0.226111 0.0634 0.085976
43 0.6834 0.709174 0.08832 0.0854354
43 0.50289 0.344324 0.07046 0.0536336
43 0.73234 0.656667 0.04348 0.166126
43 0.30308 0.553979 0.07072 0.108859
43 0.44275 0.763363 0.1085 0.0936937
43 0.74317 0.27039 0.03786 0.0341141
43 0.50901 0.508258 0.05722 0.0554354
43 0.83839 0.483333 0.05542 0.0748949
43 0.46052 0.857898 0.05868 0.140541
43 0.30851 0.711682 0.0867 0.0506306
43 0.48109 0.412057 0.0457 0.0518018
43 0.63599 0.162523 0.04514 0.0194595
43 0.41256 0.463438 0.03896 0.0405706
43 0.80167 0.431381 0.02846 0.111592
43 0.82174 0.476907 0.0338 0.0246246
43 0.28326 0.707778 0.10436 0.147508
43 0.75047 0.375165 0.05102 0.0534535
43 0.26651 0.694955 0.03022 0.115195
43 0.27546 0.17994 0.0418 0.0276877
43 0.18266 0.484114 0.06964 0.0738739
43 0.35976 0.801712 0.07444 0.107928