11 0.386492 0.105176 0.101047 0.139294
11 0.469258 0.765741 0.199172 0.269082
11 0.654055 0.0411412 0.101734 0.0822824
11 0.260664 0.215282 0.154516 0.182424
11 0.952336 0.422706 0.0379844 0.145882
11 0.904492 0.727141 0.0896094 0.148776
11 0.706352 0.0870235 0.0759844 0.0747529
14 0.385258 0.426129 0.114328 0.0572471
14 0.604227 0.864224 0.278641 0.268541
14 0.464648 0.555294 0.290609 0.123576
14 0.714086 0.674776 0.125172 0.112424
43 0.0702422 0.594529 0.139641 0.138329
43 0.12525 0.446259 0.100594 0.125835
43 0.533656 0.724647 0.109875 0.231788
8 0.43475 0.411235 0.21425 0.126141
8 0.273977 0.773306 0.256828 0.156071
8 0.603344 0.865965 0.277156 0.268071
8 0.171477 0.261388 0.0635781 0.0512471
8 0.66157 0.911765 0.0538594 0.155718
8 0.0627188 0.797306 0.0981563 0.189859
8 0.0446484 0.851765 0.0787344 0.101129