11 0.483477 0.613969 0.202547 0.208646
11 0.321656 0.579125 0.0955312 0.081875
11 0.679305 0.268667 0.0806406 0.143583
11 0.186445 0.474292 0.0669844 0.23625
11 0.56293 0.488062 0.138047 0.167875
11 0.730313 0.487333 0.166187 0.164375
11 0.227742 0.341406 0.0985781 0.120521
11 0.264375 0.73375 0.089125 0.112542
11 0.60418 0.313646 0.129547 0.187083
11 0.204672 0.656677 0.0718125 0.0915208
11 0.680961 0.762573 0.0970781 0.120438
11 0.460758 0.469813 0.0707344 0.0987917
11 0.487563 0.737302 0.0825937 0.105813
11 0.580828 0.772073 0.127656 0.146646
11 0.338266 0.292917 0.164875 0.152792