6 0.448203 0.15051 0.0151875 0.0174375
6 0.128648 0.383167 0.0329844 0.0228333
6 0.181938 0.635667 0.0190937 0.0365417
6 0.648711 0.279354 0.0222656 0.0462917
6 0.481859 0.338073 0.0484687 0.0207708
6 0.310539 0.341375 0.0280156 0.0368333
6 0.725953 0.44076 0.0113437 0.0241042
6 0.366711 0.367042 0.0244219 0.0233333
6 0.198469 0.62876 0.0141563 0.0287292
6 0.369508 0.776563 0.0253281 0.0161667
6 0.741625 0.2435 0.0210938 0.0242083
6 0.20407 0.509479 0.0280781 0.0333333
6 0.381031 0.578438 0.0380937 0.0267083
6 0.705086 0.447719 0.0152031 0.0379375
6 0.639664 0.442844 0.0134531 0.0426875
6 0.429109 0.162115 0.00903125 0.0392292
6 0.10975 0.50924 0.014625 0.0174375
6 0.567633 0.292927 0.0135469 0.0416458
6 0.605813 0.326458 0.0323437 0.024625
6 0.497047 0.293208 0.0236563 0.0382083
6 0.373258 0.518073 0.0346094 0.0238542
6 0.543953 0.497729 0.0336562 0.0265417
6 0.375023 0.35374 0.0285781 0.0234792
6 0.250914 0.592396 0.0205469 0.0314583
6 0.432391 0.327458 0.0210625 0.0215417
6 0.225773 0.679625 0.0166094 0.043
6 0.334789 0.793875 0.0305781 0.0358333
6 0.642969 0.492687 0.012875 0.0217917
6 0.45282 0.297313 0.0202031 0.0515417
6 0.455852 0.601396 0.0330469 0.05775
6 0.699789 0.242823 0.0244219 0.0246042
6 0.342391 0.652698 0.0223125 0.0294792
6 0.713648 0.496104 0.0129531 0.0369167
6 0.167578 0.38574 0.0205313 0.0188958
6 0.169125 0.400646 0.0288438 0.025375
6 0.650539 0.369594 0.0106719 0.0194375
6 0.304727 0.217479 0.0287656 0.02025
6 0.681719 0.379094 0.0226875 0.0192292
6 0.42975 0.55449 0.0398125 0.0263958
6 0.336336 0.716156 0.0328906 0.0323125
6 0.671906 0.323823 0.0142813 0.0155208
6 0.5195 0.212563 0.0261562 0.0215417
6 0.27075 0.349312 0.023125 0.0613333
6 0.230813 0.538323 0.0196563 0.0242292
6 0.347398 0.757094 0.0541719 0.0308542
6 0.463687 0.241062 0.0484687 0.0385417
6 0.603164 0.452177 0.0257656 0.0202708
6 0.377125 0.288885 0.0294063 0.0357292
6 0.368414 0.61974 0.0334531 0.0396875
6 0.472367 0.478083 0.0332344 0.046625
6 0.287703 0.447219 0.03125 0.0601875
6 0.214312 0.486802 0.0261562 0.0325625
6 0.204023 0.336281 0.0313594 0.0346042
6 0.398078 0.316594 0.0315312 0.0212708
6 0.474234 0.311969 0.0390313 0.0458958
6 0.609789 0.30526 0.0282656 0.0187292
6 0.399773 0.526406 0.0263594 0.0253125
6 0.395406 0.502052 0.0339687 0.0242292
6 0.217195 0.389688 0.0159844 0.0439583
6 0.488828 0.369135 0.0356563 0.0351875
6 0.117344 0.361792 0.0161563 0.0435833
6 0.303875 0.67974 0.0226875 0.0512708
6 0.155242 0.358458 0.0206406 0.0455
6 0.536469 0.23974 0.0244375 0.0273542
6 0.343062 0.535219 0.0426875 0.0279375
6 0.439883 0.679792 0.0247969 0.0274583
6 0.442969 0.452198 0.0228437 0.0228542
6 0.393492 0.405385 0.0382656 0.0328125
6 0.416172 0.420635 0.0209375 0.0147708
6 0.555031 0.56474 0.0288438 0.0407708
6 0.619016 0.267719 0.023625 0.0229792
6 0.394992 0.599896 0.0255781 0.0305
6 0.317391 0.411667 0.027125 0.025375
6 0.337195 0.769875 0.0303906 0.0438333
6 0.320719 0.22275 0.0286563 0.0166667
6 0.472961 0.12776 0.0224844 0.0436042
6 0.218922 0.356417 0.0103438 0.0227917
6 0.409578 0.364687 0.03825 0.030875
6 0.662578 0.268854 0.0173125 0.05
6 0.359305 0.192573 0.0250469 0.0198542
6 0.480672 0.386344 0.0414062 0.0262292
6 0.423656 0.240177 0.0213438 0.0371875
6 0.262039 0.453385 0.0199844 0.0646458
6 0.357125 0.389708 0.0318125 0.0350417
6 0.717008 0.49424 0.0142344 0.0407708
6 0.303352 0.400385 0.0297969 0.0228125
6 0.259219 0.699781 0.0231875 0.0257292
6 0.316383 0.380604 0.0297344 0.0269583
6 0.365437 0.675562 0.03325 0.0292917
6 0.614672 0.515344 0.01925 0.0328125
6 0.657734 0.523844 0.01 0.0338542
6 0.469211 0.406792 0.0455781 0.0212917
6 0.440273 0.279229 0.0257656 0.0769167
6 0.252758 0.660479 0.0282656 0.0220417
6 0.234484 0.625479 0.025 0.0410417
6 0.458641 0.548948 0.0351562 0.0317292
6 0.673828 0.503844 0.0209688 0.0174375
6 0.278727 0.411875 0.00595313 0.00875
6 0.633937 0.479542 0.0201875 0.0261667
6 0.321852 0.560427 0.0228594 0.0223542
6 0.159555 0.419844 0.0176094 0.0343958
6 0.11718 0.402344 0.0296094 0.0210208
6 0.525414 0.542063 0.0448906 0.0235417
6 0.437797 0.506719 0.0351875 0.0256458
6 0.304117 0.429469 0.0252969 0.0228125
6 0.441805 0.483635 0.0354219 0.0300625
6 0.137602 0.450104 0.0185156 0.0339583
6 0.198836 0.367312 0.0144219 0.0320417
6 0.118945 0.447531 0.0209531 0.0458125
6 0.321133 0.648312 0.0226719 0.017875
6 0.714547 0.230635 0.0201875 0.0325625
6 0.167344 0.667948 0.0234688 0.0348542
6 0.322055 0.614146 0.0169844 0.0245
6 0.346234 0.734365 0.0523125 0.0225625
6 0.121766 0.430635 0.0225 0.0392292
6 0.181578 0.513208 0.0261562 0.034625
6 0.235227 0.518333 0.0180781 0.0315417
6 0.162602 0.514792 0.0138906 0.026125
6 0.464945 0.377344 0.0247031 0.0427292
6 0.3625 0.234156 0.036375 0.0214375
6 0.688055 0.445812 0.0202656 0.0277917
6 0.203937 0.72826 0.0225 0.0353958
6 0.124711 0.537667 0.0226094 0.0190417
6 0.273383 0.638885 0.0268906 0.0205208
6 0.46632 0.209844 0.0363906 0.0290625
6 0.697984 0.538979 0.0140313 0.025125
6 0.270969 0.658677 0.02475 0.0192292
6 0.719086 0.279667 0.0163281 0.0369583
6 0.600453 0.554156 0.0275 0.0328125
6 0.335062 0.612479 0.01725 0.0191667
6 0.449906 0.227865 0.0160313 0.00885417
6 0.400797 0.179615 0.0288438 0.0218125
6 0.347477 0.303552 0.0187656 0.0143125
6 0.337195 0.301542 0.0244219 0.0282083
6 0.318977 0.690979 0.0312969 0.027375
6 0.286609 0.56025 0.0391875 0.0482917
6 0.379992 0.716208 0.0407656 0.025125
6 0.401648 0.254437 0.0315469 0.02625
6 0.408211 0.387427 0.0505781 0.0241042
6 0.732883 0.46825 0.0134531 0.0164167
6 0.591836 0.490156 0.0213594 0.0465208
6 0.425742 0.284833 0.0331406 0.0435417
6 0.278594 0.236906 0.0317812 0.0180625
6 0.475289 0.453219 0.0202031 0.0373125
6 0.121336 0.486927 0.0144219 0.0153958
6 0.45418 0.467125 0.0327031 0.034375
6 0.231859 0.443333 0.0223125 0.02
6 0.212508 0.546917 0.0192344 0.04
6 0.512844 0.311885 0.0149062 0.0531042
6 0.199781 0.560937 0.017375 0.0474167
6 0.328555 0.286844 0.0409531 0.0305208
6 0.73143 0.371927 0.0125156 0.0136458
6 0.603664 0.239302 0.0278906 0.0176875
6 0.346172 0.368771 0.0308125 0.0360833
6 0.643766 0.341875 0.0225 0.0215417
6 0.393734 0.302052 0.0165313 0.0251458
6 0.593109 0.567552 0.014375 0.0446458
6 0.301141 0.782438 0.0213438 0.0525417
6 0.417586 0.174854 0.0294219 0.0479167
6 0.622016 0.254792 0.0261562 0.035125
6 0.492977 0.479833 0.0212031 0.0537917
6 0.169242 0.368688 0.0376094 0.0318333
6 0.297664 0.380167 0.0263594 0.0262083
6 0.282258 0.618292 0.0215781 0.022375
6 0.175289 0.649052 0.0210781 0.0359792
6 0.545125 0.476583 0.0337187 0.0309583
6 0.388227 0.484677 0.0225781 0.0213542
6 0.368633 0.257677 0.0462344 0.0381042
6 0.569359 0.468115 0.0285313 0.0468125
6 0.178063 0.698979 0.0165313 0.0312917
6 0.577195 0.29026 0.00770312 0.0189792
6 0.362875 0.658646 0.0195938 0.0264167
6 0.750078 0.455292 0.0213438 0.0360833
6 0.261 0.438188 0.0270625 0.0503333
6 0.242695 0.366312 0.0156094 0.0539167
6 0.327523 0.335031 0.0192656 0.0296042
6 0.347047 0.752333 0.0534687 0.028125
6 0.403828 0.233208 0.0348125 0.024875
6 0.264562 0.304729 0.0404375 0.0177917
6 0.315086 0.250948 0.0305781 0.0189792
6 0.339805 0.35676 0.0236406 0.0435625
6 0.680508 0.360125 0.0267969 0.0211667
6 0.549367 0.249615 0.0169219 0.0269375
6 0.709242 0.437344 0.0118594 0.0398958
6 0.139641 0.428333 0.030125 0.0288333
6 0.264406 0.738844 0.0348125 0.0243542
6 0.0881797 0.358469 0.0194531 0.0216875
6 0.352984 0.607385 0.029875 0.0281042
6 0.509086 0.584729 0.0173594 0.0575417
6 0.389414 0.527052 0.0367344 0.0263958
6 0.412445 0.54776 0.0254531 0.0248958
6 0.49325 0.275833 0.0296563 0.0232917
6 0.290742 0.680333 0.0209531 0.0620833
6 0.600352 0.291198 0.0420781 0.0207708
6 0.356234 0.210896 0.0307812 0.0238333
6 0.450148 0.3895 0.0263281 0.03375
6 0.332422 0.398281 0.0325312 0.0283125
6 0.273594 0.542927 0.0394375 0.0218125
6 0.199016 0.457073 0.029625 0.0454375
6 0.411688 0.596292 0.0200313 0.020625
6 0.601508 0.341542 0.0347969 0.0290833
6 0.102672 0.435385 0.0111562 0.0128125
6 0.256289 0.370646 0.0109531 0.0315417
6 0.490773 0.582396 0.0240469 0.0435833
6 0.118969 0.556854 0.0176875 0.0217917
6 0.704797 0.262052 0.0234688 0.0158958
6 0.647586 0.225031 0.0121094 0.0156875
6 0.715883 0.313177 0.0118594 0.0316042
6 0.369398 0.568 0.0356094 0.0191667
6 0.718758 0.528969 0.0138906 0.0343958
6 0.292117 0.301406 0.0394219 0.0320625
6 0.102664 0.374677 0.0186094 0.0428542
6 0.328086 0.633417 0.0254531 0.021625
6 0.710727 0.383521 0.0153594 0.0169167
6 0.698828 0.38274 0.0111562 0.0130625
6 0.542266 0.273813 0.0190937 0.041875
39 0.0671016 0.768469 0.0252031 0.0307708
39 0.0620312 0.741885 0.018 0.0164375
39 0.102055 0.74551 0.0167344 0.0212708
39 0.0259687 0.755656 0.0200938 0.0243542
39 0.0699922 0.747437 0.0166094 0.0192917
39 0.0723828 0.781542 0.0155781 0.00666667
39 0.0441016 0.774573 0.0236094 0.0215208
39 0.0858516 0.750896 0.0215469 0.0284583
39 0.0692813 0.776958 0.138563 0.161333
39 0.0481172 0.744021 0.0143906 0.0155417
39 0.0181719 0.773 0.0223125 0.02075
39 0.0325078 0.745958 0.0205781 0.024375
39 0.0890234 0.770635 0.0211406 0.0207708
39 0.0728672 0.732948 0.0167344 0.0125625
39 0.100773 0.76274 0.0160469 0.0175625
39 0.0519297 0.755115 0.0228906 0.0218125