14 0.338667 0.924383 0.108792 0.110578
14 0.613802 0.0390156 0.0590625 0.0293438
14 0.439417 0.582633 0.165042 0.138516
14 0.936219 0.585703 0.119063 0.0992813
14 0.729833 0.111195 0.0635 0.0439219
14 0.802448 0.295 0.172979 0.111031
14 0.132885 0.240516 0.0974375 0.0359063
14 0.427323 0.772945 0.142563 0.127953
14 0.575365 0.512148 0.105229 0.0897344
14 0.312844 0.0879766 0.139562 0.0994219
14 0.211083 0.804492 0.0834167 0.0407656
14 0.319906 0.809367 0.0788542 0.0297344
14 0.97751 0.427719 0.0430625 0.0695
14 0.0233333 0.371836 0.0466667 0.178297
14 0.927844 0.729461 0.0743958 0.0419531
14 0.424469 0.189617 0.0504792 0.0348906
14 0.675302 0.551367 0.0849375 0.0581406
17 0.563646 0.419766 0.121542 0.103844
17 0.325104 0.85993 0.152833 0.0783281
17 0.44476 0.449102 0.128562 0.0797344
17 0.239167 0.189508 0.188792 0.0923906
17 0.612615 0.196625 0.0687708 0.0509375
17 0.479677 0.894742 0.192729 0.140453
17 0.56099 0.776328 0.172312 0.178719
17 0.0368229 0.483211 0.0702292 0.0494844
17 0.292521 0.365766 0.177958 0.104937
17 0.399906 0.246281 0.00239583 0.00384375
17 0.0719167 0.526391 0.0956667 0.0509375
19 0.79225 0.552641 0.181917 0.146375
19 0.524802 0.208055 0.174812 0.110891
19 0.615958 0.316953 0.112625 0.10475
19 0.421365 0.0672656 0.0997708 0.0790625
19 0.694125 0.142687 0.132375 0.0994375
19 0.55525 0.588211 0.195167 0.0794844
19 0.347875 0.161836 0.10875 0.0758594
19 0.357802 0.536914 0.179354 0.112953
19 0.702313 0.636477 0.182542 0.133672