46 0.302414 0.580816 0.0291406 0.037364
46 0.432438 0.511119 0.042875 0.0488494
46 0.412883 0.546496 0.0333281 0.0494351
46 0.50907 0.58501 0.0287969 0.0362971
46 0.366969 0.575199 0.038 0.0478452
46 0.23368 0.503577 0.0315156 0.0400837
46 0.407273 0.485858 0.0346406 0.0494979
46 0.491516 0.434383 0.0282187 0.0432845
46 0.344797 0.544215 0.0345312 0.0475941
46 0.458523 0.721151 0.0317969 0.0445188
46 0.329758 0.526757 0.0316094 0.0378661
46 0.381133 0.679644 0.0399219 0.0502929
46 0.560945 0.420669 0.0352656 0.0471967
46 0.455945 0.670816 0.0349219 0.0476569
46 0.417945 0.45273 0.0251406 0.0248326
46 0.355867 0.429038 0.0229844 0.0323849
46 0.312297 0.619644 0.0361563 0.0433891
46 0.542156 0.531328 0.0329062 0.0472594
46 0.499773 0.702908 0.0322031 0.0386192
46 0.427516 0.656967 0.0300312 0.041046
46 0.508898 0.737092 0.0365781 0.0509623
46 0.311961 0.543096 0.0286094 0.0432218
46 0.494523 0.638441 0.0244531 0.0339958
46 0.241266 0.415701 0.0376563 0.0426987
46 0.279289 0.548065 0.0363594 0.0373849
46 0.407781 0.63387 0.0343437 0.0425941
46 0.457984 0.482374 0.0389375 0.0450418
46 0.376227 0.493441 0.0311719 0.0414854
46 0.32568 0.510063 0.0255156 0.0233054
46 0.471875 0.52796 0.0319375 0.0290586
46 0.39882 0.441726 0.0306719 0.0424477
46 0.473305 0.597741 0.0307656 0.0486611
46 0.328414 0.429393 0.0309844 0.0404603
46 0.255445 0.54886 0.0272031 0.0417364
46 0.571852 0.456119 0.0267031 0.0287657
46 0.366703 0.526768 0.0375 0.041569
46 0.390906 0.603902 0.0315 0.0410669
46 0.349656 0.601925 0.0400625 0.0480335
46 0.266766 0.478504 0.0328437 0.0425732
46 0.385969 0.460722 0.0253437 0.034749
46 0.362563 0.441412 0.0173437 0.0255858
46 0.314477 0.489195 0.0288281 0.0462134
46 0.434898 0.469331 0.0342031 0.0407531
46 0.244898 0.465366 0.0323906 0.0398536
46 0.243492 0.537835 0.0285156 0.0390167
46 0.385336 0.418672 0.0329219 0.0248326
46 0.475367 0.652469 0.0305156 0.0459414
46 0.426406 0.58795 0.03175 0.0438912
46 0.53175 0.489979 0.0278438 0.0415063
46 0.452312 0.574801 0.031875 0.0352929
46 0.44875 0.626381 0.0342187 0.0441004
46 0.530687 0.442897 0.0384375 0.0479289
46 0.485156 0.563661 0.035 0.0515063
46 0.459039 0.55455 0.0320156 0.0375941
46 0.522648 0.542866 0.0230469 0.0380335
46 0.290641 0.497877 0.029625 0.0364644
46 0.461141 0.414634 0.032 0.0357531
46 0.36282 0.469351 0.0228906 0.0282845
46 0.394477 0.557176 0.0224531 0.0388703
46 0.564125 0.509038 0.038375 0.0379916
46 0.586789 0.430502 0.0214219 0.0246025
46 0.304406 0.454079 0.0339375 0.0383264
46 0.260422 0.592029 0.0332188 0.043682
46 0.558953 0.474414 0.0316563 0.0423849
46 0.522305 0.608054 0.0330781 0.0452301
46 0.501344 0.478849 0.0330312 0.0461506
46 0.320094 0.37114 0.0260312 0.0406485
46 0.451727 0.444603 0.0316719 0.0321339
46 0.340398 0.386067 0.0276406 0.0443933
46 0.508297 0.518253 0.0406562 0.0381799
46 0.427656 0.42932 0.0318125 0.0425732
46 0.266937 0.515188 0.0270937 0.0369874