24 0.203523 0.696094 0.115109 0.0681458
24 0.279789 0.712698 0.0364531 0.0343958
24 0.222547 0.253146 0.0850937 0.0385
24 0.293781 0.236354 0.0440313 0.0429167
24 0.273352 0.740896 0.0253906 0.0335833
59 0.345 0.76176 0.218062 0.153646
59 0.210883 0.293531 0.182047 0.0881458
59 0.165203 0.768917 0.173531 0.17875
59 0.346984 0.239323 0.183125 0.111729
50 0.308734 0.333385 0.323937 0.0818958
50 0.254563 0.857344 0.328469 0.0604375
50 0.195125 0.688458 0.09825 0.0516667
50 0.223172 0.252104 0.0863437 0.0405
50 0.291398 0.717448 0.0519219 0.0397292