17 0.851086 0.921667 0.0228906 0.0761502
17 0.933227 0.795998 0.133547 0.408005
17 0.901781 0.775352 0.126469 0.449296
17 0.859891 0.701045 0.109 0.405751
17 0.956906 0.679613 0.0450938 0.151009
17 0.925359 0.557066 0.04675 0.0978873
17 0.988844 0.910786 0.0223125 0.0774413
14 0.8065 0.864049 0.0412813 0.143075
14 0.956094 0.851854 0.0878125 0.296291
14 0.826219 0.927688 0.0380937 0.108192
14 0.88343 0.731197 0.0972031 0.327793
14 0.988023 0.965059 0.0239531 0.0698826
43 0.330859 0.430575 0.0670937 0.0670657
43 0.0864688 0.268592 0.0105938 0.0161502
43 0.109766 0.558897 0.015375 0.0269014
43 0.201633 0.45831 0.0699531 0.0309859
43 0.241219 0.437617 0.0333125 0.0981925
43 0.135742 0.558404 0.0193281 0.0194366
43 0.282562 0.473768 0.053125 0.0571596
43 0.335133 0.312793 0.0188594 0.0271362
43 0.393633 0.178991 0.0174219 0.0348826
43 0.208711 0.226162 0.0512031 0.0736385
43 0.125805 0.56304 0.0588906 0.0364085
43 0.435313 0.212312 0.0234375 0.0411502
43 0.298656 0.374671 0.026125 0.0812676
43 0.3925 0.461315 0.0728125 0.126526
43 0.0694453 0.31243 0.0235469 0.0234038
43 0.464992 0.507758 0.104609 0.181526
43 0.209391 0.489073 0.0294063 0.0482394
43 0.235781 0.635833 0.007875 0.0210563
43 0.240633 0.611526 0.0532656 0.0653991
43 0.0707656 0.245646 0.0140625 0.0448122
43 0.106336 0.495775 0.0712344 0.123333
43 0.222594 0.610434 0.0589375 0.128991
43 0.174844 0.157653 0.0630313 0.0805164
43 0.100711 0.235728 0.0419531 0.0774178
42 0.217617 0.748099 0.0623906 0.0795305
42 0.125398 0.566056 0.0570781 0.0360094
42 0.195539 0.649707 0.0469219 0.0794131
42 0.286469 0.205599 0.0475625 0.0291315
42 0.315391 0.103756 0.0380313 0.0650704
42 0.336391 0.420622 0.0420312 0.0789906
42 0.432453 0.153451 0.0468125 0.0433333
42 0.177008 0.353286 0.0731094 0.0559155
42 0.454492 0.249707 0.0504219 0.055939
42 0.487766 0.354002 0.0733125 0.066784
42 0.44707 0.281197 0.0469219 0.0602347
42 0.444766 0.476045 0.0668438 0.0725117
42 0.38 0.497735 0.0459688 0.0625587
42 0.358312 0.353474 0.0266562 0.0373709
42 0.44918 0.336502 0.0458906 0.0486854
42 0.210453 0.287042 0.025125 0.0366667
42 0.264133 0.427981 0.0270469 0.0276995
42 0.493391 0.300188 0.028625 0.0301878
42 0.0539922 0.545246 0.0542656 0.0799296
42 0.14993 0.514577 0.0530781 0.0714085
42 0.0800703 0.248967 0.0231719 0.0538028
42 0.285859 0.492171 0.0589375 0.0974413
42 0.19425 0.156878 0.0165 0.0160563
42 0.33918 0.314108 0.0280156 0.031784
42 0.347195 0.606491 0.0677031 0.0810094
42 0.405383 0.571256 0.0293281 0.0430751
8 0.437586 0.192876 0.0738281 0.0593192
8 0.216883 0.397054 0.0193281 0.032277
8 0.333727 0.121784 0.0268281 0.0440845
8 0.267852 0.360951 0.0314219 0.0294601
8 0.285242 0.576115 0.0539844 0.0761268
8 0.138969 0.290657 0.0344375 0.0764319
8 0.298906 0.367629 0.019875 0.0560094
8 0.156438 0.398134 0.0633125 0.0620892
8 0.234992 0.0999883 0.0254219 0.0272066
8 0.0363359 0.311608 0.0712031 0.0690845
8 0.164328 0.149871 0.0136562 0.0412911
8 0.427312 0.400927 0.0486875 0.0674413
8 0.197117 0.199495 0.0490469 0.048615
8 0.418266 0.312183 0.0457813 0.0966667
8 0.424695 0.081338 0.0355469 0.0576995
8 0.0583281 0.375387 0.0205 0.0343427
8 0.0221641 0.433768 0.0443281 0.0464085
8 0.0804297 0.426702 0.0448594 0.0612911
8 0.380031 0.458275 0.0369375 0.139366
8 0.137219 0.231843 0.0683438 0.0307746
8 0.374305 0.189977 0.0165156 0.0525822
8 0.441727 0.397195 0.0576094 0.0251878
8 0.140914 0.147418 0.0167969 0.0253991
8 0.177125 0.573028 0.0374375 0.0652582
8 0.467211 0.54831 0.0558281 0.0657746
8 0.147344 0.358897 0.041 0.0689671
8 0.465367 0.427054 0.0313906 0.0425587
8 0.0360313 0.496279 0.069875 0.0218075