59 0.707383 0.477307 0.255734 0.186183
59 0.412336 0.491019 0.136266 0.357213
59 0.433953 0.59308 0.0325312 0.192717
59 0.226594 0.591218 0.0539687 0.114754
59 0.243211 0.496733 0.0787656 0.286674
59 0.34407 0.14452 0.134328 0.18815
59 0.686719 0.67034 0.170719 0.232717
38 0.342484 0.276335 0.0661562 0.100258
38 0.726797 0.397272 0.265594 0.0736534
38 0.789289 0.227799 0.0644531 0.14548
38 0.631625 0.643021 0.0470938 0.0774707
38 0.284789 0.261054 0.0250781 0.0609836
38 0.278961 0.636897 0.0634219 0.331827
38 0.803 0.533595 0.0919375 0.0905621
38 0.369953 0.131768 0.109937 0.117963
38 0.447836 0.540644 0.0617656 0.284567
38 0.222031 0.33897 0.0374375 0.0574239