42 0.31132 0.223162 0.246453 0.319859
42 0.174055 0.459157 0.132953 0.162717
42 0.486648 0.095808 0.246891 0.191616
42 0.676422 0.698126 0.271 0.379766
42 0.842273 0.863314 0.195359 0.269813
42 0.844945 0.325937 0.0478906 0.110843
42 0.349297 0.0386066 0.0678438 0.0655504
42 0.305609 0.790492 0.0629062 0.1074
42 0.868867 0.497131 0.251922 0.369391
42 0.417883 0.266311 0.412453 0.321756
42 0.624289 0.342283 0.288859 0.106112
34 0.34993 0.824157 0.0945781 0.148689
34 0.731242 0.419813 0.0439844 0.0684309
34 0.432648 0.2476 0.0413281 0.0848946
34 0.346344 0.192763 0.0678438 0.0476815
34 0.474641 0.164251 0.0591875 0.0840047
34 0.546164 0.613841 0.0217969 0.0492272
34 0.115461 0.949789 0.0530781 0.100422
34 0.700547 0.594485 0.0365625 0.0925761
34 0.880023 0.608782 0.0492656 0.0473536
34 0.536242 0.837354 0.0885469 0.084356
34 0.449102 0.267354 0.0296406 0.043466
34 0.557828 0.196522 0.074125 0.0993677
34 0.278797 0.25103 0.0377813 0.0405152
34 0.824602 0.511979 0.0224844 0.0261124
34 0.397703 0.942986 0.0398437 0.112529
34 0.245719 0.135761 0.0273438 0.0551288
34 0.312672 0.271546 0.13725 0.100843
34 0.615625 0.310703 0.0617188 0.0751288
34 0.292477 0.102178 0.0487344 0.0628103
34 0.553656 0.863255 0.0471875 0.103841
34 0.604781 0.41219 0.0719687 0.0505152
34 0.657805 0.675703 0.0498594 0.102927
34 0.943539 0.578782 0.0630469 0.0598595
34 0.843406 0.253806 0.04625 0.0427869
11 0.243367 0.632881 0.250766 0.45733
11 0.412117 0.390925 0.225734 0.20555
11 0.702227 0.174415 0.218922 0.348829