62 0.88824 0.20859 0.0488 0.0968085
62 0.69721 0.212686 0.03678 0.0544681
62 0.81821 0.212699 0.07302 0.0959309
62 0.48901 0.410652 0.07518 0.109814
62 0.63363 0.357513 0.1455 0.14242
62 0.82539 0.14875 0.06102 0.0706915
62 0.52955 0.185957 0.10018 0.11867
62 0.29816 0.0537766 0.06972 0.101702
62 0.70443 0.0264096 0.04374 0.0528191
62 0.49528 0.336223 0.03756 0.0706915
62 0.79757 0.267327 0.0973 0.0928457
62 0.50385 0.0718351 0.09966 0.14367
62 0.40844 0.091742 0.1162 0.148803
62 0.70089 0.0814628 0.0273 0.0221277
62 0.4145 0.309402 0.10988 0.156835
62 0.45682 0.137646 0.05492 0.0813032
62 0.682 0.0934176 0.01696 0.0340691
62 0.7169 0.284894 0.06936 0.0939894
62 0.36129 0.229388 0.05394 0.100372
62 0.80375 0.0671676 0.0847 0.119282
62 0.57753 0.120146 0.05694 0.0744415
62 0.57836 0.0148404 0.0242 0.0296809
62 0.66878 0.0368085 0.03404 0.073617
62 0.67041 0.280106 0.02582 0.029734