57 0.458477 0.427385 0.0876094 0.0712292
57 0.317453 0.767729 0.100469 0.142208
57 0.209797 0.645 0.095 0.0874167
57 0.160148 0.515708 0.105578 0.087875
57 0.438125 0.373094 0.124969 0.0931458
57 0.56668 0.12449 0.0721406 0.0408542
57 0.372555 0.787344 0.105453 0.169896
57 0.51532 0.431719 0.0780156 0.0707708
57 0.837492 0.347573 0.113734 0.0868125
57 0.564422 0.357323 0.105406 0.127396
57 0.658133 0.739708 0.0521094 0.192833
57 0.257734 0.207354 0.0399687 0.060625
57 0.806023 0.285115 0.109141 0.0684375
57 0.763336 0.693719 0.105703 0.144854
57 0.611102 0.78324 0.0922656 0.201521
57 0.362398 0.156188 0.0394219 0.058
57 0.613859 0.1505 0.0549063 0.055875
57 0.175234 0.58825 0.106969 0.0715833
57 0.182664 0.333948 0.0834531 0.0789792
57 0.843695 0.522813 0.102203 0.0902083
57 0.181492 0.417771 0.0794219 0.0526667
57 0.200656 0.290125 0.0687813 0.063125
57 0.85782 0.449417 0.115484 0.0934167
57 0.325492 0.162354 0.0457656 0.0517917
57 0.722656 0.73649 0.08975 0.174687
57 0.225547 0.249885 0.0477812 0.0618125
57 0.793539 0.640354 0.106484 0.16375
57 0.432719 0.801385 0.096375 0.167438
57 0.180188 0.381302 0.0709375 0.0543958
57 0.291477 0.172437 0.0305781 0.045375
57 0.279047 0.711906 0.116875 0.108646
57 0.466117 0.302969 0.0575469 0.0701042
57 0.402781 0.131812 0.0400625 0.0397917
57 0.828773 0.578365 0.0930781 0.127187
57 0.159812 0.455052 0.0923125 0.0546042
57 0.855 0.401187 0.114719 0.0659167
57 0.592633 0.403802 0.0928906 0.0989792
57 0.516297 0.309938 0.0803438 0.123583
57 0.547859 0.786635 0.0781563 0.183854
57 0.660961 0.180083 0.0669531 0.0507917
57 0.717742 0.205313 0.0865469 0.0469167
57 0.446414 0.113708 0.0490469 0.059375
57 0.483977 0.121281 0.0430781 0.0471875
57 0.232016 0.679031 0.0976875 0.110771
57 0.758609 0.232573 0.0816562 0.0458958
57 0.527695 0.117542 0.0638281 0.0500833
36 0.528359 0.192458 0.0839375 0.0801667
36 0.66507 0.488625 0.143453 0.1275
36 0.330773 0.299125 0.0977656 0.106792
36 0.431813 0.20725 0.0651875 0.121667
36 0.703555 0.33475 0.117359 0.0884583
36 0.318516 0.340188 0.107 0.102417
36 0.349938 0.522625 0.144313 0.108333
36 0.677766 0.277594 0.109813 0.0843542
36 0.627258 0.232323 0.107328 0.0783958
36 0.696703 0.407 0.104406 0.104583
36 0.305219 0.389094 0.101969 0.112604
36 0.319898 0.470302 0.142672 0.102479
36 0.437117 0.545615 0.125922 0.105063
36 0.577281 0.549729 0.0705313 0.111333
36 0.508602 0.550906 0.118016 0.117146
36 0.612086 0.549344 0.121078 0.112771
36 0.475773 0.19824 0.0847656 0.102188
36 0.357148 0.267958 0.107891 0.1195
36 0.57775 0.200719 0.115187 0.0901875
36 0.395086 0.23376 0.0885156 0.120354
44 0.338398 0.185385 0.0505781 0.0676875
44 0.239945 0.412823 0.0713906 0.0431042
44 0.408953 0.154073 0.0398125 0.0459792
44 0.27025 0.25526 0.0451562 0.0711875
44 0.650922 0.62826 0.0500625 0.0891042
44 0.374523 0.16949 0.0349531 0.0492292
44 0.293516 0.593104 0.0946875 0.072375
44 0.523586 0.658396 0.0615469 0.10025
44 0.254703 0.298469 0.0465313 0.0492292
44 0.236539 0.366135 0.0559844 0.0592708
44 0.77493 0.43974 0.0732969 0.0929792
44 0.691844 0.607969 0.061 0.106146
44 0.615906 0.640854 0.0668125 0.09325
44 0.427766 0.651333 0.0774375 0.129792
44 0.759313 0.480948 0.069625 0.0771875
44 0.783031 0.349927 0.0526875 0.0607708
44 0.247789 0.556302 0.0894219 0.0903542
44 0.233977 0.51726 0.0937969 0.0601875
44 0.456594 0.139448 0.05225 0.0264792
44 0.564617 0.152563 0.0342344 0.0133333
44 0.537289 0.14326 0.0548281 0.0234375
44 0.572945 0.648802 0.0597344 0.0931875
44 0.232586 0.462438 0.0705156 0.0669167
44 0.750211 0.534344 0.0813281 0.0971458
44 0.774594 0.292063 0.0855313 0.0480833
44 0.325008 0.628104 0.104172 0.108458
44 0.773633 0.388135 0.0628906 0.0628958
44 0.500797 0.142875 0.0327812 0.0145417
44 0.245438 0.331917 0.0470625 0.033125
44 0.474133 0.6595 0.0850781 0.13525
44 0.378109 0.645083 0.0855625 0.125417
44 0.708398 0.582094 0.0774531 0.0968125
44 0.290867 0.220896 0.0490469 0.0615417
44 0.312805 0.201292 0.0244844 0.035375
51 0.59393 0.45975 0.0719219 0.085125
51 0.395797 0.433792 0.052375 0.0594583
51 0.603703 0.290885 0.062125 0.0468125
51 0.425828 0.47674 0.0752812 0.0473958
51 0.522453 0.250156 0.0451875 0.0673958
51 0.477734 0.480594 0.06 0.0572708
51 0.567109 0.273125 0.0575 0.0712917
51 0.630992 0.337062 0.0567656 0.0643333
51 0.536695 0.474854 0.0675156 0.0728333
51 0.419016 0.30774 0.04 0.0610208
51 0.397906 0.330021 0.0535625 0.047875
51 0.489953 0.26125 0.0315937 0.0591667
51 0.628656 0.405 0.0625 0.0752083
51 0.373734 0.400948 0.0475 0.0936042