14 0.385227 0.666531 0.0192344 0.0258958
14 0.896281 0.816375 0.0232812 0.0184583
14 0.929984 0.819646 0.0500938 0.066375
14 0.884172 0.867177 0.049125 0.112937
14 0.398984 0.67724 0.018375 0.0343542
14 0.36075 0.665646 0.008 0.00820833
14 0.91625 0.833552 0.0359063 0.0213958
14 0.402211 0.648771 0.0309531 0.01025
14 0.893367 0.835135 0.00689063 0.0162292
14 0.379219 0.646531 0.0198125 0.0376875
12 0.739805 0.828469 0.0598594 0.0734375
12 0.797664 0.859344 0.0715469 0.109396
12 0.853086 0.861531 0.0602031 0.0769792
12 0.749797 0.87949 0.0640312 0.0743542
12 0.791664 0.746719 0.0562031 0.0786875
12 0.79518 0.801406 0.0596094 0.0407708