6 0.27554 0.46876 0.1298 0.06184
6 0.21814 0.4052 0.05656 0.02736
6 0.30332 0.39684 0.08456 0.0678667
6 0.123 0.299173 0.01568 0.0918933
6 0.1308 0.22116 0.01308 0.0392267
6 0.14153 0.31188 0.03086 0.120187
6 0.12669 0.139773 0.02962 0.0813067
6 0.18893 0.0408933 0.0425 0.0730933
6 0.18977 0.20812 0.02526 0.0532
6 0.11031 0.232893 0.03202 0.0990667
6 0.37311 0.471787 0.02866 0.0317867
6 0.08481 0.227387 0.02798 0.0861333
6 0.25381 0.411613 0.04762 0.0222667
6 0.21525 0.380573 0.10938 0.0525067
6 0.13539 0.219773 0.0259 0.06584
6 0.09867 0.0291867 0.05462 0.0571467
6 0.16872 0.27096 0.05308 0.0365333
6 0.1547 0.210427 0.01712 0.04896
6 0.29201 0.445973 0.12298 0.03312
6 0.17386 0.340467 0.03344 0.0269067
1 0.43393 0.81536 0.0407 0.04496
1 0.57836 0.77928 0.02692 0.04512
1 0.51992 0.124187 0.02136 0.04128
1 0.66704 0.63332 0.02348 0.0308
1 0.57441 0.827053 0.04058 0.0572
1 0.24877 0.0272667 0.03926 0.0350667
1 0.69652 0.549227 0.02172 0.0307733
1 0.07018 0.373147 0.04824 0.0621333
1 0.067 0.152573 0.04148 0.0550133
1 0.91123 0.638933 0.02754 0.0316267
1 0.2993 0.2362 0.03292 0.0228
1 0.76758 0.74796 0.03232 0.0446133
1 0.68756 0.610573 0.02712 0.0353867
1 0.42653 0.08056 0.02366 0.0369067
1 0.02917 0.41924 0.05078 0.06472
1 0.5959 0.880133 0.04 0.0330667
1 0.37984 0.412173 0.0346 0.0510133
1 0.38273 0.276667 0.03462 0.0430933
1 0.7925 0.684413 0.02884 0.0332
1 0.59217 0.622867 0.02726 0.0274933
1 0.28389 0.108653 0.0325 0.04232
1 0.65335 0.67808 0.0327 0.0448533
1 0.69374 0.748373 0.0306 0.04672
1 0.40268 0.08988 0.03404 0.03512
1 0.9593 0.656667 0.02516 0.0353067
1 0.31045 0.28704 0.04146 0.0545067
1 0.25193 0.08316 0.03386 0.0441867
1 0.53147 0.89988 0.04134 0.0607733
1 0.03664 0.5028 0.04344 0.06352
1 0.65378 0.147947 0.02864 0.03232
1 0.55123 0.797613 0.03442 0.0345867
1 0.66867 0.2356 0.03574 0.0291733
1 0.68645 0.792613 0.02826 0.0435733
1 0.68778 0.69468 0.02704 0.0268
1 0.79117 0.734427 0.03166 0.0485333
1 0.89922 0.673813 0.02924 0.0377067
1 0.62319 0.72296 0.03386 0.0451733
1 0.51009 0.36564 0.03846 0.04152
1 0.77594 0.599747 0.02884 0.0369333
1 0.75184 0.6204 0.02636 0.0376
1 0.01994 0.33784 0.03988 0.0522667
1 0.54196 0.385893 0.03192 0.02768
1 0.65961 0.205053 0.02462 0.0392267
1 0.42106 0.86852 0.04788 0.06616
1 0.67661 0.658893 0.02322 0.0286667
1 0.67031 0.715267 0.03826 0.0475467
1 0.54515 0.657653 0.02938 0.0399467
1 0.48043 0.44048 0.0429 0.0506133
1 0.58481 0.69044 0.03018 0.0407733
1 0.6738 0.558067 0.0244 0.03624
1 0.7005 0.825347 0.03128 0.0278667
1 0.31876 0.125627 0.0372 0.04464
1 0.40802 0.426453 0.04168 0.036
1 0.24808 0.255413 0.03316 0.0157333
1 0.25654 0.19788 0.03172 0.0341067
1 0.61609 0.834613 0.03538 0.0292267
1 0.81345 0.639987 0.02926 0.03736
1 0.14485 0.490133 0.03926 0.0647467
1 0.1555 0.524147 0.04712 0.0236
1 0.74278 0.73564 0.02884 0.0405067
1 0.77259 0.668 0.0273 0.0317867
1 0.42481 0.914267 0.02134 0.03104
1 0.80028 0.566667 0.02104 0.01376
1 0.37408 0.241507 0.02392 0.04312
1 0.33998 0.301187 0.02988 0.0438667
1 0.4947 0.862427 0.045 0.04128
1 0.83871 0.580547 0.0249 0.0345333
1 0.50118 0.6264 0.02712 0.0203733
1 0.60607 0.704347 0.03542 0.04576
1 0.64023 0.77876 0.03278 0.0376267
1 0.56222 0.676733 0.0336 0.0422133
1 0.60175 0.746733 0.02614 0.0277067
1 0.2295 0.0823067 0.015 0.04408
1 0.50575 0.602467 0.02782 0.0278133
1 0.28292 0.29208 0.03696 0.0472
1 0.05892 0.321693 0.03912 0.05288
1 0.8776 0.638373 0.02872 0.0391467
1 0.6175 0.762147 0.0304 0.03448
1 0.07094 0.522907 0.05988 0.06256
1 0.4153 0.26108 0.0344 0.0477067
1 0.63538 0.232333 0.02904 0.03608
1 0.8122 0.359493 0.02424 0.0282133
1 0.84393 0.737187 0.0227 0.0236
1 0.01988 0.151667 0.03904 0.05768
1 0.78614 0.769747 0.02884 0.0302667
1 0.58455 0.730453 0.02942 0.03504
1 0.56231 0.714627 0.03146 0.03464
1 0.80778 0.725253 0.02904 0.04144
1 0.76356 0.698253 0.01712 0.0243467
1 0.67981 0.215053 0.02634 0.0294667
1 0.25626 0.12028 0.03884 0.0319733
1 0.55548 0.751747 0.03632 0.0505333
1 0.10657 0.368507 0.0433 0.05264
1 0.35268 0.244093 0.0278 0.0474933
1 0.64804 0.0664533 0.02648 0.0216533
1 0.29544 0.202613 0.035 0.0430933
1 0.79627 0.621067 0.02518 0.0279467
1 0.48231 0.61592 0.0279 0.0338667
1 0.47166 0.77516 0.02756 0.03304
1 0.29632 0.152107 0.03412 0.0539733
1 0.07855 0.47008 0.05306 0.04384
1 0.37964 0.11388 0.03452 0.0441867
1 0.40752 0.301027 0.03292 0.0436
1 0.71254 0.736947 0.03152 0.0443467
1 0.70858 0.282533 0.01472 0.0135467
1 0.42017 0.15976 0.0323 0.0397333
1 0.61104 0.668587 0.03384 0.0428267
1 0.70372 0.37352 0.03572 0.05456
1 0.75614 0.56188 0.02444 0.0268
1 0.73071 0.63924 0.02714 0.0316
1 0.43873 0.30156 0.03482 0.04312
1 0.82269 0.7518 0.0281 0.0256267
1 0.3821 0.184467 0.019 0.00813333
1 0.72874 0.809187 0.02656 0.02744
1 0.49866 0.933253 0.04008 0.05184
1 0.65272 0.561453 0.02428 0.0324
1 0.93923 0.633027 0.02774 0.03432
1 0.52123 0.62804 0.02518 0.0280267
1 0.04316 0.106093 0.05132 0.0631733
1 0.52437 0.683307 0.02846 0.0320533
1 0.66307 0.80256 0.03758 0.04848
1 0.75316 0.33988 0.02212 0.0233333
1 0.61299 0.63832 0.03062 0.0305067
1 0.69231 0.114147 0.03194 0.0430667
1 0.11209 0.50808 0.04766 0.06816
1 0.40946 0.0363867 0.0346 0.0233867
1 0.64858 0.10688 0.02904 0.0356267
1 0.33256 0.208733 0.02556 0.04376
1 0.87739 0.60488 0.0277 0.03744
1 0.07766 0.282547 0.04192 0.04696
1 0.72604 0.579853 0.02616 0.0357067
1 0.7547 0.589013 0.02724 0.0339733
1 0.38787 0.0547333 0.02634 0.05
1 0.47304 0.2664 0.01436 0.01664
1 0.82131 0.700187 0.02998 0.04032
1 0.51918 0.26224 0.02292 0.0252267
1 0.7846 0.573587 0.0204 0.02104
1 0.85827 0.67892 0.03066 0.0393333
1 0.41921 0.793627 0.03974 0.0333333
1 0.39356 0.884493 0.0248 0.0284533
1 0.44093 0.42268 0.04186 0.0539467
1 0.02847 0.285813 0.04166 0.05072
1 0.53012 0.423347 0.05216 0.0574667
1 0.48534 0.384187 0.02308 0.0213867
1 0.69243 0.30484 0.02846 0.0356533
1 0.30701 0.0996933 0.0211 0.0237067
1 0.01715 0.0178667 0.0331 0.0347733
1 0.87729 0.663333 0.0225 0.0205333
1 0.69345 0.575027 0.01886 0.0222667
1 0.66888 0.7568 0.03616 0.0479467
1 0.8286 0.380947 0.02812 0.0301067
1 0.73694 0.32992 0.0268 0.0276267
1 0.85633 0.625773 0.02442 0.03768
1 0.36184 0.03816 0.02704 0.03504
1 0.28581 0.0257733 0.03654 0.0269067
1 0.61565 0.575787 0.02578 0.0356267
1 0.65662 0.641533 0.02692 0.03384
1 0.39958 0.839253 0.04688 0.06448
1 0.56855 0.63512 0.03038 0.0415467
1 0.85833 0.59144 0.02566 0.0369067
1 0.70556 0.702307 0.01328 0.02616
1 0.23779 0.143587 0.03078 0.0481867
1 0.63951 0.654747 0.03346 0.0402667
1 0.2366 0.17272 0.02156 0.0100267
1 0.70981 0.78256 0.02558 0.0415467
1 0.39137 0.1468 0.03266 0.03984
1 0.01035 0.20488 0.0207 0.0240533
1 0.59741 0.81696 0.0273 0.0394667
1 0.84523 0.702213 0.02438 0.03616
1 0.74607 0.311013 0.0273 0.02864
1 0.36789 0.363333 0.03366 0.0461333
1 0.53189 0.766027 0.03718 0.0481067
1 0.80506 0.759813 0.02396 0.0262933
1 0.8342 0.55476 0.02112 0.0278667
1 0.77654 0.34128 0.03172 0.04256
1 0.76983 0.780907 0.02282 0.028
1 0.80316 0.587307 0.02768 0.0371733
1 0.65977 0.5858 0.01806 0.0276533
1 0.83998 0.640893 0.02404 0.0258933
1 0.46056 0.9018 0.05212 0.0630667
1 0.13048 0.365573 0.03024 0.0449067
1 0.58643 0.653213 0.0327 0.0407733
1 0.82015 0.600387 0.0251 0.0337867
1 0.67839 0.1632 0.02346 0.03872
1 0.71754 0.30884 0.02596 0.0382133
1 0.73854 0.67236 0.02424 0.0206133
1 0.02573 0.380947 0.04194 0.0337333
1 0.71897 0.691613 0.02854 0.0345867
1 0.73903 0.54436 0.02866 0.0374133
1 0.6717 0.0723867 0.02596 0.02488
1 0.59598 0.586053 0.0264 0.0469333
1 0.94255 0.675093 0.01914 0.0234667
1 0.5478 0.602707 0.02076 0.0334133
1 0.83889 0.612773 0.0261 0.0332267
1 0.77457 0.637267 0.02966 0.03976
1 0.6443 0.739987 0.0364 0.0449333
1 0.68897 0.254347 0.02174 0.0311467
1 0.68133 0.836787 0.0221 0.02488
1 0.1298 0.410667 0.04144 0.04624
1 0.22671 0.206027 0.03442 0.04848
1 0.03873 0.0534533 0.0403 0.0556533
1 0.08508 0.417813 0.0454 0.0597333
1 0.91537 0.668853 0.02598 0.0346133
1 0.29142 0.32924 0.03448 0.0398133
1 0.44239 0.4636 0.04154 0.0241067
1 0.04823 0.0214133 0.03854 0.03952
1 0.7424 0.69864 0.03076 0.0418133
1 0.35275 0.387253 0.02786 0.0306133
1 0.41635 0.117213 0.03858 0.0411467
1 0.19082 0.513507 0.04572 0.0246133
1 0.37338 0.791 0.03308 0.0350667
1 0.71028 0.627227 0.02556 0.03232
1 0.17799 0.480053 0.04902 0.0641067
1 0.39848 0.22756 0.03284 0.0424267
1 0.03675 0.215547 0.0307 0.0393067
1 0.54148 0.697693 0.0268 0.0277067
1 0.51124 0.768253 0.00808 0.0243467
1 0.63725 0.63508 0.01654 0.0159733
1 0.40393 0.368467 0.03762 0.0401867
1 0.31854 0.320773 0.02884 0.0230933
1 0.52447 0.30772 0.0295 0.0393333
1 0.83023 0.667693 0.02038 0.03896
1 0.57427 0.89564 0.02462 0.0307467
1 0.92952 0.66076 0.01732 0.03128
1 0.69248 0.39852 0.04192 0.0549067
1 0.64882 0.850147 0.0312 0.03592
1 0.58387 0.604293 0.02482 0.0218133
1 0.31987 0.16256 0.03694 0.03392
1 0.8948 0.628707 0.01736 0.03176
1 0.32291 0.0319867 0.03874 0.03224
1 0.37013 0.851253 0.03366 0.0429867
1 0.74229 0.797347 0.0275 0.02872
1 0.2663 0.157227 0.0386 0.04352
1 0.7034 0.600027 0.02648 0.0341867
1 0.28161 0.257613 0.03846 0.0196
1 0.32451 0.2612 0.03482 0.0377067
1 0.27201 0.21632 0.0217 0.03424
1 0.81467 0.674187 0.02462 0.03488
1 0.69473 0.659227 0.0127 0.00858667
1 0.01279 0.0618667 0.02558 0.05824
1 0.49643 0.788293 0.0357 0.0429867
1 0.31251 0.05352 0.0343 0.03984
1 0.66602 0.27904 0.02916 0.0354667
1 0.28527 0.0656267 0.03194 0.0489067
1 0.54463 0.838187 0.04306 0.0532267
1 0.67638 0.578947 0.01804 0.0263733
1 0.12341 0.45288 0.04598 0.0448533
48 0.29529 0.968213 0.04174 0.0635733
48 0.27533 0.812133 0.02654 0.0396267
48 0.19627 0.959067 0.02854 0.0236267
48 0.11226 0.92432 0.02852 0.0457067
48 0.37769 0.91416 0.0473 0.0492267
48 0.35625 0.977493 0.0361 0.0450133
48 0.35414 0.930573 0.03884 0.0528267
48 0.20284 0.860587 0.03368 0.068
48 0.20635 0.805693 0.0275 0.0507467
48 0.1087 0.951453 0.01672 0.0592267
48 0.15873 0.950707 0.05302 0.0924533
48 0.19531 0.982947 0.05786 0.0341067
48 0.41249 0.972173 0.03942 0.0556533
48 0.31949 0.92612 0.03862 0.0411467
48 0.12239 0.871667 0.04386 0.0592267
48 0.15105 0.809947 0.06018 0.0396267
48 0.21962 0.820293 0.03208 0.0373867
48 0.17376 0.850853 0.0392 0.0674667
48 0.24971 0.818293 0.03026 0.0466133
48 0.32428 0.898613 0.05316 0.04352
48 0.21457 0.91208 0.03074 0.0356267
48 0.09138 0.8832 0.03788 0.0428267
48 0.32723 0.955253 0.02886 0.04288
48 0.12444 0.968747 0.02916 0.0625067
48 0.26844 0.949613 0.02904 0.0494667
48 0.23859 0.94552 0.0279 0.03872
48 0.39056 0.945787 0.05036 0.0858133
48 0.27769 0.924733 0.02282 0.0257867
48 0.23095 0.779787 0.0325 0.0505067
48 0.22834 0.89268 0.04008 0.0721333
48 0.26814 0.872773 0.05004 0.0672533
48 0.34449 0.881867 0.03558 0.0472
48 0.38883 0.99328 0.03398 0.01344
48 0.24354 0.988867 0.04716 0.0183733
48 0.1126 0.989613 0.01576 0.01768
48 0.26254 0.90232 0.03364 0.0533333
48 0.29527 0.887307 0.02654 0.0592533
48 0.08433 0.83596 0.04618 0.0640267
48 0.26758 0.97332 0.03716 0.05336
48 0.32289 0.982587 0.04538 0.03328
48 0.31699 0.85168 0.0485 0.03216
48 0.28848 0.91872 0.01992 0.0287467