11 0.561578 0.880872 0.215094 0.237108
11 0.497477 0.211567 0.183797 0.266755
11 0.870187 0.810784 0.203875 0.378433
11 0.934828 0.354161 0.130344 0.170088
11 0.679312 0.880651 0.230344 0.238698
11 0.619352 0.669415 0.525578 0.21543
11 0.51082 0.404636 0.442234 0.294658
11 0.949117 0.0821082 0.100797 0.164216
11 0.75525 0.445717 0.210719 0.4234
11 0.572383 0.0702208 0.126984 0.0760265
11 0.557531 0.0412031 0.183438 0.0794481
11 0.741547 0.492141 0.061 0.0802649
11 0.59657 0.222263 0.172297 0.196932
11 0.596594 0.323366 0.1655 0.222804