42 0.572586 0.57975 0.0380781 0.0717917
42 0.478328 0.620271 0.0277813 0.0393333
42 0.632172 0.473687 0.0345937 0.039625
42 0.480031 0.420896 0.0276875 0.0264167
42 0.534875 0.50424 0.0285313 0.0232708
42 0.454805 0.516979 0.0190469 0.035375
42 0.384797 0.577312 0.0336562 0.0269167
42 0.436844 0.582646 0.0436563 0.0435833
42 0.392805 0.487229 0.0318906 0.0268333
42 0.668164 0.546156 0.0305781 0.0456458
42 0.674852 0.480646 0.0230156 0.02
42 0.523047 0.448906 0.028 0.0417708
42 0.629047 0.604896 0.0329375 0.0325417
42 0.616219 0.552469 0.0134687 0.0243542
42 0.506242 0.654865 0.0219219 0.0174375
42 0.477102 0.476365 0.0219219 0.0276875