43 0.635523 0.602353 0.0687656 0.0590588
43 0.571992 0.389424 0.0147031 0.0408235
43 0.595695 0.576118 0.0281719 0.0346824
43 0.575719 0.598753 0.0514687 0.0587765
43 0.52293 0.549388 0.0285469 0.0177882
43 0.539734 0.648482 0.0464062 0.0663294
43 0.721586 0.594941 0.0341406 0.0413176
43 0.474047 0.590035 0.0386875 0.0246353
43 0.712062 0.703247 0.0220938 0.0199529
43 0.456 0.468788 0.0158125 0.0346588
43 0.556805 0.620694 0.0387656 0.0360235
43 0.51732 0.581718 0.0217656 0.0234353
43 0.547656 0.561294 0.029625 0.0563765
43 0.380789 0.350988 0.0347031 0.0402353
43 0.331047 0.383588 0.0287813 0.0246353
43 0.219508 0.674106 0.0216406 0.0164
43 0.253078 0.468835 0.0368125 0.0186118
43 0.489031 0.564729 0.0865313 0.0298353
43 0.327195 0.405765 0.0264219 0.0214118
43 0.656922 0.643894 0.056375 0.0466588
43 0.188883 0.591506 0.0663594 0.0410353
43 0.470078 0.480894 0.02425 0.0318118
43 0.470453 0.548941 0.0422187 0.0128941
43 0.754258 0.580129 0.0209531 0.0310353
43 0.431195 0.690376 0.0509219 0.0274353
43 0.467289 0.407071 0.0292344 0.0409647
43 0.256461 0.445565 0.0422344 0.0310353