14 0.520562 0.249 0.087375 0.0880706
14 0.463758 0.0261412 0.0807656 0.0504471
14 0.768258 0.211024 0.0707031 0.07
14 0.50043 0.128494 0.0723594 0.111012
14 0.546172 0.435306 0.110594 0.0715529
14 0.773742 0.308694 0.0757969 0.111647
14 0.76025 0.374106 0.396469 0.179082
14 0.473719 0.181529 0.134937 0.0531765
14 0.47543 0.105024 0.0389844 0.101529
14 0.639 0.390941 0.102188 0.104282
14 0.82257 0.422482 0.128859 0.0272235
14 0.678594 0.372753 0.0849063 0.024
14 0.76868 0.0894 0.0224844 0.0851529
14 0.63125 0.444729 0.059875 0.0340235
14 0.792844 0.306671 0.141094 0.106706
14 0.508141 0.0311294 0.0745 0.0461176
14 0.566789 0.210341 0.0584531 0.125435
14 0.500703 0.0723647 0.056 0.0370588
14 0.724609 0.103671 0.0427812 0.0654118
14 0.44718 0.269271 0.0497031 0.206965