42 0.536953 0.585229 0.100812 0.0845417
42 0.512156 0.349271 0.127031 0.123375
42 0.143141 0.507656 0.0673125 0.0982708
42 0.301258 0.684313 0.101547 0.133792
42 0.139406 0.388354 0.089 0.0782917
42 0.286133 0.58926 0.0715156 0.0696042
42 0.414695 0.832865 0.0800156 0.119063
42 0.539227 0.411979 0.0692344 0.0869167
42 0.336102 0.292552 0.0876094 0.0966875
42 0.418508 0.908583 0.0881406 0.073125
42 0.199883 0.411927 0.0222031 0.0261458
42 0.394695 0.599333 0.0856406 0.0868333
42 0.505141 0.749146 0.104344 0.118958
42 0.113133 0.46924 0.0680156 0.0728958
42 0.634625 0.682281 0.0374063 0.0446042
42 0.478313 0.542979 0.0787188 0.105458
42 0.161437 0.11876 0.0640312 0.0705208
42 0.15743 0.443156 0.0544844 0.0533958
42 0.22782 0.41424 0.0397969 0.0725625
42 0.391172 0.451604 0.0886563 0.123167