57 0.359877 0.350327 0.144951 0.136144
57 0.629665 0.218979 0.0771405 0.0619118
57 0.519191 0.677435 0.0779575 0.11281
57 0.355817 0.580768 0.145392 0.143595
57 0.543186 0.605507 0.0784641 0.0817974
57 0.411895 0.263219 0.0890523 0.0983333
57 0.27268 0.433709 0.0961111 0.101536
57 0.441446 0.412386 0.0822712 0.0782026
57 0.602467 0.742353 0.0781046 0.0965033
57 0.272353 0.278407 0.113856 0.104069
57 0.389984 0.477435 0.121797 0.0687255
57 0.247941 0.171405 0.106176 0.074902
57 0.431912 0.240417 0.0927451 0.0655392
57 0.762574 0.454387 0.107141 0.162304
57 0.863162 0.489706 0.104918 0.117941
57 0.785057 0.620596 0.0707353 0.0720098
57 0.746904 0.312059 0.112631 0.0976471
57 0.468415 0.322606 0.0811111 0.0457026
57 0.441838 0.487688 0.101781 0.0738399