42 0.535742 0.482896 0.0726094 0.0987083
42 0.227898 0.358187 0.0785156 0.0822083
42 0.731852 0.232094 0.0842969 0.0553542
42 0.428617 0.478479 0.0837969 0.0410833
42 0.151602 0.554458 0.0668281 0.0403333
42 0.916828 0.460729 0.111187 0.0701667
42 0.660359 0.216333 0.0525937 0.033125
42 0.624461 0.623219 0.101297 0.0895625
42 0.584172 0.462896 0.0504375 0.0627083
42 0.427734 0.610385 0.0681875 0.0663958
42 0.603117 0.24774 0.0826406 0.0734792
42 0.784609 0.293635 0.0673438 0.0457292
42 0.1015 0.393958 0.101531 0.0438333
42 0.598812 0.545656 0.125219 0.120937