11 0.188852 0.267802 0.114984 0.0663542
11 0.280602 0.139135 0.135703 0.139146
11 0.159672 0.721042 0.134656 0.125667
11 0.372555 0.570521 0.121484 0.157583
11 0.254969 0.566219 0.152313 0.178437
11 0.311023 0.17849 0.0697031 0.0559375
11 0.222062 0.662896 0.100875 0.1195
11 0.417789 0.451333 0.0710781 0.123417
11 0.417008 0.208521 0.105203 0.273
11 0.0784219 0.637385 0.0964375 0.148187
11 0.422055 0.345458 0.124141 0.111958
11 0.16375 0.301969 0.105719 0.130521
11 0.0911641 0.532042 0.0932344 0.066
11 0.324711 0.444594 0.128953 0.186396
11 0.178703 0.514125 0.0844688 0.087625
11 0.106859 0.435302 0.111813 0.150562
11 0.201727 0.366521 0.0739219 0.0835833
11 0.081375 0.53924 0.0544687 0.0946042
11 0.210695 0.19451 0.0825781 0.111396
11 0.184117 0.429719 0.186078 0.121729
11 0.287602 0.720021 0.0687031 0.0849583
11 0.370961 0.0850937 0.0438594 0.0782292