6 0.41271 0.336373 0.12246 0.132853
6 0.21517 0.20208 0.1137 0.141227
6 0.1727 0.422347 0.07684 0.0477867
6 0.16032 0.326707 0.10196 0.148347
6 0.29459 0.329893 0.07166 0.11296
6 0.32338 0.236533 0.11256 0.139467
6 0.19884 0.40684 0.02696 0.0446133
6 0.24974 0.373573 0.09028 0.128747
6 0.45313 0.364067 0.1285 0.154533
6 0.32575 0.397813 0.08866 0.0828267
6 0.50761 0.404093 0.0525 0.0741067
6 0.48009 0.220467 0.1151 0.14504
10 0.4633 0.226973 0.04024 0.0576267
10 0.32825 0.3286 0.04674 0.0633333
10 0.37232 0.196773 0.04044 0.0624
10 0.31673 0.232307 0.04294 0.0560267
10 0.29878 0.38916 0.04712 0.0647733
10 0.3715 0.416347 0.05044 0.0432
10 0.13764 0.242093 0.04924 0.0594933
10 0.4052 0.23288 0.05596 0.06512
10 0.22353 0.180507 0.03558 0.0513067
10 0.29335 0.195413 0.03826 0.0562133
10 0.41403 0.155 0.0475 0.0464267
10 0.17236 0.22496 0.05088 0.06144
10 0.26632 0.26144 0.044 0.05952
10 0.40635 0.179373 0.04658 0.0539467