11 0.764959 0.309257 0.130376 0.121095
11 0.672917 0.768399 0.190539 0.242451
11 0.449477 0.742288 0.216765 0.273922
11 0.792426 0.475907 0.163611 0.19531
11 0.799003 0.624216 0.186144 0.16719
11 0.655114 0.165588 0.119314 0.126993
11 0.612582 0.562533 0.23134 0.279575
11 0.850874 0.398987 0.129526 0.157255
43 0.734052 0.142459 0.0975163 0.14799
43 0.819118 0.233619 0.0611111 0.175245
43 0.747721 0.645719 0.116977 0.060719
43 0.609935 0.521283 0.155261 0.112696
43 0.439371 0.605629 0.134363 0.174199
43 0.532443 0.754583 0.101977 0.178513
43 0.729485 0.237492 0.163219 0.0724346
43 0.721062 0.426029 0.0683987 0.079085