6 0.832641 0.0416458 0.038 0.0832917
6 0.325641 0.089875 0.0697812 0.17975
6 0.260359 0.107813 0.07075 0.215625
6 0.461094 0.0943021 0.103156 0.188604
6 0.152227 0.157177 0.131297 0.303063
6 0.54675 0.0433854 0.0719687 0.0867708
6 0.0679922 0.154969 0.135984 0.254271
6 0.379984 0.0867083 0.0700313 0.173417
6 0.76832 0.0241667 0.0383594 0.0483333
6 0.799758 0.0209687 0.0302656 0.0419375
6 0.0993516 0.205698 0.0779844 0.313854
6 0.336281 0.194427 0.0595625 0.122229
6 0.391297 0.144229 0.0689687 0.228792
6 0.750227 0.0178021 0.0256406 0.0356042
6 0.0733047 0.372562 0.0696094 0.095375
6 0.777672 0.0490208 0.0373125 0.0769167
6 0.209875 0.12376 0.0582812 0.247521
6 0.282211 0.0484479 0.0254531 0.0957292
6 0.893945 0.0137188 0.0272969 0.0274375
6 0.80507 0.0432708 0.0479844 0.0865417
6 0.861133 0.0302604 0.0332656 0.0594792
6 0.0260078 0.0465208 0.0520156 0.0930417
6 0.447641 0.0508333 0.0654062 0.101667
6 0.953336 0.578844 0.0700156 0.0411875
6 0.928562 0.561656 0.0415312 0.0312708
6 0.148227 0.293531 0.0871719 0.103854
6 0.0646484 0.0840938 0.126922 0.162562
6 0.0375859 0.322312 0.0715156 0.203583
59 0.594344 0.722365 0.0301875 0.0307708
59 0.609008 0.744031 0.0304531 0.0400208
59 0.66932 0.727354 0.0169219 0.0284583
59 0.634648 0.765406 0.0321094 0.0371875
59 0.628367 0.737687 0.0225781 0.02325
59 0.52507 0.719531 0.0306094 0.0296458
59 0.615867 0.711333 0.0209531 0.0271667
59 0.579602 0.743208 0.0309531 0.0284583
59 0.566516 0.72276 0.02725 0.0163958
59 0.634141 0.710906 0.0311563 0.0192292
59 0.562531 0.747323 0.0209063 0.0383542
59 0.651578 0.760385 0.022375 0.0397292
59 0.659781 0.814 0.0216562 0.0252083
59 0.62393 0.72324 0.0256094 0.0140625
59 0.548883 0.721667 0.0226406 0.0298333
59 0.649086 0.728865 0.0310156 0.0347292
59 0.652594 0.826927 0.0284687 0.0261458
15 0.504242 0.788292 0.0978594 0.131
15 0.499992 0.95949 0.0155781 0.0225625
15 0.440883 0.85175 0.0529844 0.0887083
15 0.597414 0.920792 0.0764219 0.09
15 0.549914 0.876542 0.0647656 0.092125
15 0.381969 0.831437 0.0876563 0.106333
15 0.716664 0.940521 0.0328906 0.0384583
15 0.633898 0.911167 0.0547969 0.0988333
15 0.470758 0.881802 0.0717344 0.0841042
15 0.423195 0.92876 0.0787031 0.0846458
15 0.689937 0.852542 0.0225625 0.0244583
15 0.351719 0.926406 0.052875 0.0553958
15 0.600695 0.815083 0.0833281 0.11
15 0.511711 0.961083 0.00729687 0.00975
43 0.244562 0.59474 0.0234688 0.0238542
43 0.234953 0.620573 0.0275 0.0358958
43 0.238852 0.561073 0.0172969 0.0138542
43 0.172187 0.607177 0.02975 0.0323125
43 0.21057 0.607281 0.0274531 0.0352292
43 0.302586 0.63974 0.0203906 0.0261458
43 0.311297 0.595562 0.0098125 0.0177083
43 0.296344 0.62774 0.015 0.0143542
43 0.292312 0.574719 0.0187812 0.0205208
43 0.307055 0.584354 0.0160469 0.0235833
43 0.188758 0.59076 0.0194219 0.0246042
43 0.297148 0.606156 0.0177031 0.0225625
43 0.266945 0.660281 0.0312969 0.0286042
43 0.252289 0.639062 0.0223594 0.0298333
43 0.291445 0.655917 0.0201094 0.0273333
43 0.260398 0.559521 0.0246094 0.0195833
43 0.19982 0.644552 0.0262031 0.0309792
43 0.287977 0.587687 0.0205781 0.0169167
43 0.260594 0.614927 0.0242812 0.0363958
43 0.22643 0.587823 0.0207656 0.0263958
43 0.277195 0.638885 0.0246094 0.0312708
43 0.203773 0.63251 0.0237969 0.0195208
43 0.337672 0.645656 0.0201875 0.0158958
43 0.167219 0.644094 0.018 0.0248958
43 0.314141 0.605354 0.0089375 0.0152083
43 0.224766 0.643521 0.0232187 0.03175
43 0.279422 0.59524 0.0203438 0.0238958
43 0.225008 0.571635 0.0213281 0.0238125
43 0.145844 0.616969 0.0165313 0.0174375
43 0.216695 0.657698 0.0200781 0.0175208
43 0.240117 0.658115 0.0221094 0.0270625
43 0.315563 0.640896 0.0075 0.0120417
52 0.0625234 0.65324 0.0432344 0.0434375
52 0.109187 0.722313 0.0395313 0.024625
52 0.189437 0.731979 0.0284687 0.0166667
52 0.0564609 0.69799 0.0389219 0.0289792
52 0.0201094 0.716917 0.0402187 0.04975
52 0.155297 0.681156 0.0379375 0.0381042
52 0.119867 0.671167 0.0334531 0.046375
52 0.0874766 0.679552 0.0337344 0.0564375
52 0.196906 0.69474 0.0309687 0.0320625
52 0.0957734 0.649385 0.0268594 0.0191458
52 0.209141 0.718917 0.0402813 0.0255833
52 0.0346484 0.647219 0.0255469 0.0238125
52 0.170789 0.66526 0.0309844 0.0268125
52 0.105375 0.70026 0.0336562 0.0323125
52 0.222312 0.68001 0.0257812 0.0425625
52 0.02525 0.675594 0.035 0.0412708
52 0.146141 0.616792 0.017125 0.015125
52 0.147937 0.645854 0.0371875 0.0344167
52 0.241063 0.694875 0.0286563 0.0430833
52 0.0729922 0.70974 0.0334531 0.0156458
52 0.0240469 0.637115 0.0290312 0.0256458
52 0.136047 0.706021 0.0373125 0.0387083
52 0.144359 0.683833 0.0255625 0.0259167
52 0.0900625 0.629896 0.04375 0.0335833
52 0.0568594 0.676792 0.032875 0.02025
52 0.177367 0.70899 0.0315469 0.0306875
52 0.00541406 0.681781 0.0104219 0.0428542