14 0.323984 0.462658 0.0839375 0.115199
14 0.769508 0.7613 0.0667656 0.0914052
14 0.70175 0.942459 0.0770625 0.0621546
14 0.889227 0.702611 0.0536719 0.0835831
14 0.749758 0.367518 0.0300469 0.0729742
14 0.496148 0.993431 0.0536406 0.0131382
14 0.638672 0.274028 0.061 0.0767681
42 0.802227 0.413185 0.123641 0.199953
42 0.717391 0.690562 0.0773125 0.121827
42 0.101336 0.465948 0.0372031 0.0664637
42 0.540547 0.25582 0.134875 0.175152
42 0.357594 0.987307 0.0784688 0.0189227
42 0.254352 0.873279 0.0963594 0.0685246
42 0.643539 0.716382 0.0529219 0.07
62 0.361273 0.67377 0.124984 0.148384
62 0.501078 0.502283 0.107688 0.239133
62 0.28832 0.598091 0.110734 0.160023
62 0.566984 0.732201 0.116562 0.1274
62 0.721703 0.285445 0.142969 0.134122
62 0.467773 0.324859 0.145109 0.121007
62 0.451867 0.720785 0.143797 0.159789
62 0.745195 0.804672 0.0565781 0.0559016
62 0.632562 0.865023 0.0838125 0.227377
62 0.137187 0.635621 0.107844 0.0994848
62 0.533422 0.919005 0.0947187 0.126066
62 0.194164 0.80363 0.177734 0.194098
62 0.586938 0.634309 0.105531 0.121124
62 0.800289 0.578033 0.124516 0.167166
62 0.439469 0.511077 0.102438 0.218126
62 0.237414 0.93452 0.0681406 0.0708665
62 0.625102 0.52603 0.169516 0.195995
62 0.358836 0.399297 0.0498594 0.0644496
62 0.889797 0.482927 0.0570937 0.145902
62 0.429055 0.219098 0.122453 0.109813
62 0.321828 0.318794 0.147344 0.116979
62 0.211195 0.596768 0.145328 0.206698
62 0.703328 0.629028 0.134875 0.17281
62 0.143219 0.52678 0.041875 0.0892037
11 0.192219 0.392857 0.06125 0.0955972
11 0.73807 0.879391 0.109297 0.0925059
11 0.105906 0.695539 0.0350312 0.0604918
11 0.338086 0.919438 0.129578 0.127775
11 0.69993 0.796101 0.0508594 0.0906557
11 0.439398 0.405656 0.0795781 0.0876112
11 0.200172 0.476253 0.036 0.0440281
11 0.262672 0.420948 0.106187 0.12185
11 0.597063 0.420831 0.101406 0.0634426
11 0.888711 0.481944 0.0562656 0.138876
11 0.411344 0.982857 0.0499062 0.0322717
11 0.0981484 0.556956 0.0804219 0.0976581
11 0.0923828 0.757073 0.0509531 0.0664637