15 0.922969 0.749063 0.154062 0.277292
15 0.733641 0.753854 0.256719 0.291792
15 0.626352 0.465948 0.163734 0.284729
15 0.771906 0.499229 0.2375 0.285625
15 0.93382 0.43451 0.132359 0.122479
15 0.961273 0.340094 0.0774531 0.144021
15 0.806734 0.247313 0.0357813 0.0576667
15 0.657789 0.654031 0.101891 0.155146
14 0.170273 0.447052 0.103641 0.124854
14 0.159602 0.499615 0.108984 0.157604
14 0.0466719 0.587531 0.0452188 0.186188
14 0.0125625 0.556281 0.0224062 0.0632292
14 0.220297 0.847375 0.0620625 0.25575
14 0.10332 0.661615 0.0955469 0.365979
14 0.431711 0.646854 0.134703 0.3615
14 0.116664 0.741177 0.0466406 0.211479
14 0.314383 0.68249 0.0902656 0.0545625
14 0.174195 0.486104 0.0905156 0.123958
14 0.503883 0.611021 0.0357656 0.0384583
14 0.293344 0.52226 0.113844 0.143854
14 0.273922 0.624167 0.088 0.147375
14 0.0533516 0.723042 0.0297656 0.170208
14 0.0134766 0.724812 0.0269531 0.310708
14 0.0490469 0.841875 0.0504375 0.303542
14 0.198437 0.951187 0.04925 0.097625
14 0.496281 0.696521 0.0872813 0.0408333
14 0.346234 0.843073 0.159219 0.313854
14 0.467656 0.887521 0.0349062 0.0306667
14 0.239516 0.952167 0.0213125 0.0956667
14 0.405836 0.786552 0.0558281 0.194437
14 0.344695 0.62026 0.0432656 0.270771
14 0.465289 0.785687 0.112109 0.142042
14 0.140578 0.904062 0.0445625 0.111042
14 0.177445 0.688552 0.133484 0.306938
14 0.452477 0.83851 0.0730781 0.107687
14 0.0878672 0.783625 0.0173906 0.193
14 0.158156 0.858208 0.0961562 0.2805
14 0.442445 0.686635 0.0247969 0.117729
14 0.0701797 0.831417 0.137328 0.177875
14 0.310367 0.870146 0.0740469 0.249125
14 0.265992 0.884104 0.0515156 0.231792
14 0.424891 0.678323 0.0654687 0.0882292
14 0.148883 0.564229 0.104828 0.204292
14 0.363258 0.906802 0.0844219 0.182313
14 0.392211 0.607823 0.0469219 0.239729
14 0.364227 0.738323 0.0611406 0.0386875
14 0.504164 0.730156 0.0604844 0.0623542
14 0.513695 0.621104 0.112266 0.334583
14 0.259094 0.641562 0.11775 0.105708
14 0.422875 0.540125 0.0725 0.221792
14 0.17093 0.558573 0.0799844 0.138104
14 0.180289 0.881385 0.0512656 0.237229
14 0.352164 0.962469 0.0590469 0.0750625
14 0.0274766 0.949542 0.0497031 0.100917
14 0.406813 0.907531 0.072375 0.182688
14 0.151945 0.956146 0.0469531 0.0877083
14 0.289359 0.657948 0.194219 0.177437
14 0.114789 0.865406 0.108078 0.263354
14 0.510992 0.681365 0.0904531 0.147146
14 0.311273 0.90476 0.0539844 0.190479
14 0.473727 0.522531 0.131141 0.214229
14 0.0660078 0.68599 0.0631094 0.334313
14 0.352 0.544333 0.0892813 0.261083
14 0.335273 0.635854 0.0795781 0.208333
14 0.358945 0.920563 0.0297969 0.0412917
14 0.166461 0.624156 0.0859219 0.169854
14 0.504914 0.804979 0.0738906 0.157417