12 0.693445 0.649743 0.110734 0.177335
12 0.53318 0.856944 0.153859 0.221614
12 0.383469 0.927005 0.139625 0.14599
12 0.0697578 0.538044 0.0984219 0.137213
12 0.293992 0.756027 0.0833281 0.123447
12 0.520211 0.696002 0.123047 0.111174
12 0.620906 0.893533 0.0654687 0.202861
12 0.0554766 0.658961 0.110953 0.208875
12 0.658164 0.780208 0.0731719 0.113863
12 0.576063 0.767262 0.107875 0.0899267
12 0.157188 0.597115 0.0914375 0.180733
14 0.433148 0.850244 0.0668594 0.209731
14 0.387844 0.745721 0.0789375 0.24577
14 0.395086 0.640623 0.107172 0.159878
14 0.471609 0.774193 0.0867813 0.100269
52 0.240383 0.598289 0.103672 0.352225
52 0.715734 0.697885 0.234313 0.102176
52 0.260414 0.792029 0.130641 0.214866
52 0.307008 0.669743 0.116797 0.356993
52 0.172156 0.825257 0.130312 0.201467
52 0.180266 0.435599 0.193125 0.151883
52 0.657484 0.780782 0.073 0.112469
52 0.146641 0.683594 0.0995625 0.1422
52 0.621672 0.895599 0.0638438 0.198778
52 0.576133 0.768472 0.108766 0.0937164
52 0.139766 0.303203 0.09675 0.142738