43 0.770406 0.816054 0.126188 0.116651
42 0.849969 0.450714 0.111937 0.10644
42 0.475531 0.79507 0.235406 0.252014
42 0.592695 0.0892623 0.140734 0.107799
42 0.531344 0.534508 0.136125 0.0896721
42 0.182234 0.595726 0.0220938 0.0518267
42 0.50857 0.342014 0.0508281 0.0598126
42 0.662406 0.778208 0.0769375 0.103068
42 0.770852 0.202611 0.0960156 0.0838173
8 0.459328 0.557845 0.0355 0.0333958
8 0.552969 0.0946487 0.0238438 0.0404918
8 0.887391 0.500667 0.042125 0.0905152
8 0.206695 0.257693 0.0880469 0.160492
8 0.598062 0.562927 0.0189375 0.0228571
8 0.433469 0.725141 0.0170937 0.0628337
8 0.432414 0.414087 0.0713594 0.0626464
8 0.653984 0.875258 0.144781 0.126674
8 0.660961 0.216077 0.0488906 0.0366511
8 0.101992 0.478607 0.0308281 0.191452
8 0.547453 0.584813 0.0217188 0.0292974
8 0.108516 0.479133 0.0306563 0.0868384
8 0.154211 0.394578 0.109109 0.1626
8 0.295695 0.199204 0.0758281 0.0788759
8 0.300031 0.542927 0.0343437 0.0693677
8 0.221773 0.730562 0.0608594 0.0304918
8 0.530016 0.72918 0.0319375 0.0347541
8 0.620594 0.153782 0.0255312 0.0613817