11 0.398759 0.533664 0.104731 0.0497031
11 0.426768 0.66507 0.16918 0.0606094
11 0.489473 0.728617 0.0620843 0.0294219
11 0.811487 0.631594 0.242881 0.0595625
11 0.586265 0.517039 0.0274239 0.0200781
11 0.576335 0.533164 0.02274 0.0242031
11 0.666827 0.52132 0.0852693 0.0428281
11 0.713724 0.690602 0.0724122 0.0513594
11 0.20534 0.648664 0.0338173 0.0160156
11 0.190117 0.0935938 0.0575644 0.0225312
11 0.656651 0.675063 0.0603279 0.0537188
11 0.367155 0.0854609 0.034356 0.0198906
11 0.0797541 0.0165703 0.0644262 0.0319844