24 0.63004 0.445116 0.12428 0.244566
24 0.68302 0.369725 0.13816 0.233266
24 0.77119 0.322803 0.12554 0.20763
24 0.6406 0.387717 0.17348 0.295318
24 0.73089 0.395217 0.08306 0.211647
24 0.74759 0.378208 0.08726 0.163006
1 0.32119 0.44948 0.07878 0.113757
1 0.42136 0.683569 0.07968 0.122283
1 0.3708 0.754668 0.07724 0.114884
1 0.22532 0.49237 0.05368 0.0971098
1 0.66528 0.261055 0.06076 0.0664451
1 0.62319 0.559321 0.09046 0.071763
1 0.60973 0.219364 0.0641 0.0828324
1 0.16807 0.50276 0.06862 0.100376
1 0.21549 0.575 0.07458 0.101272
1 0.27552 0.559725 0.06484 0.0957514
1 0.53931 0.319725 0.06566 0.0943064
1 0.25074 0.460506 0.06748 0.0907803
1 0.33635 0.645838 0.0995 0.146416
1 0.4739 0.30146 0.06592 0.10026
1 0.58969 0.155448 0.05006 0.0826879
1 0.36654 0.379769 0.0602 0.0880925
1 0.53971 0.230029 0.06826 0.0971676
1 0.33572 0.53948 0.0728 0.0953757
1 0.43457 0.768179 0.06506 0.0780347
1 0.42948 0.366373 0.07592 0.113208
1 0.25284 0.65289 0.07844 0.114451
59 0.50017 0.663916 0.05774 0.0870809
59 0.48001 0.581199 0.08594 0.105636
59 0.5459 0.612486 0.06676 0.0823121
59 0.46792 0.718497 0.04676 0.0665896
33 0.56863 0.435751 0.11938 0.179595
33 0.50366 0.458656 0.06192 0.21604
33 0.57033 0.457254 0.02938 0.196301
33 0.50664 0.446069 0.08676 0.152832
33 0.54475 0.453396 0.09394 0.193844
33 0.52671 0.489494 0.10478 0.198988
33 0.56218 0.554249 0.01216 0.0487283
33 0.59045 0.510694 0.0199 0.063815