0 0.7919 0.30984 0.04384 0.0370667
0 0.74443 0.27716 0.05534 0.04536
0 0.5873 0.16096 0.04172 0.0720533
0 0.58886 0.211067 0.05304 0.0757867
0 0.82094 0.233067 0.04516 0.0554667
0 0.87469 0.42832 0.0389 0.06512
0 0.90335 0.442187 0.0177 0.0371733
0 0.79771 0.29568 0.0187 0.0269867
0 0.70945 0.44628 0.03866 0.0172
0 0.75832 0.242093 0.06704 0.0591733
0 0.73799 0.312573 0.06306 0.0526133
0 0.81913 0.2946 0.04406 0.0814133
0 0.57862 0.102547 0.03856 0.0569333
0 0.53455 0.22988 0.03046 0.0801867
0 0.65197 0.211133 0.0619 0.06392
0 0.79338 0.27332 0.0434 0.0486133
0 0.61577 0.161213 0.02634 0.0207733
0 0.62464 0.17536 0.01968 0.03792
0 0.83237 0.347493 0.0471 0.0517867
0 0.60631 0.06444 0.03386 0.0511733
0 0.65824 0.393013 0.03844 0.0312533
0 0.6525 0.0603067 0.0296 0.0636
0 0.8618 0.132693 0.05872 0.07472
0 0.65492 0.362533 0.0554 0.03984
0 0.68133 0.0650267 0.03718 0.0684533
11 0.25702 0.680413 0.12248 0.160293
11 0.44526 0.8078 0.08536 0.18216
11 0.19258 0.858467 0.0484 0.0924533
11 0.33052 0.875493 0.11364 0.16336
11 0.28013 0.971413 0.0829 0.0571733
11 0.18538 0.948107 0.12344 0.103253
11 0.34672 0.970627 0.06396 0.05496
11 0.32598 0.618933 0.08376 0.11856
11 0.18621 0.61676 0.07798 0.124293
11 0.40649 0.67656 0.10646 0.10848
11 0.18142 0.755653 0.10336 0.145973
11 0.32322 0.6688 0.0294 0.0694933
1 0.64837 0.764307 0.17258 0.22408
1 0.7675 0.770107 0.1492 0.1328
1 0.56213 0.778253 0.05578 0.125627
1 0.85751 0.687133 0.08822 0.206213
1 0.75004 0.9 0.17616 0.2
1 0.80595 0.876667 0.03942 0.0892267
1 0.64104 0.6864 0.14776 0.148853
1 0.70243 0.59356 0.09914 0.13704
1 0.65982 0.891813 0.06312 0.0813867
1 0.58292 0.889053 0.09908 0.14664
1 0.85433 0.891533 0.08418 0.216933
1 0.62881 0.948973 0.18374 0.102053
1 0.79819 0.622707 0.1457 0.166427