50 0.359156 0.52676 0.0964688 0.229312
50 0.712422 0.652292 0.412781 0.363167
14 0.28207 0.31326 0.0201406 0.0849792
14 0.600227 0.618833 0.0294531 0.0707083
14 0.278539 0.378333 0.0430781 0.0705
14 0.574398 0.834229 0.0246094 0.0262917
14 0.32393 0.443198 0.0282656 0.0874375
14 0.267445 0.546198 0.0214219 0.0868958
14 0.242414 0.668031 0.0541719 0.0775208
14 0.547266 0.870844 0.138844 0.132312
14 0.25018 0.268125 0.0322344 0.072625
14 0.295273 0.43551 0.0407656 0.0438542
14 0.525125 0.885302 0.153594 0.142438
14 0.351688 0.387792 0.0644375 0.05475
14 0.294727 0.324865 0.0146719 0.0730208
14 0.286656 0.387062 0.0225938 0.06775
14 0.277687 0.224271 0.02525 0.122333
14 0.55925 0.770021 0.0461562 0.0999167
14 0.505563 0.898083 0.0490312 0.0284583
14 0.778055 0.526344 0.0299219 0.0553542
14 0.759313 0.531667 0.03 0.035125
14 0.248227 0.552437 0.0394844 0.029
24 0.681258 0.669229 0.348453 0.335375
24 0.360305 0.524427 0.0948281 0.225146