38 0.304203 0.368593 0.115187 0.0323956
38 0.628586 0.486297 0.0473281 0.0935165
38 0.459195 0.383835 0.0617031 0.0551868
38 0.273867 0.328901 0.0133906 0.0198242
38 0.415469 0.327407 0.0680937 0.0331868
38 0.237547 0.411308 0.0267812 0.172418
38 0.355594 0.348703 0.0240313 0.0172747
38 0.437844 0.289462 0.0313437 0.0524615
38 0.328836 0.326637 0.0218906 0.0383297
38 0.492883 0.397824 0.0547344 0.0514725
38 0.534234 0.414879 0.0359063 0.0648352
38 0.624773 0.370945 0.0528594 0.0538901
38 0.550703 0.372989 0.0190937 0.0223736
38 0.344828 0.344846 0.009875 0.00740659
38 0.286695 0.40122 0.00907812 0.0203297
38 0.608367 0.457582 0.0545156 0.106154
38 0.503422 0.403121 0.0565312 0.0492308
38 0.523008 0.401824 0.0265469 0.0323516
38 0.593938 0.376484 0.0356875 0.0576264
38 0.52718 0.369791 0.0565781 0.0417802
38 0.404906 0.331989 0.0919062 0.0438022