42 0.813094 0.327083 0.0623437 0.0682083
42 0.248117 0.328146 0.0406719 0.052625
42 0.700211 0.592094 0.0742031 0.0662708
42 0.402641 0.147677 0.029625 0.0389375
42 0.176977 0.268281 0.0416406 0.0448125
42 0.621492 0.296021 0.0616719 0.063625
42 0.37382 0.279792 0.0367656 0.050375
42 0.329492 0.197531 0.0395469 0.0563542
42 0.221352 0.314396 0.0212344 0.0410833
42 0.724945 0.496917 0.0716406 0.0877083
42 0.619773 0.615198 0.0269219 0.0445208
42 0.916586 0.51551 0.0260156 0.0423542
42 0.725797 0.646323 0.0330937 0.0475625
42 0.231523 0.270583 0.0417344 0.0525833
42 0.752242 0.403469 0.0731719 0.0778125
42 0.845469 0.522802 0.0804375 0.0773542
42 0.377695 0.24749 0.0185781 0.0158542
42 0.83225 0.685302 0.0730937 0.119188
42 0.551641 0.388083 0.01475 0.0276667
42 0.571477 0.310198 0.0332031 0.0308542