42 0.274094 0.697756 0.04525 0.0477871
42 0.300742 0.463413 0.0347031 0.05881
42 0.340375 0.590292 0.0366563 0.0465136
42 0.590109 0.615939 0.0202188 0.0488309
42 0.249547 0.530574 0.04425 0.0395616
42 0.36068 0.451044 0.0516719 0.0404593
42 0.382266 0.508852 0.035625 0.056785
42 0.145094 0.780125 0.0415625 0.0810856
42 0.667484 0.405919 0.024625 0.0322547
42 0.102188 0.745511 0.0441875 0.0410021
42 0.383711 0.698883 0.0254531 0.0317954
42 0.174867 0.491576 0.0452344 0.0494154
42 0.922336 0.635344 0.0322031 0.0499374
42 0.172961 0.622745 0.0507344 0.0340919
42 0.384523 0.560553 0.0547344 0.0518372
42 0.145898 0.520146 0.0391719 0.0439666
42 0.825023 0.702098 0.0580781 0.0452818
42 0.588078 0.493142 0.0209688 0.0497495
42 0.218359 0.447547 0.0319063 0.0379749
42 0.103273 0.71023 0.0170469 0.0209186
42 0.274977 0.483831 0.0328906 0.0468267
42 0.0980625 0.508069 0.032375 0.0420668
42 0.103063 0.539854 0.0195625 0.0219624
42 0.136242 0.646336 0.0468906 0.047453
42 0.903492 0.592996 0.0313906 0.0415658
42 0.894828 0.527192 0.035 0.0524635
42 0.214539 0.577672 0.0234531 0.0408142
42 0.319 0.52976 0.0345937 0.0120459
42 0.788656 0.386942 0.0258125 0.0201461
42 0.230141 0.681013 0.0655312 0.0603132
42 0.9185 0.529854 0.03025 0.0459708
42 0.631664 0.585585 0.0299531 0.0375157
42 0.171734 0.580459 0.05975 0.0515658
42 0.103867 0.673351 0.0357031 0.0463674
42 0.184977 0.422422 0.0343281 0.0472234
42 0.317281 0.678737 0.0284063 0.0287891
42 0.314148 0.578194 0.0328281 0.0361378
42 0.281203 0.619833 0.022875 0.0149061
42 0.365766 0.60905 0.025 0.0329645
42 0.217367 0.507484 0.0379219 0.0597704
42 0.312266 0.423559 0.0502812 0.036096
42 0.289797 0.640668 0.043375 0.048309
42 0.100508 0.605595 0.0340781 0.0433403
42 0.20143 0.434697 0.0245156 0.0416701
42 0.305422 0.721868 0.0284063 0.0527557
28 0.0784141 0.350908 0.0638281 0.101608