38 0.394117 0.322237 0.152422 0.224239
38 0.194398 0.32322 0.180797 0.297775
38 0.918141 0.895773 0.093125 0.0945433
38 0.495477 0.352307 0.100172 0.123583
38 0.314688 0.523501 0.112187 0.109813
43 0.566031 0.593981 0.106187 0.149836
43 0.479695 0.591171 0.0962656 0.300562
43 0.255984 0.562412 0.0551875 0.186511
52 0.80832 0.801487 0.382953 0.394543
52 0.151102 0.881382 0.249234 0.232319
52 0.715391 0.767998 0.530594 0.164614
52 0.278672 0.860059 0.278938 0.134824
52 0.262086 0.74993 0.524172 0.18534
52 0.444805 0.914075 0.422703 0.17185
52 0.850258 0.614356 0.298109 0.189227