14 0.486266 0.677063 0.0740313 0.05775
14 0.259031 0.272604 0.0576875 0.0505
14 0.370094 0.324531 0.0354375 0.0402708
14 0.641422 0.463573 0.0650312 0.0503542
14 0.782297 0.353896 0.0641562 0.0844583
14 0.602938 0.688479 0.0508125 0.0467083
14 0.226109 0.723021 0.0937187 0.079125
14 0.819469 0.42401 0.03075 0.0304375
14 0.690203 0.276438 0.0305312 0.0684167
14 0.511406 0.365719 0.093125 0.0708125
14 0.649484 0.578333 0.0622188 0.039875
14 0.568516 0.710208 0.0747188 0.112875
14 0.76475 0.27476 0.0324375 0.0744375
43 0.150328 0.574208 0.0892187 0.124625
43 0.372328 0.703219 0.0785937 0.108104
43 0.312609 0.319865 0.0835313 0.0490208
43 0.297344 0.635542 0.0708125 0.0705833
43 0.685297 0.548885 0.0867813 0.135896
59 0.914234 0.899208 0.124094 0.082125
59 0.278844 0.45849 0.084875 0.0609792
59 0.657906 0.987479 0.1145 0.0225833
59 0.870891 0.714021 0.107406 0.0784583
59 0.524875 0.966292 0.13375 0.0657917
59 0.395766 0.629906 0.107156 0.0535625
59 0.784078 0.982667 0.128781 0.0346667
59 0.455406 0.551427 0.0996875 0.0738542
59 0.900969 0.969083 0.123625 0.0618333
59 0.515984 0.68849 0.0684687 0.0536458
59 0.559187 0.54401 0.077 0.0631458
59 0.655844 0.274604 0.04925 0.0569167
59 0.257328 0.274083 0.0567813 0.053125
59 0.0925156 0.46399 0.0763438 0.0867292
59 0.764844 0.402646 0.05 0.0195833
59 0.511234 0.49399 0.0487812 0.0487708
59 0.227672 0.336042 0.0813438 0.036375
59 0.66975 0.320458 0.057375 0.0265417
59 0.310594 0.27649 0.05425 0.0526042
59 0.341125 0.3855 0.08075 0.0947083
59 0.242734 0.633854 0.0852813 0.068625
59 0.7955 0.278562 0.0391875 0.0674583
59 0.0547656 0.722208 0.109531 0.0745417
42 0.510844 0.623458 0.097375 0.082875
42 0.716422 0.35549 0.0895937 0.0883125
42 0.812937 0.618854 0.092375 0.0936667
42 0.133125 0.341948 0.10625 0.0886875
42 0.639688 0.53001 0.107187 0.0905625
42 0.144937 0.637406 0.0991875 0.0783958
42 0.25625 0.502969 0.0923125 0.0532708
42 0.380156 0.447083 0.117125 0.081875
42 0.442844 0.274469 0.0806875 0.0658542
42 0.586453 0.310792 0.0970938 0.065
42 0.339813 0.562073 0.132562 0.0973125
42 0.150062 0.573979 0.0873125 0.128708
42 0.445375 0.511437 0.09 0.0315833
42 0.419766 0.368021 0.0829063 0.100375
42 0.890125 0.467729 0.094875 0.10225
42 0.148766 0.714708 0.0939062 0.109833
42 0.697719 0.711667 0.143437 0.0945
42 0.839781 0.528865 0.131562 0.120438
42 0.807219 0.389146 0.0585 0.0469583
8 0.655953 0.280646 0.0467187 0.071625
8 0.690063 0.467854 0.0853125 0.0664167
8 0.766109 0.274427 0.0284687 0.0693958
8 0.560156 0.542073 0.0750625 0.0581458
8 0.581328 0.468948 0.0718437 0.104396
8 0.371797 0.323313 0.0349687 0.0417917
8 0.488953 0.675885 0.0644687 0.0563125
8 0.225609 0.722594 0.0924688 0.0771458
8 0.689078 0.277906 0.0327812 0.0686875
8 0.793531 0.277938 0.0360625 0.0625833
8 0.246031 0.576021 0.09325 0.098875
8 0.407859 0.506385 0.0942813 0.0469375
8 0.510828 0.31475 0.0561562 0.0417917
8 0.339797 0.386448 0.0834063 0.0953125
8 0.519687 0.490646 0.0576875 0.05975
8 0.192234 0.379521 0.0869687 0.0744167
8 0.210359 0.275042 0.0779688 0.0459583
8 0.309469 0.276927 0.0561875 0.0508125
8 0.568328 0.709906 0.0747188 0.113312
8 0.258469 0.273073 0.06075 0.0558958
8 0.211078 0.45451 0.0789062 0.0785208
8 0.0913125 0.464313 0.0791875 0.087125
8 0.781906 0.35375 0.06525 0.083
8 0.599313 0.574583 0.0328125 0.0274167
8 0.835 0.317635 0.043125 0.0642708
8 0.644703 0.578344 0.0652188 0.0434792
8 0.467234 0.724375 0.0992813 0.0875
8 0.300531 0.718156 0.075875 0.0979375
8 0.343406 0.279063 0.0401875 0.046625
8 0.640797 0.464521 0.0673438 0.0485417
8 0.510938 0.367469 0.091625 0.0831458
8 0.184656 0.474333 0.0658125 0.0766667
8 0.510641 0.549396 0.0519687 0.102125
8 0.158406 0.436625 0.0669375 0.087375
11 0.611234 0.367115 0.129594 0.117354
11 0.795406 0.703573 0.112688 0.100271
11 0.199516 0.313594 0.0920312 0.0415625
11 0.766 0.54776 0.127312 0.112062
11 0.748203 0.448292 0.136969 0.08925
11 0.602859 0.26349 0.0673438 0.0393542