5 0.477945 0.361112 0.171359 0.100351
5 0.336883 0.610433 0.159453 0.214684
5 0.712062 0.60719 0.131656 0.261874
5 0.659789 0.778197 0.119578 0.216862
5 0.536641 0.433923 0.184188 0.101663
5 0.536883 0.63507 0.272797 0.345504
5 0.344055 0.3976 0.0961094 0.192998
14 0.213102 0.293841 0.141016 0.224262
14 0.456711 0.825269 0.157141 0.118267
14 0.577023 0.385691 0.120141 0.134614
14 0.829172 0.545948 0.158562 0.151335
14 0.701234 0.4624 0.139187 0.101054
14 0.835477 0.672377 0.0689531 0.140539
14 0.309016 0.295515 0.108438 0.0767447
14 0.287398 0.569356 0.137078 0.244754
14 0.228789 0.721347 0.230047 0.113747
14 0.178273 0.751862 0.0632031 0.087377
14 0.115758 0.578056 0.122891 0.128618
14 0.716648 0.380632 0.0781719 0.119578
14 0.37318 0.248478 0.0884219 0.0652927
62 0.65957 0.773946 0.124266 0.209906
62 0.244406 0.466487 0.153406 0.272693
62 0.763945 0.811124 0.127984 0.0838876
62 0.37082 0.786768 0.232922 0.159672