14 0.695 0.529118 0.0718701 0.063564
14 0.640156 0.337889 0.12161 0.127474
14 0.789247 0.492266 0.0755325 0.245363
14 0.56713 0.377353 0.0698961 0.191799
14 0.669052 0.319533 0.0803377 0.0934602
14 0.758714 0.477145 0.203403 0.0931142
14 0.517039 0.344827 0.140364 0.140657
14 0.725117 0.391505 0.0526753 0.121972
14 0.836156 0.399706 0.0622857 0.133322
14 0.735857 0.55628 0.11426 0.190484
46 0.683779 0.55673 0.0331688 0.0504152
46 0.722662 0.318581 0.0232987 0.0315571
46 0.648831 0.520519 0.0302857 0.040346
46 0.799221 0.402958 0.0291948 0.0403114
46 0.629857 0.438564 0.0301558 0.0392042
46 0.775818 0.610865 0.0316883 0.0422145
46 0.713779 0.48917 0.0340519 0.0445675
46 0.837312 0.534377 0.0338442 0.0419723
46 0.828779 0.551505 0.0254545 0.0250173
46 0.81026 0.425087 0.0285714 0.0317647
46 0.785455 0.382734 0.0268571 0.0343945
46 0.512143 0.413685 0.0340519 0.0410035
46 0.777039 0.352976 0.0353766 0.0441522
46 0.865935 0.373858 0.0284935 0.0424567
46 0.761117 0.577958 0.0318961 0.0385467
46 0.530247 0.398045 0.026 0.046955
46 0.613727 0.432682 0.0225195 0.0357439
46 0.592675 0.352266 0.0233766 0.0214187
46 0.643779 0.488841 0.0282857 0.0333218
46 0.669442 0.416488 0.0385714 0.0454325
46 0.729286 0.634758 0.0308831 0.0411419
46 0.661753 0.491038 0.0282857 0.0248443
46 0.830792 0.58192 0.0328052 0.0450865
46 0.610403 0.409239 0.0271429 0.0310035
46 0.747831 0.601609 0.0362338 0.0489619
46 0.624974 0.502197 0.0196104 0.0157439
46 0.628597 0.296488 0.0270649 0.0313841
46 0.588896 0.334325 0.0194545 0.0199308
46 0.645844 0.44699 0.0229091 0.0429066
46 0.649247 0.392509 0.0351688 0.0547751
46 0.614234 0.474481 0.0262857 0.0387197