11 0.27625 0.382177 0.072875 0.132062
11 0.373672 0.318219 0.150719 0.110188
11 0.255672 0.668562 0.0662812 0.153958
11 0.511047 0.695552 0.070375 0.0842708
11 0.237984 0.341885 0.0475938 0.0770625
11 0.208797 0.3995 0.0364063 0.0492083
11 0.608031 0.420094 0.290094 0.249271
11 0.211297 0.535385 0.07825 0.0980208
11 0.575031 0.221552 0.0705625 0.131604
11 0.761133 0.266333 0.0981094 0.120375
11 0.599367 0.607437 0.224891 0.203583
11 0.457805 0.234865 0.109047 0.119729
11 0.345422 0.558948 0.201344 0.294479
11 0.509266 0.597844 0.211969 0.301854
11 0.675953 0.349656 0.175937 0.146521