11 0.979274 0.284516 0.0376112 0.0385313
11 0.677002 0.167414 0.410211 0.159766
11 0.771393 0.259359 0.315621 0.069125
11 0.325515 0.276086 0.174169 0.0600156
11 0.351639 0.228617 0.179297 0.0639844
42 0.542131 0.749891 0.251897 0.0845313
42 0.715691 0.735727 0.114567 0.0526406
42 0.890855 0.728383 0.211265 0.0996719
42 0.100504 0.733891 0.0968852 0.0898125
42 0.45281 0.830008 0.198361 0.162766
42 0.0494262 0.598727 0.0988525 0.113328
42 0.901265 0.784578 0.0928806 0.0294687
42 0.767588 0.759828 0.131054 0.04525
42 0.71041 0.832969 0.277775 0.114906
42 0.0287588 0.670859 0.0575176 0.02525
42 0.285398 0.704648 0.0704684 0.0823594
42 0.185726 0.74932 0.120773 0.103797
42 0.816756 0.803273 0.144426 0.0590156