42 0.746859 0.683412 0.05525 0.0403294
42 0.760617 0.576729 0.0547969 0.0463529
42 0.563398 0.2976 0.0656406 0.0479529
42 0.376719 0.285812 0.0497812 0.104847
42 0.255594 0.259388 0.0420937 0.0555765
42 0.470008 0.416906 0.0507344 0.0877412
42 0.351555 0.149682 0.0975781 0.0793176
42 0.501406 0.661635 0.0983437 0.104729
42 0.756133 0.3318 0.0979219 0.0923059
42 0.510242 0.237765 0.0673594 0.0767059
42 0.505164 0.573247 0.0400469 0.0553882
42 0.578172 0.709612 0.0339062 0.0474118
42 0.689172 0.328235 0.0493437 0.0564706
42 0.743047 0.1552 0.0663125 0.0791059
42 0.44293 0.681165 0.0395781 0.0420471
42 0.319109 0.395129 0.0384688 0.0465882
42 0.357031 0.543788 0.137625 0.123624
42 0.557297 0.461553 0.0324688 0.0540706
42 0.819727 0.501412 0.0998594 0.0994353
42 0.577188 0.164612 0.05525 0.0566588
42 0.481266 0.323882 0.03475 0.0604235
42 0.733156 0.641212 0.0524687 0.0561176
42 0.709367 0.129694 0.0550156 0.0496941
42 0.173008 0.419741 0.0505781 0.104612
42 0.350164 0.706294 0.0636406 0.146847
42 0.587211 0.671718 0.0655469 0.0724235
42 0.766859 0.651435 0.0619687 0.0451765