54 0.123188 0.756555 0.246375 0.302776
54 0.0762031 0.231799 0.149031 0.20653
54 0.370016 0.158753 0.107594 0.197712
54 0.298602 0.161401 0.186609 0.209177
54 0.0599297 0.49946 0.119859 0.3
54 0.0308438 0.61 0.0605938 0.337224
31 0.505672 0.404113 0.0967812 0.14653
31 0.362047 0.297584 0.0786875 0.129974
31 0.219609 0.379383 0.100437 0.151362
31 0.191836 0.328805 0.0700469 0.108509
31 0.303086 0.445411 0.103734 0.220334
31 0.367211 0.535501 0.0459219 0.0805656
31 0.0309844 0.611825 0.0619687 0.333728
31 0.364023 0.434871 0.0807969 0.15545
31 0.446844 0.445746 0.0865 0.186041
31 0.138063 0.400527 0.0695937 0.0732391
31 0.564992 0.456195 0.0567031 0.115373
31 0.512008 0.512506 0.0859844 0.117404
31 0.299289 0.159704 0.186609 0.206401
31 0.0152109 0.308496 0.0304219 0.0819794
31 0.450406 0.29099 0.08575 0.173136
31 0.0597891 0.498458 0.119578 0.299486
31 0.611578 0.401362 0.0382188 0.0680206
31 0.254992 0.225694 0.0662656 0.0650129
31 0.123555 0.785681 0.247109 0.356298
31 0.284422 0.301697 0.0893125 0.168638
31 0.158844 0.496221 0.087375 0.154653
31 0.179211 0.269512 0.105391 0.11635
31 0.370727 0.158188 0.107922 0.198586
31 0.503711 0.302558 0.0481406 0.0792545
31 0.228953 0.536607 0.0857187 0.119177
31 0.247273 0.28419 0.0349219 0.0513625
31 0.557828 0.335938 0.103375 0.133933
31 0.152758 0.259987 0.0431094 0.0899486
31 0.0775938 0.233419 0.147719 0.210591
31 0.213594 0.591838 0.0820312 0.114267
31 0.314797 0.583817 0.0883437 0.0768895
31 0.0806328 0.322442 0.105797 0.0850386
31 0.397883 0.337275 0.0327344 0.102879
31 0.533563 0.292275 0.0230312 0.0262982
44 0.0916406 0.868959 0.139406 0.247121
44 0.707563 0.534897 0.0967812 0.153907
44 0.441828 0.533753 0.133469 0.274499
44 0.786234 0.724923 0.0430938 0.100334
44 0.476516 0.846003 0.0938438 0.167686
44 0.811898 0.518445 0.0991719 0.16162
44 0.264875 0.852262 0.114062 0.192288
44 0.734852 0.485231 0.0548906 0.0637275
44 0.312773 0.698535 0.105547 0.162982
44 0.430633 0.95063 0.105297 0.0936504
44 0.77393 0.593046 0.0827344 0.159049
44 0.424781 0.845746 0.0415312 0.121414
44 0.188797 0.929769 0.0985625 0.139794
44 0.849141 0.593509 0.067625 0.117609
44 0.497961 0.672314 0.0881094 0.0929049
44 0.851008 0.713573 0.0902031 0.129254
44 0.547047 0.593265 0.0940312 0.156812
44 0.737914 0.860488 0.0125781 0.0307969
44 0.73457 0.682545 0.0891094 0.151414
44 0.912023 0.623021 0.0944844 0.119769
44 0.409055 0.715013 0.104828 0.172905
44 0.136609 0.98563 0.0757812 0.0266838
44 0.771672 0.804936 0.0778438 0.115938
44 0.683125 0.44653 0.115187 0.101645
44 0.372687 0.868098 0.103344 0.175527
44 0.567758 0.722918 0.0867969 0.113033
44 0.321813 0.952712 0.107531 0.0945758
44 0.811039 0.664846 0.0657344 0.120026
44 0.779336 0.461375 0.0825156 0.103162
44 0.381117 0.979923 0.0199531 0.0401542
44 0.668852 0.729165 0.109859 0.157661
44 0.671484 0.612082 0.0894375 0.101028
44 0.607242 0.670913 0.0787344 0.158843
44 0.252664 0.960694 0.0446719 0.0786118
44 0.612195 0.524152 0.0973281 0.162596