8 0.749688 0.5035 0.0918438 0.125958
8 0.356242 0.422573 0.0578281 0.0512708
8 0.504992 0.34326 0.154547 0.0826458
8 0.714023 0.345292 0.0669844 0.133958
8 0.692797 0.710823 0.179156 0.197687
8 0.358891 0.366396 0.146219 0.0775833
8 0.458297 0.66399 0.185625 0.0516458
8 0.437875 0.571052 0.281406 0.0550208
8 0.321797 0.427656 0.128656 0.129312
8 0.320281 0.540333 0.154594 0.031625
8 0.449844 0.621438 0.268125 0.078875
8 0.557688 0.687438 0.0659375 0.179875
8 0.586906 0.341938 0.0192187 0.0729167
8 0.641367 0.597365 0.0722656 0.218521
8 0.768672 0.413115 0.132031 0.0811042
59 0.550969 0.379479 0.0406875 0.0250833
59 0.503375 0.464177 0.0545 0.0513542
59 0.4625 0.418167 0.0355938 0.05075
59 0.487711 0.387052 0.0481406 0.0479375
59 0.545805 0.417917 0.0551719 0.0666667
59 0.482586 0.412083 0.0503594 0.0542917
59 0.543531 0.496552 0.064 0.0573958
59 0.45168 0.465417 0.0510781 0.0474167
59 0.410156 0.400292 0.0558438 0.059875
59 0.471422 0.515667 0.0554687 0.09225
59 0.578367 0.512021 0.0600469 0.0683333
59 0.601609 0.428229 0.0427187 0.0714583
59 0.601039 0.395323 0.0353906 0.0579792
59 0.363516 0.38725 0.0468438 0.0362917
43 0.296063 0.490042 0.165938 0.0851667
43 0.250242 0.555135 0.0903906 0.0757708
43 0.677727 0.493167 0.0903594 0.116
43 0.525594 0.316521 0.0994063 0.0377917
43 0.308258 0.360437 0.0734219 0.070375
43 0.509969 0.730531 0.174812 0.157729
43 0.551047 0.34749 0.064 0.0641875
43 0.843539 0.52099 0.162953 0.137854
43 0.248187 0.545677 0.0565937 0.0457708
43 0.560758 0.546448 0.113078 0.0715208