6 0.849422 0.680094 0.214406 0.464021
57 0.435914 0.566438 0.0667656 0.0652917
57 0.495469 0.536792 0.0659687 0.0915417
57 0.567406 0.570448 0.088375 0.0895208
57 0.503164 0.424635 0.0434844 0.0602292
57 0.568258 0.462906 0.0672656 0.0828958
57 0.47643 0.61501 0.0514531 0.0812292
57 0.508641 0.471792 0.0575 0.0820417
57 0.579492 0.649917 0.0623906 0.0937917
57 0.54175 0.420219 0.0523125 0.0833958
57 0.522328 0.627208 0.0579687 0.1075
57 0.56175 0.630771 0.0350937 0.034125
57 0.584656 0.507885 0.0557813 0.0581042
9 0.710945 0.128083 0.0282656 0.0417917
9 0.665031 0.27374 0.0154375 0.0249792
9 0.642391 0.353385 0.0226875 0.0353958
9 0.664109 0.184198 0.0248438 0.0504375
14 0.687734 0.514021 0.077375 0.0375833
14 0.765211 0.621635 0.0402344 0.0694375
14 0.791188 0.502021 0.05825 0.0432083
14 0.757875 0.56026 0.0986563 0.0712708
14 0.803164 0.605719 0.0552969 0.120729
14 0.644211 0.596958 0.0684531 0.11025
14 0.698648 0.583594 0.0828594 0.0677292
14 0.741852 0.490917 0.0671094 0.0191667
14 0.714711 0.488844 0.0553906 0.0171875
14 0.623797 0.527823 0.0190625 0.0296458
14 0.694922 0.64751 0.0789688 0.0912292
14 0.772695 0.541073 0.0469531 0.0244792
14 0.666523 0.529875 0.0771094 0.064875