43 0.314052 0.182461 0.103104 0.0686406
43 0.41349 0.458141 0.137396 0.065
43 0.0434896 0.55307 0.0841042 0.0367031
43 0.672479 0.461023 0.115583 0.0531406
43 0.222292 0.416172 0.134625 0.0673125
43 0.557625 0.310852 0.0969167 0.0355469
43 0.285615 0.567656 0.146063 0.21775
43 0.777208 0.240859 0.189583 0.104031
43 0.473937 0.184125 0.162667 0.0662188
43 0.65499 0.406477 0.0797292 0.0525156
43 0.500396 0.570664 0.264292 0.192422
43 0.0166563 0.347039 0.0320625 0.0459844
43 0.528552 0.125008 0.116604 0.0663594
43 0.138812 0.226953 0.13 0.0978125
43 0.320302 0.237953 0.0776875 0.0438438
43 0.78276 0.386484 0.171187 0.121219
43 0.389073 0.160234 0.0277708 0.0991875
43 0.169313 0.492828 0.121167 0.0485
43 0.650177 0.428836 0.106229 0.0587656
43 0.458437 0.21143 0.0202083 0.0222969