59 0.712247 0.149779 0.132958 0.0802451
59 0.544992 0.825809 0.0208007 0.0221732
59 0.361969 0.98192 0.0341013 0.0346242
59 0.75433 0.919134 0.040915 0.0670261
59 0.802386 0.96634 0.0390196 0.0496078
59 0.404534 0.887132 0.0338399 0.0330882
43 0.681585 0.868627 0.152386 0.142092
43 0.688595 0.957492 0.186373 0.0538725
43 0.451936 0.924257 0.0676634 0.151487
43 0.485188 0.943333 0.0512908 0.113333
43 0.576144 0.922255 0.029085 0.068366
43 0.575833 0.905408 0.0871895 0.187124
43 0.59027 0.939101 0.0558987 0.119739
43 0.612876 0.771609 0.0493137 0.0585458
43 0.43165 0.758758 0.0562745 0.0974183