42 0.594477 0.733583 0.119234 0.0648244
42 0.42932 0.486159 0.0311094 0.0594848
42 0.649633 0.481838 0.0572656 0.104098
42 0.396313 0.408841 0.0655937 0.0809133
42 0.495273 0.702752 0.104359 0.140726
42 0.459406 0.531101 0.119188 0.125855
42 0.688297 0.518279 0.0570625 0.0464403
42 0.552531 0.546311 0.128219 0.169344
42 0.682094 0.757799 0.128688 0.18637
42 0.625773 0.583782 0.0734219 0.135948
42 0.448906 0.783126 0.142562 0.157963
42 0.598734 0.642869 0.0589688 0.113232
42 0.483727 0.415293 0.0312969 0.0827166
42 0.561219 0.664895 0.067375 0.0920375
42 0.447625 0.316511 0.046375 0.072178
42 0.492742 0.379426 0.0700781 0.0476581
42 0.400102 0.633349 0.0732344 0.111101
42 0.513195 0.458618 0.106266 0.0379859
42 0.597758 0.466452 0.0707656 0.0753864
42 0.494133 0.429485 0.103922 0.0605152
42 0.392172 0.515211 0.0491562 0.0476112
42 0.41443 0.532166 0.0451406 0.0581499
42 0.576656 0.402963 0.115344 0.0956206
42 0.693727 0.582623 0.0616719 0.0909133
42 0.660906 0.647986 0.145969 0.120141