43 0.661787 0.5804 0.0460267 0.02444
43 0.457013 0.60084 0.06032 0.0248
43 0.349267 0.56308 0.11176 0.0322
43 0.36556 0.61462 0.02376 0.01392
43 0.37224 0.65085 0.0589867 0.02746
43 0.25716 0.62978 0.0942133 0.02036
43 0.453267 0.57909 0.0381067 0.01938
43 0.610173 0.60977 0.0910133 0.04382
43 0.185507 0.66038 0.10456 0.0244
43 0.57196 0.58847 0.0344267 0.01894
43 0.329573 0.61488 0.0596267 0.02704
43 0.455827 0.6431 0.131333 0.02652
59 0.265333 0.66456 0.164373 0.04752
59 0.689227 0.56799 0.108107 0.03102
59 0.5008 0.56001 0.0706133 0.02042
59 0.41144 0.58058 0.0737067 0.02388
59 0.545667 0.71441 0.02776 0.01078
59 0.70656 0.60308 0.0437867 0.02092
59 0.42988 0.61287 0.0821067 0.02938
59 0.7006 0.67274 0.107333 0.04468
59 0.62124 0.63976 0.12136 0.02696
59 0.742493 0.62114 0.05944 0.02288