37 0.25457 0.686229 0.0135469 0.0142917
37 0.273359 0.608375 0.0114687 0.00975
37 0.229719 0.631177 0.01225 0.0127708
37 0.214352 0.615094 0.00904687 0.0107292
37 0.262562 0.609448 0.009875 0.0127708
37 0.323562 0.682208 0.009 0.0101667
37 0.254703 0.60674 0.009 0.0114375
37 0.281891 0.625698 0.0094375 0.0114792
37 0.266078 0.648969 0.0126875 0.0145625
37 0.306977 0.642615 0.00557812 0.0107292
37 0.296852 0.655698 0.0107656 0.0115625
37 0.208125 0.627125 0.0110312 0.0147083
37 0.228273 0.619583 0.0123906 0.0117917
37 0.290125 0.625417 0.00940625 0.0142917
37 0.188891 0.6945 0.0105625 0.00804167
37 0.246141 0.694635 0.011125 0.00847917
37 0.315867 0.683719 0.00926562 0.0109375
37 0.281047 0.693083 0.0114687 0.00925
37 0.284281 0.614583 0.0112812 0.0145417
37 0.208789 0.673927 0.0154531 0.0139792
37 0.269313 0.633406 0.0150937 0.0169375
37 0.233289 0.662417 0.0121406 0.0125417
37 0.261047 0.67349 0.0127188 0.0175208
37 0.238766 0.650677 0.0124375 0.0109792
37 0.289906 0.680302 0.017625 0.0144792
37 0.315484 0.664427 0.0076875 0.0099375
37 0.222547 0.694906 0.0112812 0.00639583
37 0.302367 0.668344 0.00804688 0.0141042
37 0.199422 0.627135 0.01075 0.0129375
37 0.304141 0.688917 0.00584375 0.00779167
37 0.275094 0.674333 0.0154687 0.020625
37 0.193852 0.657625 0.00854687 0.0114167
37 0.186914 0.672313 0.0110781 0.01375
37 0.201961 0.648729 0.0121406 0.0113333
37 0.249633 0.67349 0.0123594 0.0164792
37 0.276258 0.645719 0.0140156 0.0159792
37 0.236336 0.609875 0.0101406 0.0117083
37 0.289687 0.691396 0.0099375 0.0111667
37 0.194766 0.684302 0.0121875 0.0159792
37 0.195492 0.670802 0.0123906 0.0154375
37 0.211398 0.693583 0.0129844 0.009125
37 0.257789 0.617906 0.0105469 0.0132292
37 0.234469 0.695885 0.0129688 0.0066875
37 0.199969 0.69399 0.00996875 0.0104792
37 0.253781 0.65324 0.0125312 0.0127708
37 0.256617 0.694625 0.0103281 0.008625
37 0.268414 0.693646 0.0121094 0.00858333
37 0.248438 0.610646 0.0103125 0.015125
37 0.294297 0.616938 0.00725 0.00991667
37 0.240305 0.620333 0.0129844 0.0159583
37 0.214383 0.65101 0.0157344 0.0139792
37 0.312547 0.65174 0.0098125 0.0110625
37 0.230289 0.687094 0.0162344 0.0171458
37 0.244242 0.660844 0.0150156 0.0150208
44 0.184141 0.882417 0.0270312 0.0284583
44 0.182242 0.846396 0.0130156 0.0170833
44 0.571695 0.631552 0.0147969 0.0112292
44 0.0473359 0.848833 0.0328281 0.033
44 0.23732 0.881094 0.0312031 0.0326458
44 0.263398 0.903073 0.0286406 0.0389792
44 0.574164 0.59751 0.00504688 0.00589583
44 0.0933281 0.917635 0.0382188 0.0462708
44 0.186711 0.916802 0.0353281 0.0451875
44 0.193016 0.950969 0.0371875 0.0451875
44 0.284438 0.921625 0.029125 0.0410417
44 0.144516 0.976021 0.0322812 0.0479583
44 0.274984 0.862427 0.0256563 0.0277708
44 0.239711 0.960396 0.0364219 0.0454583
44 0.0378984 0.84701 0.0249531 0.0341042
44 0.631422 0.61201 0.0090625 0.0114792
44 0.193391 0.853531 0.0269688 0.0263958
44 0.0660625 0.8965 0.0340937 0.042
44 0.245484 0.852979 0.0170625 0.0152917
44 0.307961 0.866896 0.00764062 0.01
44 0.20618 0.880021 0.0289219 0.036125
44 0.119539 0.949635 0.0364844 0.0514375
44 0.252 0.984021 0.0382188 0.02975
44 0.21668 0.867938 0.0197344 0.0187917
44 0.0893984 0.865844 0.0377969 0.0506875
44 0.143742 0.844219 0.0241719 0.0146042
44 0.0529453 0.83176 0.0276094 0.0256042
44 0.0142031 0.876135 0.0284063 0.0454375
44 0.0145547 0.83475 0.0291094 0.0157917
44 0.0469453 0.919031 0.0352656 0.0473125
44 0.232219 0.858552 0.0274063 0.0241875
44 0.0271953 0.954469 0.0349219 0.0462708
44 0.00864844 0.967687 0.0107031 0.0360417
44 0.159273 0.892521 0.0370781 0.0430833
44 0.0666719 0.872031 0.0117813 0.00964583
44 0.109438 0.909198 0.0265 0.0393542
44 0.165781 0.849115 0.0277813 0.0221875
44 0.31793 0.881646 0.0244531 0.0229583
44 0.176031 0.975844 0.0357813 0.0483125
44 0.110781 0.843937 0.0206563 0.0102083
44 0.119336 0.883188 0.0377031 0.030875
44 0.155031 0.866729 0.02525 0.0189167
44 0.0592812 0.961604 0.0325937 0.0498333
44 0.0295781 0.904406 0.02025 0.0231458
44 0.116531 0.858792 0.027125 0.0314583
44 0.0473047 0.864427 0.0331094 0.0420625
44 0.339656 0.876167 0.0172187 0.0328333
44 0.244039 0.938083 0.0337656 0.039625
44 0.29375 0.89124 0.0344375 0.0438125
44 0.270906 0.970281 0.0318437 0.0362292
44 0.318234 0.910292 0.029 0.0390833
44 0.263055 0.852354 0.0187031 0.0199583
44 0.289625 0.870062 0.0246562 0.0114167
44 0.134008 0.871406 0.0152656 0.0349792
44 0.604352 0.617875 0.0116406 0.0124167
44 0.131781 0.922083 0.0359688 0.0547917
44 0.259625 0.932615 0.0242188 0.0382708
44 0.15825 0.938917 0.03875 0.0506667
44 0.584641 0.628312 0.013875 0.017
44 0.287758 0.956531 0.0299531 0.0391042
44 0.20575 0.909604 0.0235625 0.0367083
44 0.234023 0.911802 0.0337969 0.0461875
44 0.0882656 0.961552 0.03325 0.0510625
44 0.216219 0.980365 0.0284063 0.0378542
44 0.304016 0.933042 0.0328125 0.0426667
44 0.547461 0.629854 0.0130469 0.0177917
44 0.121336 0.836229 0.0264531 0.0261667
44 0.62125 0.630427 0.0100313 0.0115208
44 0.223766 0.843344 0.0246875 0.0295208
44 0.0151172 0.920021 0.0302344 0.0459583
44 0.215156 0.94425 0.0265 0.0430833
36 0.87975 0.876073 0.051 0.0611042
36 0.813484 0.941135 0.0506875 0.0589375
36 0.699062 0.985875 0.048125 0.02825
36 0.824367 0.852615 0.0344531 0.0358958
36 0.748078 0.911844 0.0192187 0.0391042
36 0.795922 0.827052 0.02975 0.0154375
36 0.858938 0.840125 0.0415 0.0414167
36 0.928727 0.89925 0.0440156 0.050625
36 0.720562 0.952406 0.049375 0.0513958
36 0.810891 0.975427 0.0530937 0.0329375
36 0.650852 0.978281 0.0407031 0.0423542
36 0.693156 0.908865 0.0489062 0.0524792
36 0.825984 0.830094 0.0288125 0.0275208
36 0.89968 0.974365 0.0454219 0.0512708
36 0.84418 0.967073 0.0369219 0.0597292
36 0.610789 0.98924 0.0460156 0.0215208
36 0.842016 0.906656 0.0392188 0.0631458
36 0.72268 0.888365 0.0432344 0.0639375
36 0.632078 0.96174 0.0298438 0.0392292
36 0.890922 0.926104 0.049625 0.0517917
36 0.934336 0.844354 0.0388281 0.0672083
36 0.703781 0.870042 0.0192187 0.0285
36 0.778086 0.903042 0.0455781 0.072
36 0.619383 0.922562 0.0283594 0.0459583
36 0.967172 0.888625 0.0405625 0.07
36 0.765922 0.852365 0.0346875 0.0384792
36 0.643828 0.90501 0.03725 0.0562708
36 0.670414 0.949406 0.0535156 0.0584792
36 0.975539 0.978469 0.0481406 0.0406875
36 0.796117 0.853281 0.0426406 0.0398958
36 0.767602 0.96625 0.0520781 0.0531667
36 0.652797 0.927667 0.0406875 0.0354583
36 0.8465 0.872292 0.0267188 0.028375
36 0.654094 0.867281 0.020875 0.0283958
36 0.810492 0.823552 0.0138281 0.0205625
36 0.605102 0.954406 0.0298906 0.0412292
36 0.809703 0.892 0.0341875 0.0481667
36 0.734813 0.837521 0.0409687 0.0362917
36 0.676727 0.887417 0.0297969 0.0385417
36 0.676203 0.8565 0.0288125 0.036
36 0.70275 0.84949 0.0303125 0.0291042
36 0.633992 0.882146 0.0332656 0.0300833
36 0.62732 0.876479 0.0245156 0.0327083
36 0.990766 0.880552 0.0184687 0.0458958
36 0.982867 0.942427 0.0342656 0.0622708
36 0.914453 0.865313 0.0200938 0.0286667
36 0.609938 0.980635 0.0387188 0.0235625
36 0.948133 0.948385 0.0521719 0.0642708
36 0.938078 0.988583 0.0415312 0.0194167
36 0.740062 0.854385 0.0353125 0.0363542
36 0.752008 0.879427 0.0259531 0.0312708
1 0.757773 0.768104 0.0267344 0.040125
1 0.703406 0.783781 0.0310312 0.0192292
1 0.766906 0.784385 0.0170625 0.0186458
1 0.674102 0.786281 0.0248281 0.0151458
1 0.742164 0.786167 0.0286094 0.014125
1 0.697461 0.772729 0.0146719 0.012125
1 0.722148 0.776552 0.0269844 0.0338958
1 0.65368 0.768094 0.0257344 0.0143542
6 0.542008 0.957073 0.0277344 0.0759792
6 0.454578 0.943385 0.0276875 0.0614375
6 0.394773 0.980083 0.0442031 0.0398333
6 0.3785 0.924583 0.0233125 0.0557917
6 0.515867 0.919833 0.0258594 0.0523333
6 0.514203 0.860042 0.0365938 0.0287083
6 0.555625 0.879875 0.0235625 0.0509167
6 0.528898 0.90124 0.0241094 0.0257708
6 0.483711 0.935125 0.0433906 0.063625
6 0.356844 0.971344 0.054875 0.0528542
6 0.491422 0.965062 0.026125 0.069875
6 0.428391 0.86674 0.035375 0.0419375
6 0.464641 0.873583 0.0166875 0.0262917
6 0.47225 0.873417 0.00515625 0.0112917
6 0.571742 0.880083 0.0227344 0.052625
6 0.377437 0.98325 0.020375 0.0335
6 0.573195 0.932937 0.0251406 0.075375
6 0.370484 0.91126 0.0387813 0.0714792
6 0.600008 0.888323 0.0304531 0.0544792
6 0.446344 0.889563 0.020875 0.02
6 0.589922 0.87799 0.0293125 0.0502292
6 0.423047 0.976948 0.0389062 0.0461042
6 0.493063 0.84851 0.0245 0.0359375
6 0.398656 0.92101 0.0214688 0.0827708
6 0.508898 0.964281 0.0164219 0.0713125