1 0.680422 0.133023 0.0314375 0.0822385
1 0.763984 0.0689749 0.034875 0.0677406
1 0.804219 0.105042 0.083125 0.116025
1 0.720609 0.0579393 0.05825 0.0757531
1 0.678078 0.0226883 0.071125 0.0453766
1 0.698336 0.0883368 0.0796406 0.106046
1 0.738984 0.130387 0.0875625 0.0702301
1 0.592773 0.0310251 0.0862344 0.0620502
1 0.800047 0.0311402 0.082125 0.0622803
1 0.672031 0.25749 0.0161563 0.0645188
1 0.735609 0.0235251 0.0472813 0.0463389
1 0.649656 0.0489017 0.0334375 0.0619874
44 0.367305 0.120262 0.0294531 0.100021
44 0.435031 0.069749 0.0844688 0.119163
44 0.400703 0.14477 0.0512188 0.0945607
44 0.347359 0.0184519 0.0358438 0.0369038
44 0.436008 0.0150732 0.0632656 0.0301464
44 0.380867 0.0528766 0.0716719 0.10341
6 0.892406 0.0460669 0.0535625 0.0913389
6 0.962453 0.0544142 0.0536875 0.108828
6 0.847258 0.0257113 0.0296406 0.0514226
6 0.958945 0.0985669 0.0612656 0.146297
6 0.908914 0.08159 0.0474531 0.151381
6 0.989703 0.0557008 0.0205938 0.111402
6 0.864492 0.0957741 0.0462969 0.0830544
61 0.92907 0.409268 0.141859 0.134895
61 0.966945 0.634864 0.0654531 0.159854
61 0.86732 0.490628 0.157203 0.0625105
61 0.862703 0.586862 0.180719 0.266151
61 0.963484 0.751569 0.0730313 0.108326
61 0.948586 0.552992 0.102828 0.0874477