44 0.78933 0.110376 0.35402 0.220752
44 0.408521 0.963979 0.285866 0.0720425
44 0.886307 0.352149 0.227386 0.38531
44 0.980498 0.0727042 0.0390033 0.145408
44 0.23174 0.338701 0.357402 0.356029
44 0.79094 0.686381 0.354853 0.365605
44 0.0336275 0.300711 0.0621895 0.292337
44 0.729665 0.937426 0.311944 0.125147
44 0.132623 0.903317 0.265245 0.193366
44 0.449861 0.765278 0.355931 0.363039
44 0.152712 0.652116 0.29732 0.329461
44 0.575433 0.39982 0.366846 0.343693
44 0.140915 0.0983252 0.279183 0.195833
44 0.448129 0.128129 0.336716 0.256258
44 0.934314 0.889191 0.127059 0.217761