59 0.174824 0.0442031 0.208946 0.0884062
59 0.286417 0.12743 0.274426 0.191453
59 0.492482 0.0385 0.159157 0.077
59 0.55959 0.223258 0.204052 0.156078
59 0.438876 0.245516 0.162248 0.127062
59 0.522717 0.354977 0.193349 0.139578
59 0.184672 0.203406 0.346112 0.227656
59 0.59137 0.480312 0.14644 0.136313
59 0.579052 0.0867734 0.155433 0.173547
59 0.197424 0.592117 0.0876347 0.0993906
59 0.471932 0.137242 0.111593 0.127703
59 0.0549063 0.801813 0.109813 0.247844
59 0.354379 0.272508 0.137471 0.0851094
59 0.346253 0.0243359 0.25719 0.0486719
59 0.62897 0.346687 0.0978454 0.154188
59 0.0948478 0.563453 0.189696 0.196281
59 0.0651874 0.0920078 0.130375 0.141391
59 0.0857611 0.0152187 0.171522 0.0304375
59 0.361557 0.67132 0.348361 0.218266
59 0.330304 0.44643 0.444262 0.289422
59 0.345293 0.0937578 0.210539 0.140266
5 0.409215 0.846656 0.414543 0.194812
5 0.574028 0.782891 0.185059 0.126406
5 0.772412 0.929969 0.278782 0.121875
5 0.644391 0.945477 0.235386 0.106516
5 0.738981 0.819484 0.27267 0.158125
5 0.278232 0.922789 0.535948 0.154422
6 0.907201 0.182828 0.141101 0.204875
6 0.781885 0.351617 0.143208 0.221328
6 0.945785 0.209297 0.0665105 0.142
6 0.826885 0.351359 0.187166 0.222969
6 0.868911 0.0678359 0.0678923 0.135672
6 0.828208 0.281414 0.217822 0.194891
6 0.773396 0.586344 0.194614 0.142125
6 0.889333 0.715984 0.206581 0.147531
6 0.914555 0.83 0.132108 0.0695313
6 0.77966 0.0795469 0.195059 0.159094
6 0.860574 0.739266 0.245738 0.144813
6 0.74774 0.523664 0.0803981 0.0369844
6 0.725796 0.603102 0.14822 0.0533906
6 0.869005 0.163547 0.141944 0.163656
6 0.711066 0.0425 0.173513 0.085
6 0.707342 0.179109 0.0457377 0.039625
6 0.698208 0.664078 0.184426 0.0909062
6 0.73966 0.0670313 0.170843 0.134063
6 0.708349 0.703758 0.117963 0.0896094