44 0.494844 0.188917 0.087625 0.125125
44 0.424312 0.179615 0.056 0.0457292
44 0.401977 0.467552 0.0941719 0.127104
44 0.360312 0.560896 0.106125 0.1305
44 0.619375 0.234552 0.0866563 0.120146
44 0.421984 0.249865 0.0948438 0.115896
44 0.341078 0.44249 0.0978125 0.124437
44 0.482484 0.141792 0.0725 0.0861667
44 0.490516 0.634615 0.1025 0.151271
44 0.53682 0.291052 0.0967969 0.118729
44 0.389258 0.299802 0.0427031 0.0911458
44 0.555086 0.374875 0.0928906 0.0887083
44 0.689906 0.289052 0.0869687 0.113687
44 0.292352 0.498531 0.0927656 0.124062
44 0.264609 0.674479 0.107688 0.140708
44 0.650641 0.129573 0.0884375 0.123312
44 0.456156 0.333208 0.0938438 0.127958
44 0.587297 0.303208 0.0298125 0.0828333
44 0.636836 0.34876 0.0903906 0.115646
44 0.406258 0.792198 0.122953 0.161938
44 0.544813 0.174896 0.0793438 0.123833
44 0.703398 0.19474 0.0903906 0.102813
44 0.589078 0.143406 0.0735625 0.114937
44 0.485508 0.260917 0.0397969 0.0342083