44 0.158359 0.723674 0.296625 0.417394
59 0.607273 0.70784 0.0541719 0.0928169
59 0.82643 0.844577 0.0429219 0.0813615
59 0.775375 0.843685 0.0748438 0.112441
59 0.701688 0.70608 0.044375 0.0585446
59 0.653172 0.554366 0.069375 0.111315
59 0.771266 0.581279 0.0523438 0.127535
59 0.680211 0.815951 0.0727656 0.132183
59 0.532164 0.687829 0.0725469 0.142934
59 0.868016 0.822359 0.0552188 0.077723
59 0.769531 0.677911 0.0539687 0.103474
59 0.748406 0.767089 0.102469 0.0711268
59 0.806781 0.751362 0.0818438 0.0859155
59 0.825977 0.617207 0.0498281 0.0576526
59 0.555508 0.55392 0.0259844 0.0238498
59 0.647125 0.702899 0.0669063 0.0919484
59 0.618477 0.564683 0.0396406 0.0516197