6 0.617958 0.411875 0.2625 0.103469
6 0.609375 0.448977 0.261208 0.0979531
6 0.759625 0.490445 0.09925 0.0588906
6 0.74149 0.431578 0.179813 0.0814062
6 0.599802 0.485898 0.265979 0.101547
6 0.630354 0.521719 0.281083 0.0640938
23 0.12151 0.391922 0.0102708 0.0125625
23 0.11674 0.39107 0.0100208 0.0123281
23 0.25725 0.367367 0.14 0.175766
23 0.140906 0.382117 0.281813 0.181391
32 0.704792 0.728555 0.0590833 0.0448281
32 0.76774 0.684102 0.0594792 0.0415469
32 0.566083 0.685461 0.058125 0.0469219
32 0.562021 0.578141 0.0415833 0.0419062
32 0.65176 0.660695 0.0611875 0.0484531
32 0.603344 0.716477 0.0459375 0.0305469
32 0.617583 0.698336 0.054375 0.0407656
32 0.532687 0.655266 0.055625 0.0450313
32 0.585177 0.58693 0.0348542 0.0428906
32 0.485583 0.739273 0.0600417 0.0564219
32 0.648906 0.586703 0.0489375 0.036375
32 0.728615 0.639914 0.0495208 0.0350156
32 0.648385 0.728656 0.0551042 0.0473438
32 0.526469 0.613461 0.0577708 0.0438594
32 0.534156 0.531859 0.0543958 0.0367188
32 0.585198 0.627844 0.0376875 0.0354063
32 0.463396 0.58 0.0461667 0.03025
32 0.706604 0.692211 0.0356667 0.0338281
32 0.661365 0.55032 0.0540625 0.0304219
32 0.454875 0.732109 0.05025 0.0425625
32 0.673115 0.691977 0.0565625 0.0446094
32 0.432104 0.580734 0.040125 0.033375
32 0.560927 0.720242 0.0562292 0.0276094
32 0.49451 0.692953 0.0526458 0.0412813
32 0.443937 0.650258 0.0604583 0.0410156
32 0.733104 0.697266 0.0222083 0.025125
32 0.710771 0.593984 0.0465 0.0423125
32 0.619698 0.625594 0.0594792 0.034875
32 0.595625 0.663008 0.0612917 0.0416719
32 0.66926 0.587945 0.0187292 0.0153906
32 0.488427 0.553937 0.0554375 0.02225
32 0.719146 0.609516 0.055875 0.03625
32 0.479125 0.818133 0.105667 0.0966719
32 0.55224 0.618938 0.0305208 0.0390625
32 0.435854 0.960578 0.116667 0.0766875
32 0.718865 0.88675 0.0903958 0.0811875
32 0.474667 0.626219 0.05725 0.0381563
32 0.55624 0.558492 0.0318125 0.0128281
32 0.604417 0.557672 0.0492083 0.0344062
32 0.708542 0.656977 0.0547083 0.0389844
32 0.434677 0.58718 0.0290625 0.0328281
32 0.676896 0.632312 0.0570833 0.0487187
32 0.46451 0.60943 0.0568958 0.0360469
32 0.469531 0.551203 0.0441042 0.0335937
32 0.522958 0.575609 0.064625 0.04075
32 0.723302 0.711156 0.0222292 0.025375
32 0.769625 0.638289 0.0468333 0.0356406
32 0.529031 0.720508 0.0280208 0.0292344
32 0.698292 0.571719 0.0369167 0.0274375
32 0.484552 0.664031 0.0475208 0.03975
14 0.0467917 0.454469 0.0935833 0.024875
14 0.0290833 0.46593 0.0581667 0.0188906
14 0.144198 0.594297 0.288396 0.132625
14 0.14851 0.516687 0.294521 0.0945938
14 0.110146 0.4915 0.212333 0.0794375
14 0.127844 0.565891 0.254354 0.0887187
14 0.0854479 0.483758 0.170896 0.0923906
43 0.810156 0.285617 0.0821042 0.0748281
43 0.676583 0.346492 0.121542 0.106547
43 0.783833 0.358305 0.0939167 0.0882969
43 0.690917 0.252414 0.103875 0.0735781
43 0.734094 0.399484 0.0370625 0.0215312
43 0.724448 0.276664 0.121312 0.0969219
43 0.605313 0.359344 0.0446667 0.0308125
43 0.59074 0.303594 0.105646 0.102563
47 0.560458 0.787953 0.154708 0.115656
47 0.280219 0.755211 0.149021 0.109766
47 0.376073 0.698 0.138812 0.103594
47 0.953896 0.512188 0.0922083 0.0697812
47 0.397062 0.800258 0.143583 0.112828
47 0.948396 0.569406 0.099625 0.0798438
8 0.162531 0.657359 0.213104 0.155438
8 0.38074 0.462578 0.168646 0.111656