11 0.311148 0.570073 0.146484 0.132104
11 0.444625 0.617229 0.0525 0.0677083
11 0.459898 0.485708 0.102422 0.196792
11 0.414844 0.772594 0.111094 0.152396
11 0.147289 0.518396 0.0812344 0.116167
11 0.308633 0.357281 0.0955469 0.131646
11 0.164453 0.675146 0.216969 0.265042
11 0.259781 0.497823 0.0139375 0.0108958
11 0.427883 0.344667 0.0419219 0.157958
11 0.243828 0.24726 0.0538125 0.0506042
11 0.224727 0.444156 0.100672 0.107646
11 0.392594 0.623833 0.07175 0.098125
11 0.338219 0.307312 0.150406 0.177667
11 0.292484 0.716844 0.102156 0.234271