18 0.514742 0.467565 0.0719219 0.111835
18 0.428164 0.451906 0.0751094 0.0875765
18 0.584164 0.466576 0.0795469 0.106424
18 0.597164 0.375718 0.0868594 0.111765
18 0.632844 0.536776 0.05375 0.0951059
18 0.715477 0.4444 0.0527031 0.0826353
18 0.504352 0.399941 0.0475781 0.0373882
18 0.546695 0.368906 0.0326406 0.0678824
18 0.540672 0.421047 0.0512813 0.0522588
18 0.552828 0.644894 0.07725 0.107247
18 0.52468 0.573365 0.0814531 0.0851294
18 0.656656 0.3734 0.0500938 0.0661882
18 0.671164 0.4656 0.0817969 0.101318
6 0.690383 0.608929 0.128672 0.1892
6 0.711531 0.495976 0.057375 0.0866353
6 0.675172 0.404741 0.0458438 0.0328706
6 0.443344 0.569529 0.0944688 0.149129
6 0.457023 0.4004 0.0478281 0.0434353
6 0.614313 0.725741 0.113062 0.137835
6 0.402977 0.526859 0.0893906 0.140071
6 0.473062 0.657859 0.115469 0.142353
6 0.597711 0.585047 0.0846406 0.135694
6 0.765953 0.499247 0.0568438 0.109506
6 0.773008 0.577694 0.0963281 0.155388
6 0.519711 0.297082 0.0638906 0.0737412
6 0.464469 0.309506 0.066 0.0643294
6 0.689734 0.381388 0.0327812 0.0538353
6 0.630781 0.464706 0.0615313 0.130824
6 0.467297 0.462776 0.058 0.142306
6 0.513281 0.339929 0.0557813 0.0875294
6 0.36775 0.469176 0.0736563 0.113176
6 0.56843 0.322906 0.0379219 0.0270824
6 0.440383 0.373341 0.0299844 0.0692235
6 0.615164 0.313506 0.0715781 0.0589176