34 0.867617 0.56624 0.262766 0.815146
4 0.377008 0.390646 0.0862031 0.321292
4 0.36268 0.433333 0.0340469 0.232292
4 0.36643 0.402698 0.0734531 0.294104
4 0.356102 0.473771 0.0237969 0.181875
4 0.383617 0.532188 0.0246094 0.0617917
4 0.422297 0.516292 0.0279063 0.082375
4 0.418523 0.558 0.0207344 0.0238333
4 0.400344 0.55976 0.0230625 0.0232708
14 0.251891 0.415615 0.0239063 0.210854
14 0.226297 0.444458 0.0348437 0.239667
14 0.192297 0.478823 0.0443125 0.260354
14 0.217508 0.43251 0.0310781 0.140063
14 0.274945 0.456729 0.0365469 0.169542
14 0.216719 0.323708 0.027875 0.0633333
14 0.165852 0.465021 0.0223594 0.114417
14 0.274969 0.350042 0.052375 0.168125
14 0.230539 0.334167 0.0297344 0.0928333
44 0.132422 0.28651 0.09325 0.118521
44 0.090625 0.59749 0.10325 0.123854
44 0.0758828 0.778813 0.0889844 0.109792
44 0.245422 0.790844 0.127438 0.162479
44 0.091375 0.409698 0.107594 0.142313