57 0.393656 0.349615 0.0188437 0.0146042
57 0.552898 0.418312 0.0391094 0.0375
57 0.309664 0.373448 0.0171094 0.00972917
57 0.286383 0.45974 0.0292344 0.0446042
57 0.536461 0.445406 0.0347969 0.0213542
57 0.461094 0.467177 0.0594375 0.0246042
57 0.27007 0.413646 0.0417344 0.024625
57 0.365758 0.46474 0.0817344 0.0556458
57 0.528836 0.381823 0.0417344 0.0243542
36 0.324469 0.387135 0.0166875 0.0315625
36 0.481359 0.377812 0.055 0.0342083
36 0.324828 0.417031 0.0319063 0.0200208
36 0.337086 0.423979 0.0380156 0.01975
36 0.435234 0.361115 0.0180625 0.0166875
36 0.318391 0.409792 0.03275 0.0235
36 0.406906 0.365333 0.0226562 0.0302083
36 0.498383 0.418604 0.0268281 0.052375
36 0.481305 0.432948 0.0305781 0.0344792
36 0.370633 0.439417 0.0638594 0.0192917
36 0.46482 0.372521 0.0246719 0.0222083
36 0.432617 0.451292 0.0681406 0.0302917
9 0.443359 0.422302 0.0388437 0.0394792
9 0.353695 0.394135 0.0469531 0.0576042
9 0.477586 0.401021 0.0405781 0.0517917
9 0.435094 0.381333 0.0186562 0.0312917
9 0.386789 0.413115 0.0431094 0.0446042
9 0.38793 0.36825 0.0377344 0.0437917