59 0.631008 0.718337 0.174016 0.291429
59 0.553422 0.779895 0.216562 0.292389
59 0.660742 0.504801 0.175641 0.222014
59 0.646242 0.603642 0.159828 0.162037
38 0.43725 0.690761 0.0849688 0.174356
38 0.58807 0.393068 0.139922 0.169087
38 0.333492 0.296311 0.141141 0.205785
38 0.379172 0.262295 0.13575 0.196721
38 0.395563 0.740609 0.07125 0.131569
38 0.429727 0.832272 0.0500156 0.0881499
52 0.352109 0.658946 0.0944062 0.205059
52 0.288117 0.570785 0.103766 0.0953864
52 0.314688 0.414871 0.0788125 0.137424
52 0.33293 0.484625 0.0508281 0.184567
52 0.224172 0.569087 0.0685937 0.127073
52 0.256133 0.417482 0.0633906 0.111452
52 0.411758 0.789309 0.0670469 0.0811944
52 0.267773 0.699918 0.0526719 0.0863466