11 0.310711 0.648028 0.163641 0.139861
11 0.76182 0.490383 0.0758594 0.0966821
11 0.729281 0.631995 0.206437 0.107842
11 0.212352 0.559838 0.0896094 0.106032
11 0.590867 0.714919 0.0857031 0.072297
11 0.187125 0.661125 0.0919062 0.0661485
11 0.524773 0.451531 0.156547 0.170766
11 0.287375 0.505522 0.0962187 0.125244
11 0.675383 0.454884 0.124547 0.126659
7 0.06375 0.590128 0.0694687 0.0587239
7 0.0761719 0.685545 0.0941562 0.0681671
7 0.391961 0.66435 0.0749844 0.0856381
7 0.501133 0.735545 0.0928281 0.0509513
7 0.1495 0.710232 0.0567813 0.039536
7 0.615484 0.682749 0.0806875 0.077703
7 0.0531016 0.637204 0.0537969 0.0407193
7 0.484477 0.577355 0.112828 0.0988399
7 0.774406 0.577239 0.0873125 0.0686311
7 0.676172 0.558492 0.0779688 0.0620882
7 0.335273 0.563979 0.0365156 0.0322274
7 0.671969 0.508828 0.0764375 0.0864733
8 0.466953 0.413202 0.0452188 0.0764733
8 0.825414 0.549211 0.0502656 0.126682
8 0.854172 0.581566 0.0570312 0.0806265
8 0.155383 0.685882 0.0853281 0.0596056
8 0.284734 0.731195 0.287062 0.05
8 0.595992 0.619107 0.0823281 0.0953364
8 0.444219 0.451555 0.0289687 0.0377726
8 0.61668 0.439107 0.0361094 0.0592343
8 0.358789 0.584095 0.0518281 0.0338515
8 0.502633 0.651148 0.159484 0.0782135
8 0.374852 0.424513 0.0720156 0.0416009
8 0.17843 0.483376 0.166328 0.100673
8 0.285117 0.429501 0.108703 0.0667981
8 0.356914 0.399153 0.0419844 0.0561717
8 0.13382 0.632819 0.0556406 0.0569142
14 0.281703 0.730754 0.281 0.0487007
14 0.178352 0.483179 0.167891 0.108677
14 0.851781 0.580255 0.06075 0.0820882
14 0.498664 0.520928 0.192047 0.0710905
14 0.284391 0.421845 0.106906 0.045406
14 0.479687 0.641323 0.0477187 0.117865
14 0.402211 0.747343 0.0839844 0.0377958