58 0.4985 0.205333 0.460719 0.293
37 0.186844 0.39675 0.150031 0.213333
11 0.8265 0.808198 0.235812 0.259937
11 0.761852 0.264854 0.232109 0.227667
11 0.702227 0.464094 0.210141 0.236687
11 0.813867 0.430406 0.0998594 0.141688
11 0.748695 0.644875 0.189922 0.236083
43 0.642727 0.763365 0.170953 0.0956042
43 0.660258 0.616698 0.0603594 0.114021
43 0.604125 0.476281 0.0242188 0.0586042
43 0.513141 0.38226 0.0436563 0.0421042
43 0.639016 0.601719 0.0374688 0.0565208
43 0.509352 0.317229 0.103109 0.0556667
43 0.702914 0.818135 0.0615781 0.0436875