6 0.882922 0.631502 0.233406 0.481557
6 0.83043 0.618048 0.278922 0.460088
6 0.720891 0.513904 0.239594 0.29693
6 0.845187 0.481974 0.263188 0.380789
6 0.813211 0.335702 0.198578 0.144518
26 0.135977 0.543213 0.271953 0.545899
1 0.650062 0.446524 0.223594 0.30489
59 0.595391 0.750482 0.208344 0.311667
59 0.440844 0.534748 0.239344 0.334978
59 0.383984 0.229529 0.0811562 0.0692325
59 0.282023 0.188103 0.138953 0.193531
59 0.27275 0.418651 0.154313 0.21489
59 0.36343 0.323761 0.136172 0.200855
59 0.23368 0.263783 0.142703 0.169364
59 0.234031 0.375811 0.116156 0.178158
22 0.568625 0.240197 0.285656 0.367588
49 0.367016 0.815384 0.251125 0.338443
49 0.595594 0.752379 0.210437 0.311118
49 0.439687 0.535219 0.23775 0.335044