24 0.550328 0.598357 0.0952812 0.0795406
24 0.565813 0.677792 0.104969 0.0796113
24 0.61407 0.617094 0.0458594 0.0943993
24 0.550617 0.628869 0.0945469 0.0565371
24 0.556469 0.650892 0.099375 0.0711484
14 0.874469 0.695654 0.101312 0.0901767
14 0.759937 0.474134 0.06825 0.107138
59 0.454688 0.354929 0.0956875 0.147244
59 0.653148 0.566334 0.0855156 0.0954947
8 0.348062 0.214841 0.0855625 0.113074
8 0.270305 0.328145 0.114672 0.143145
8 0.44807 0.223534 0.112672 0.120954
8 0.338781 0.429152 0.0387188 0.0408481
8 0.454445 0.355645 0.0987656 0.143657
8 0.351547 0.402023 0.11575 0.104046
11 0.625602 0.500936 0.130297 0.130813
1 0.704117 0.727562 0.129516 0.0918728
1 0.709852 0.861413 0.172766 0.0787279
1 0.650586 0.779426 0.184953 0.0908304
1 0.639633 0.816935 0.161984 0.099947
1 0.797953 0.756095 0.128531 0.0888693
1 0.800203 0.82136 0.185312 0.0908481