59 0.514609 0.569646 0.109312 0.125417
59 0.772594 0.552104 0.138469 0.118958
59 0.540055 0.398094 0.115203 0.117688
59 0.639305 0.647635 0.104922 0.140563
59 0.72482 0.426854 0.128703 0.123
59 0.0473047 0.030125 0.0806094 0.06025
8 0.621273 0.379583 0.0558594 0.0282083
8 0.648828 0.468719 0.0648125 0.0507708
8 0.68232 0.357375 0.118234 0.0704167
8 0.541828 0.511302 0.141719 0.121687
8 0.0798047 0.0204063 0.0328906 0.0408125
8 0.53043 0.698635 0.114422 0.109479
8 0.703625 0.576885 0.0280313 0.0281042
8 0.0431484 0.0297396 0.0732344 0.0594792
8 0.579539 0.513323 0.112578 0.0987708