42 0.209742 0.607042 0.0366406 0.0322917
42 0.256469 0.623896 0.0579063 0.0842083
42 0.375789 0.652521 0.0185469 0.040125
42 0.352516 0.673687 0.0301563 0.0476667
42 0.471648 0.340938 0.0378594 0.0384167
42 0.425437 0.642 0.0608125 0.0390833
42 0.433406 0.36101 0.0369688 0.0443542
42 0.306477 0.40401 0.0526406 0.0410625
42 0.434859 0.589531 0.068625 0.0816875
42 0.526344 0.702302 0.0370625 0.0620625
42 0.304727 0.564948 0.0517656 0.0921875
42 0.484727 0.594219 0.0425156 0.0479375
42 0.375461 0.759406 0.0507344 0.0731875
42 0.409516 0.31424 0.0256563 0.0326042
42 0.366492 0.350406 0.0619219 0.0691042
42 0.403688 0.542177 0.0579687 0.0370625
42 0.455492 0.557719 0.0435469 0.0357292
42 0.336586 0.35726 0.0302656 0.0395208
42 0.400039 0.444219 0.0413281 0.0515208
42 0.437867 0.40826 0.0367656 0.0390208
42 0.331016 0.489396 0.049625 0.0295833
42 0.277734 0.508448 0.0715313 0.0359375
42 0.335078 0.644875 0.06025 0.064125
42 0.255352 0.477344 0.0302031 0.0538125
42 0.363977 0.704469 0.0347656 0.0525208
42 0.371937 0.477948 0.04425 0.0291042
42 0.301797 0.455177 0.0334375 0.0366042
42 0.200312 0.520896 0.0385 0.0392917
42 0.377977 0.507594 0.0694219 0.0345625
42 0.408992 0.60925 0.0322969 0.0582083
42 0.337164 0.52974 0.0188281 0.0430208
42 0.529102 0.555646 0.0383906 0.0345
42 0.274742 0.42174 0.0251094 0.0331042
42 0.404875 0.393802 0.034125 0.0327708
42 0.356789 0.565427 0.0399844 0.0338125
42 0.446055 0.426229 0.0200469 0.050625
42 0.343633 0.409781 0.0392656 0.0493125
42 0.544141 0.651354 0.0536875 0.0465417
42 0.272219 0.473635 0.0218438 0.0350208
42 0.264883 0.547698 0.0623281 0.0488125
42 0.441883 0.338677 0.0249531 0.0402292
42 0.405398 0.354135 0.0214219 0.0287708
42 0.363508 0.601031 0.0384844 0.0326042
42 0.318953 0.582021 0.0348437 0.044625
42 0.357094 0.45249 0.045125 0.0401042
42 0.43582 0.657187 0.0317031 0.051625