20 0.745664 0.291089 0.0178906 0.0717712
20 0.778867 0.442768 0.0106094 0.0843542
20 0.785844 0.710923 0.0213438 0.0854613
20 0.765156 0.749742 0.0246562 0.0390406
20 0.766078 0.431162 0.0181562 0.0787085
20 0.795578 0.607066 0.0380625 0.0489668
20 0.7885 0.54797 0.0164375 0.0821402
20 0.744711 0.404188 0.0183281 0.137232
20 0.759539 0.489225 0.0403906 0.0446494
20 0.726297 0.314207 0.0168437 0.0911439
20 0.75257 0.740996 0.00523438 0.0304059
20 0.777203 0.71238 0.0220625 0.0828413
20 0.759914 0.381365 0.0131094 0.100443
20 0.771961 0.718782 0.0244531 0.0502583
20 0.772766 0.469225 0.00296875 0.0149077
20 0.776938 0.558229 0.0197813 0.060738