57 0.840271 0.737953 0.15525 0.108406
57 0.600354 0.568289 0.123 0.140734
57 0.740458 0.189336 0.0335 0.0184531
57 0.618802 0.617008 0.216646 0.163859
57 0.80475 0.537617 0.101875 0.0843594
57 0.760542 0.593437 0.148 0.175063
57 0.871167 0.285297 0.054 0.0440625
38 0.887531 0.677727 0.224937 0.123047
38 0.541469 0.112977 0.244562 0.105797
38 0.91576 0.269813 0.139229 0.115
38 0.33926 0.224164 0.173187 0.0895781
38 0.548719 0.232898 0.160271 0.0761406
38 0.654854 0.17025 0.115792 0.0643125
38 0.789042 0.27718 0.126833 0.0702656
38 0.324542 0.115227 0.192792 0.150016
38 0.171771 0.206281 0.15725 0.1505