59 0.520289 0.402295 0.0327344 0.0415925
59 0.641602 0.414415 0.00848437 0.00943794
59 0.673305 0.423618 0.0152031 0.0174473
59 0.563047 0.401862 0.0358125 0.0480328
59 0.631727 0.419438 0.0195781 0.0208899
59 0.651703 0.36055 0.0275 0.0383372
59 0.676695 0.364204 0.0204531 0.0280328
59 0.683164 0.326077 0.0205156 0.0310304
59 0.690242 0.423197 0.0172656 0.0197424
59 0.658742 0.322459 0.0273281 0.0348478
59 0.655523 0.422377 0.0205469 0.0183841
59 0.652391 0.412319 0.0131562 0.00922717
59 0.706422 0.42137 0.0175313 0.0203513
59 0.600992 0.40267 0.0353906 0.0497424