14 0.727531 0.646264 0.210844 0.13634
14 0.711234 0.751208 0.203594 0.0860377
10 0.547219 0.737991 0.075 0.0970377
10 0.608422 0.488557 0.0531875 0.0594151
10 0.644937 0.46466 0.0445938 0.0635849
10 0.563484 0.385792 0.0480312 0.0524151
10 0.584 0.43566 0.0515312 0.0569434
10 0.646727 0.520132 0.0367344 0.0648679
10 0.608078 0.681057 0.0819062 0.0935849
10 0.549531 0.535387 0.0510625 0.0505472
10 0.666969 0.834075 0.0885 0.0962642
10 0.599 0.537368 0.0471562 0.0443585
10 0.563086 0.475821 0.0492344 0.0708491
32 0.60775 0.68184 0.0834063 0.0964717
32 0.752016 0.822604 0.0930625 0.109019
32 0.547664 0.737906 0.0766406 0.0973962
32 0.57025 0.829189 0.108031 0.0950943
32 0.572766 0.598698 0.107594 0.107736
32 0.666289 0.83466 0.0893594 0.0945283