11 0.156871 0.395596 0.0928268 0.0758987
11 0.393415 0.286536 0.0804575 0.0796732
11 0.583431 0.305556 0.0686601 0.0439216
11 0.706879 0.439943 0.0536275 0.0488072
11 0.642165 0.528154 0.0836111 0.0747059
11 0.488423 0.291871 0.0805065 0.074134
11 0.581569 0.376005 0.0647386 0.0494935
11 0.379722 0.259216 0.0427778 0.0618954
11 0.463766 0.245948 0.029134 0.0379412
11 0.718374 0.546879 0.0972059 0.110261
11 0.585425 0.435972 0.0895752 0.0962582
11 0.458178 0.496127 0.0812582 0.0735294
11 0.816078 0.512181 0.0966667 0.0679575
11 0.726193 0.301422 0.0645425 0.0471895
11 0.541895 0.356413 0.0536275 0.046585
11 0.527737 0.625703 0.0905065 0.0864379
11 0.612582 0.24268 0.095915 0.0885948
11 0.261299 0.533717 0.0998529 0.0828595
11 0.711936 0.368088 0.0689706 0.0552941
11 0.448472 0.417696 0.0732516 0.065817
11 0.409534 0.343489 0.060768 0.0538399
11 0.305074 0.398056 0.0367157 0.0405556
11 0.242819 0.474796 0.0771732 0.0638399
11 0.553971 0.240605 0.0433007 0.0333333
11 0.63844 0.631111 0.101814 0.105654
11 0.328235 0.379281 0.0535948 0.0379412
11 0.266119 0.25384 0.0462908 0.05
11 0.354853 0.339158 0.0609804 0.0612255
11 0.289951 0.654592 0.0931373 0.105359
11 0.389657 0.566168 0.0951634 0.0864869
11 0.589379 0.332606 0.05 0.0448856
11 0.349755 0.468873 0.0752614 0.0458497
11 0.624567 0.322034 0.0247876 0.0370098
11 0.225498 0.316021 0.089232 0.0761601