11 0.229805 0.340552 0.0706719 0.116271
11 0.819828 0.589573 0.0876563 0.135854
11 0.72207 0.466823 0.0734219 0.105188
11 0.55107 0.223281 0.0698281 0.0867708
11 0.499289 0.730823 0.0858906 0.119396
11 0.446258 0.195917 0.0856719 0.0879167
11 0.369828 0.574563 0.0986875 0.0965
11 0.390258 0.675667 0.132141 0.092
11 0.453992 0.381823 0.0715156 0.122104
11 0.375422 0.378604 0.0892813 0.0925417
11 0.602266 0.445188 0.0673125 0.0997083
11 0.708313 0.684729 0.150063 0.226333
11 0.551477 0.800167 0.101141 0.148125
23 0.779781 0.655 0.0729687 0.1145
23 0.579531 0.642813 0.0654375 0.0948333
33 0.619148 0.617437 0.0363281 0.20025
33 0.794352 0.373156 0.0835781 0.163937
33 0.527937 0.570854 0.0787188 0.127667
33 0.813937 0.715208 0.0443125 0.134542
33 0.640023 0.22374 0.126922 0.0351458
33 0.423359 0.24876 0.0904375 0.0273125
33 0.756742 0.381031 0.0570781 0.0389792
33 0.352383 0.237271 0.0842031 0.0319167
33 0.19018 0.545188 0.0287969 0.0702917
33 0.514234 0.205167 0.052125 0.04825
33 0.471812 0.612552 0.0398437 0.118271
33 0.71507 0.820937 0.0605781 0.0590833
14 0.266258 0.401479 0.0513906 0.149625
14 0.324789 0.53101 0.110547 0.0808958
14 0.625008 0.859427 0.0384219 0.0862708
14 0.424508 0.555417 0.0922656 0.0925833
14 0.365305 0.275833 0.0350469 0.116833
14 0.781875 0.457802 0.063625 0.0749792
14 0.549023 0.42724 0.0802344 0.0644792
14 0.651391 0.496385 0.0329688 0.0589792
14 0.632477 0.206604 0.0367656 0.0170833
14 0.322977 0.316396 0.0289219 0.0658333
14 0.254594 0.564417 0.0441563 0.148208
14 0.260117 0.380781 0.0987656 0.135562
14 0.536844 0.61651 0.0506562 0.0841458
14 0.732906 0.555854 0.0505 0.06975
14 0.493398 0.185167 0.0437656 0.0347083
14 0.659289 0.298667 0.0430156 0.0639583
14 0.692711 0.771094 0.0288906 0.0500625
14 0.429695 0.439531 0.0496719 0.0605208
14 0.46975 0.724115 0.0499062 0.0870208
14 0.726781 0.264052 0.0639687 0.0701042
14 0.528398 0.489677 0.0835156 0.0787292
14 0.711273 0.386052 0.0354844 0.0859792
14 0.387906 0.272625 0.157625 0.03375
14 0.279227 0.729594 0.117547 0.141563
14 0.610617 0.274042 0.0977031 0.0849583
14 0.532695 0.281292 0.0969219 0.09825
14 0.419937 0.744938 0.0653438 0.148667
14 0.724945 0.29876 0.0917031 0.123188
14 0.628445 0.532823 0.0304219 0.102937
14 0.209594 0.602063 0.0478125 0.0495