59 0.637344 0.65669 0.0934375 0.161212
59 0.0322422 0.3088 0.0644844 0.0784848
59 0.155695 0.610816 0.0534844 0.0678322
59 0.189609 0.26028 0.0591875 0.064662
59 0.816055 0.282413 0.112141 0.0515385
59 0.369305 0.245245 0.0666719 0.0795804
59 0.0530703 0.527261 0.0714844 0.0627273
59 0.244188 0.264557 0.0649062 0.0962005
59 0.769555 0.692378 0.161578 0.0750583
59 0.446086 0.585105 0.0688906 0.129138
59 0.815008 0.585186 0.196422 0.150047
59 0.570648 0.437063 0.0654531 0.08
59 0.212312 0.239406 0.043 0.0572261
59 0.615234 0.235023 0.04975 0.0361538
59 0.126008 0.594161 0.0444219 0.144918
59 0.244617 0.217949 0.0471719 0.0553846
8 0.158898 0.501713 0.207453 0.0701865
8 0.187195 0.430163 0.130547 0.0937529
8 0.121633 0.237576 0.138766 0.0813054
8 0.935344 0.449907 0.110156 0.0912821
8 0.785445 0.482063 0.241359 0.0997902
8 0.594867 0.309394 0.0929844 0.0695105
8 0.487633 0.728706 0.330516 0.177879
8 0.641898 0.263765 0.148234 0.0581119
8 0.200648 0.376678 0.0748281 0.0331235
8 0.391414 0.202716 0.0519844 0.0644522
8 0.48107 0.281562 0.152703 0.0826107
8 0.0659922 0.427308 0.103828 0.129394
8 0.324727 0.444161 0.159641 0.109021
8 0.902391 0.312226 0.0801875 0.155128
8 0.402617 0.415816 0.105297 0.0833333