14 0.326789 0.515902 0.0307031 0.0434192
14 0.49757 0.484473 0.0306406 0.0335831
14 0.518563 0.382447 0.01575 0.0319204
14 0.486383 0.393267 0.0316094 0.0377283
14 0.326641 0.605141 0.0198125 0.0280328
14 0.452742 0.664461 0.0294531 0.0366042
14 0.433945 0.459731 0.0161094 0.0235363
14 0.383508 0.636171 0.0250469 0.0385246
14 0.553539 0.57055 0.0265156 0.072904
14 0.418516 0.617248 0.010875 0.0151522
14 0.580594 0.620515 0.0243438 0.0630913
14 0.473617 0.526698 0.0260156 0.0303513
14 0.386258 0.572799 0.0247969 0.048829
14 0.435711 0.668326 0.0298594 0.0282201
14 0.337258 0.477869 0.0167969 0.0236534
14 0.535477 0.59192 0.0324219 0.0393443
14 0.504594 0.508068 0.0125625 0.0251288
14 0.564102 0.412201 0.0182969 0.0161124
14 0.45143 0.480925 0.0243281 0.0370726
14 0.485695 0.654649 0.0278906 0.0371663
14 0.454859 0.418267 0.0159688 0.0303981
14 0.445625 0.359356 0.0163125 0.0167447
14 0.407969 0.613326 0.0152812 0.0294145
14 0.369258 0.460059 0.0142656 0.0250351
14 0.323914 0.479543 0.0175781 0.0281733
14 0.323188 0.561979 0.02275 0.0341218
14 0.516422 0.568384 0.0267812 0.0231382
14 0.592258 0.500574 0.0113594 0.0178689
14 0.37143 0.515269 0.00664062 0.0155504
14 0.465766 0.651862 0.024375 0.0452225
14 0.50718 0.393173 0.0246094 0.0341218
14 0.463367 0.581159 0.0187656 0.0322951
14 0.587508 0.464215 0.00598438 0.0120843
14 0.580383 0.54315 0.0182969 0.027377
43 0.356398 0.525457 0.0460156 0.0513349
43 0.543617 0.630269 0.0507969 0.0511241
43 0.355141 0.463876 0.0168437 0.0324356
43 0.501461 0.423009 0.0174844 0.046534
43 0.627258 0.5426 0.0256094 0.0399532
43 0.592633 0.560504 0.0165156 0.0286885
43 0.500125 0.671311 0.0251563 0.0220141
43 0.484961 0.623443 0.0293281 0.0393443
43 0.363734 0.58767 0.0260312 0.0824122
43 0.597406 0.53329 0.03075 0.0562763
43 0.352484 0.477904 0.0179687 0.0325293
43 0.576023 0.520585 0.0161719 0.0186885
43 0.429406 0.536241 0.0454375 0.0588525
43 0.528555 0.486124 0.0161094 0.047096
43 0.338344 0.562307 0.0153437 0.0374473
43 0.575641 0.433454 0.0499687 0.0359485
43 0.518367 0.5413 0.0274219 0.0279391
43 0.420055 0.566967 0.0222969 0.0340749
43 0.539984 0.656136 0.0229375 0.0280562
43 0.658594 0.522272 0.0163438 0.0334895
43 0.443469 0.585679 0.0281875 0.0422717
43 0.485523 0.457014 0.0205156 0.033466
43 0.535617 0.449098 0.0319219 0.033185
43 0.396773 0.558852 0.0363594 0.0706323
43 0.442336 0.398852 0.0190469 0.0266042
43 0.558984 0.511733 0.0206875 0.0370023
43 0.322562 0.582705 0.0433438 0.022459
43 0.478844 0.419778 0.0170313 0.0299532
43 0.424195 0.484227 0.0202344 0.0257377
43 0.529383 0.400504 0.0146719 0.0174473
43 0.514523 0.629087 0.0157656 0.0445433
43 0.461023 0.546218 0.0239531 0.0235363
43 0.382547 0.494485 0.0358438 0.0273302
43 0.537828 0.505105 0.0132188 0.0201405
43 0.610336 0.607482 0.0173906 0.016089
43 0.609992 0.469555 0.0150781 0.0292272
43 0.477195 0.481944 0.0434219 0.0524122
43 0.399711 0.521581 0.0199219 0.0337002
17 0.383305 0.444215 0.0217656 0.0258548
17 0.559609 0.640878 0.0149375 0.0277049
17 0.359289 0.633513 0.0204531 0.0303513
17 0.392742 0.65144 0.0103594 0.0188525
17 0.336719 0.61918 0.0120313 0.0266042
17 0.540391 0.569918 0.025875 0.0344028
17 0.471969 0.60082 0.0187812 0.0316159
17 0.484242 0.536405 0.0171406 0.0411944
17 0.48218 0.577611 0.0192031 0.0337705
17 0.405398 0.461569 0.0168594 0.0302576
17 0.386055 0.602447 0.0177656 0.0368852
17 0.318109 0.54411 0.0329688 0.032623
17 0.464398 0.365527 0.0246094 0.0433255