59 0.778984 0.426602 0.0839063 0.122984
59 0.81375 0.299687 0.0744688 0.0835937
59 0.867117 0.396828 0.0629531 0.0744375
59 0.83832 0.250508 0.0697344 0.0630781
59 0.14107 0.326211 0.0660781 0.0881094
59 0.191906 0.210102 0.065375 0.0680156
59 0.834305 0.559859 0.0713906 0.0745
59 0.348633 0.844125 0.0859219 0.072
59 0.174086 0.617562 0.102047 0.157688
59 0.652281 0.814484 0.0871875 0.0723125
59 0.907273 0.817406 0.111203 0.0807812
59 0.895156 0.619547 0.055 0.0811562
59 0.877188 0.728695 0.0499375 0.0886719
59 0.173836 0.694 0.105109 0.141437
59 0.770539 0.841523 0.0859844 0.0959531
59 0.211336 0.144953 0.0943594 0.071625
59 0.836414 0.423258 0.0633281 0.0797344
8 0.546148 0.817031 0.123703 0.122156
8 0.233063 0.169203 0.0311875 0.0726875
8 0.839023 0.249742 0.0710156 0.0610156
8 0.191633 0.210797 0.0668281 0.0692813
8 0.176164 0.286211 0.0580156 0.0897031
8 0.18068 0.62968 0.0923281 0.135391
8 0.83968 0.424258 0.0578594 0.0775781
8 0.252906 0.191039 0.0376875 0.0701719
8 0.158477 0.835633 0.0933906 0.118922
8 0.824453 0.199867 0.04075 0.0552969
8 0.231133 0.819828 0.0724531 0.107813
8 0.770945 0.840352 0.0842969 0.0942969
8 0.209609 0.143656 0.0928438 0.0682813
8 0.917414 0.708641 0.0794844 0.10025
8 0.701828 0.85157 0.09925 0.0853594
8 0.906625 0.819453 0.109563 0.0753438
8 0.831508 0.561805 0.0758594 0.0646406
8 0.175672 0.694344 0.109406 0.140406
8 0.140359 0.329344 0.0704375 0.0911875
8 0.348547 0.842594 0.08475 0.0723437
8 0.145375 0.604445 0.044 0.123797
8 0.779 0.426594 0.084 0.123
8 0.216797 0.312953 0.0689687 0.0776875
8 0.815156 0.298305 0.0734062 0.0837031
8 0.240945 0.727563 0.0963281 0.0407813
8 0.65143 0.815516 0.0893906 0.0723125
8 0.863383 0.315281 0.0419531 0.0837813
8 0.895398 0.620945 0.0519219 0.0793281