18 0.3144 0.71705 0.03232 0.03514
18 0.49144 0.57183 0.01628 0.01666
18 0.33372 0.60158 0.01692 0.02052
18 0.4709 0.70916 0.03512 0.03
18 0.38821 0.63338 0.0177 0.02
18 0.26807 0.72498 0.03642 0.03488
18 0.40318 0.61872 0.00872 0.01128
18 0.47317 0.51836 0.02014 0.01852
18 0.37417 0.60121 0.02078 0.01666
18 0.35747 0.61907 0.01978 0.01894
18 0.31105 0.61713 0.03374 0.02578
18 0.49382 0.68397 0.01308 0.0259
18 0.46137 0.54218 0.02614 0.02448
18 0.49333 0.54082 0.00846 0.01024
18 0.33271 0.66458 0.02282 0.02016
18 0.43848 0.71493 0.03384 0.03026
18 0.42837 0.63147 0.0229 0.02606
18 0.48998 0.55115 0.01692 0.02334
18 0.42434 0.66067 0.03128 0.02954
18 0.40926 0.7095 0.0312 0.02764
18 0.43539 0.68678 0.03366 0.02764
18 0.48664 0.65779 0.0264 0.02794
18 0.45306 0.63169 0.03564 0.02762
18 0.28613 0.64819 0.02906 0.02734
18 0.48908 0.59898 0.01692 0.01948
18 0.37359 0.65493 0.0177 0.01898
18 0.28101 0.7087 0.0273 0.03036
18 0.45961 0.56281 0.02682 0.02106
18 0.47034 0.68207 0.03472 0.02646
18 0.37067 0.58398 0.01982 0.01916
18 0.44833 0.60859 0.03258 0.02742
18 0.31552 0.64025 0.02436 0.0249
18 0.34002 0.68388 0.02248 0.0208
18 0.49363 0.58975 0.01302 0.01114
18 0.46556 0.7359 0.03332 0.02768
18 0.38984 0.72944 0.03488 0.03388
18 0.45618 0.65922 0.03168 0.02508
18 0.28367 0.67676 0.03106 0.03216
18 0.48545 0.63161 0.03042 0.03042
18 0.26024 0.68719 0.02052 0.02518
18 0.35658 0.67091 0.025 0.02218
18 0.35541 0.65291 0.02646 0.02118
18 0.49449 0.56244 0.01078 0.00948
18 0.29794 0.7356 0.02224 0.015
18 0.35521 0.6014 0.02326 0.02052
18 0.30326 0.69257 0.03144 0.02666
18 0.4874 0.58159 0.00872 0.01794
18 0.46185 0.58269 0.03118 0.03102
18 0.40707 0.68357 0.03062 0.03062
18 0.49502 0.70819 0.01 0.02514
18 0.35041 0.63281 0.01462 0.01154
18 0.26224 0.65207 0.02452 0.01786
18 0.33179 0.69866 0.02802 0.03176
18 0.3931 0.64801 0.02248 0.01666
18 0.49074 0.73304 0.01816 0.02444
18 0.36197 0.68611 0.02358 0.01666
38 0.47095 0.79106 0.06002 0.08304
38 0.31601 0.90077 0.13206 0.1087
38 0.46613 0.84767 0.06838 0.05122
38 0.42395 0.88419 0.10334 0.1213
38 0.26154 0.78238 0.02304 0.0586
38 0.88104 0.04432 0.05568 0.08396
38 0.34764 0.80416 0.1274 0.11048
55 0.36723 0.3726 0.02046 0.01512
55 0.95223 0.79974 0.02334 0.0236
55 0.36147 0.262 0.01958 0.01832
55 0.48673 0.30675 0.02462 0.0159
55 0.88695 0.92136 0.10058 0.08784
55 0.93972 0.77707 0.02108 0.04246
55 0.81793 0.89975 0.01974 0.01538
55 0.49065 0.32322 0.01806 0.0104
55 0.46096 0.28981 0.01852 0.01826
55 0.34833 0.31582 0.0195 0.02588
55 0.37405 0.39143 0.03502 0.01974
55 0.93953 0.89001 0.0259 0.05178
55 0.90409 0.92013 0.01718 0.01514
55 0.27482 0.39083 0.01052 0.01902
55 0.92327 0.78988 0.01282 0.02136
55 0.75455 0.93364 0.0095 0.02
55 0.42203 0.34774 0.02102 0.02204
55 0.92075 0.86833 0.01922 0.0223
55 0.41877 0.31705 0.05038 0.03822
55 0.42376 0.25756 0.0146 0.01296
55 0.9099 0.81455 0.03652 0.03758
55 0.83526 0.75595 0.02052 0.01282
55 0.4635 0.30734 0.02028 0.01708
55 0.40979 0.3159 0.0359 0.04
55 0.8682 0.89162 0.02244 0.0208
55 0.35295 0.35005 0.02102 0.02102
55 0.93289 0.89647 0.02102 0.02718
55 0.45354 0.35868 0.02468 0.02404
55 0.78511 0.94646 0.03694 0.02768
55 0.93776 0.76234 0.0208 0.02176
55 0.25487 0.4339 0.0105 0.01796
55 0.29427 0.44077 0.0223 0.01742
55 0.94782 0.82005 0.0218 0.02614
55 0.98697 0.80741 0.02606 0.01666
55 0.4119 0.43411 0.02404 0.02406
55 0.43911 0.37851 0.02538 0.02718
55 0.30049 0.47631 0.02666 0.03358
55 0.84855 0.81634 0.02046 0.02404
55 0.75882 0.91552 0.01256 0.0182
55 0.82478 0.78753 0.01384 0.01962
55 0.75566 0.9033 0.01164 0.01244
55 0.86148 0.76149 0.01756 0.01794
55 0.79139 0.96415 0.0223 0.01642
55 0.32538 0.28787 0.01436 0.01922
55 0.25704 0.41541 0.00952 0.01874
55 0.2549 0.45141 0.00924 0.02078
55 0.9542 0.85946 0.0262 0.02428
55 0.80049 0.98218 0.02642 0.01768
55 0.34083 0.39121 0.03854 0.02934
55 0.95222 0.75315 0.01916 0.00602
55 0.43756 0.26226 0.02084 0.02484
55 0.85307 0.84915 0.02282 0.02026
55 0.42672 0.32216 0.0152 0.01852
55 0.92205 0.83915 0.0207 0.03942
55 0.83107 0.80359 0.01922 0.01846
55 0.38231 0.2609 0.01282 0.01308
55 0.92318 0.75826 0.01564 0.01488
55 0.8819 0.81526 0.01488 0.01308
55 0.91369 0.93748 0.02022 0.02092
55 0.34524 0.32 0.0164 0.03284
55 0.28251 0.37665 0.01354 0.01454
55 0.96357 0.80735 0.01846 0.01718
55 0.27776 0.45199 0.02248 0.01614
55 0.33472 0.25559 0.01984 0.0109
55 0.42525 0.27418 0.01802 0.01228
55 0.43919 0.27786 0.02174 0.04372
55 0.45242 0.30075 0.022 0.02534
55 0.25384 0.40248 0.00772 0.01312
55 0.96312 0.78974 0.01384 0.01796
55 0.9252 0.7741 0.0172 0.01224
55 0.92548 0.82145 0.01496 0.01822
55 0.26472 0.4302 0.00892 0.02004
60 0.14348 0.65998 0.04248 0.04596
60 0.13448 0.52368 0.02836 0.0222
60 0.0996 0.52743 0.03436 0.02102
60 0.12511 0.51218 0.03206 0.02436
60 0.14716 0.55193 0.03976 0.03718
60 0.08793 0.73012 0.04742 0.03872
60 0.17828 0.58108 0.02876 0.01852
60 0.13461 0.60064 0.05838 0.06328
60 0.08113 0.61243 0.05206 0.03102
60 0.04818 0.64923 0.04948 0.0487
60 0.13281 0.65014 0.03638 0.03836
60 0.15818 0.5359 0.02744 0.02564
60 0.15525 0.51307 0.0297 0.02674
60 0.1219 0.53805 0.0256 0.0173
60 0.10524 0.55843 0.05132 0.03554
60 0.04481 0.60487 0.07298 0.05486
60 0.14405 0.57659 0.04166 0.03438
60 0.10059 0.7472 0.04918 0.00628
60 0.09503 0.59092 0.03742 0.04096
60 0.05846 0.69211 0.06808 0.06334
60 0.13471 0.71256 0.07186 0.07536
60 0.09152 0.63984 0.05532 0.06372
60 0.10667 0.69196 0.03918 0.04936
42 0.72173 0.41554 0.05542 0.061
42 0.66241 0.40115 0.06666 0.06846
42 0.54518 0.35218 0.0546 0.0536
42 0.61816 0.46714 0.0656 0.05772
42 0.54874 0.32748 0.06436 0.03932
42 0.56778 0.44036 0.06208 0.06984
42 0.52029 0.40069 0.03966 0.09314
42 0.67057 0.28115 0.08062 0.06334
42 0.53149 0.45565 0.0471 0.06206
42 0.73125 0.28264 0.0373 0.06648
42 0.58064 0.28571 0.04328 0.0711
42 0.69563 0.35298 0.11062 0.11064
42 0.62448 0.42912 0.06604 0.0506
42 0.61445 0.33621 0.06846 0.07042
42 0.72202 0.472 0.0564 0.0576
42 0.52841 0.28546 0.05718 0.0716
42 0.55265 0.27315 0.06142 0.0469
42 0.66766 0.46305 0.06772 0.07142
42 0.71203 0.27436 0.02742 0.04872
42 0.53006 0.37542 0.03964 0.04756
42 0.59063 0.38281 0.0933 0.07734
42 0.62785 0.28595 0.0497 0.06014
42 0.54264 0.48736 0.06856 0.02396
42 0.56634 0.48006 0.04432 0.04
42 0.6791 0.45284 0.05688 0.09336
42 0.50897 0.46429 0.01878 0.0455
14 0.05235 0.34698 0.0305 0.05404
14 0.03556 0.422 0.03312 0.06788
14 0.5898 0.90543 0.02728 0.02402
14 0.23401 0.44294 0.03002 0.0972
14 0.2134 0.34011 0.027 0.0273
14 0.19076 0.49462 0.00344 0.01156
14 0.24006 0.32387 0.02 0.02026
14 0.70555 0.75769 0.02282 0.01538
14 0.04762 0.31632 0.04992 0.06532
14 0.17565 0.32486 0.08282 0.0236
14 0.22498 0.28154 0.02716 0.02768
14 0.16859 0.43166 0.06846 0.10436
14 0.55373 0.87892 0.0291 0.02872
14 0.5222 0.85454 0.04376 0.02836
14 0.11391 0.44276 0.04074 0.11356
14 0.64311 0.79708 0.06542 0.06048
14 0.54846 0.81669 0.05112 0.06522
14 0.52126 0.88339 0.03988 0.03058
14 0.07677 0.34877 0.0255 0.0551
14 0.51998 0.78398 0.04076 0.03512
14 0.63511 0.76988 0.02794 0.03
14 0.57929 0.97325 0.04206 0.03666
14 0.70895 0.96897 0.03206 0.06206
14 0.53503 0.92159 0.03334 0.06846
14 0.52818 0.86031 0.05384 0.0461
14 0.60164 0.84352 0.02064 0.01984
14 0.57726 0.80982 0.02076 0.01976
14 0.14278 0.29918 0.06516 0.06456
14 0.72485 0.78108 0.02666 0.02564
14 0.66602 0.88095 0.03384 0.0341
14 0.05524 0.46188 0.02948 0.07852
14 0.13601 0.27013 0.02846 0.03102
14 0.13649 0.44193 0.03994 0.08174
14 0.14065 0.45727 0.05158 0.08598
14 0.73389 0.94071 0.03086 0.10298
14 0.56943 0.85504 0.07474 0.01904
14 0.51181 0.76131 0.02282 0.02118
14 0.58211 0.98726 0.02218 0.02428
14 0.23101 0.26688 0.03754 0.03392
14 0.2077 0.47129 0.03208 0.05734
14 0.72154 0.93467 0.0554 0.07026
14 0.22191 0.43269 0.05718 0.07614
14 0.73564 0.838 0.0236 0.04204
14 0.02096 0.38611 0.04192 0.03466
14 0.01488 0.40245 0.02976 0.02382
14 0.58884 0.93172 0.02256 0.03768
14 0.61833 0.96938 0.04462 0.06124
14 0.18317 0.45883 0.03074 0.08406
14 0.04359 0.46967 0.02282 0.05922
14 0.11705 0.46941 0.04306 0.06078
14 0.74096 0.8095 0.01752 0.01668
14 0.10248 0.34353 0.0166 0.0231
14 0.10846 0.36711 0.0264 0.02282
14 0.20682 0.3674 0.02692 0.035
14 0.55275 0.84464 0.03074 0.05688
14 0.55176 0.76826 0.10308 0.03744
14 0.57736 0.84864 0.026 0.056
14 0.61831 0.84957 0.03038 0.02586
14 0.58267 0.95589 0.0559 0.08462
14 0.18363 0.3559 0.02306 0.02524
14 0.12603 0.28992 0.0121 0.01724
14 0.70453 0.77679 0.02538 0.02706
14 0.64763 0.95573 0.03794 0.08854
14 0.74481 0.83099 0.01026 0.02026
14 0.6901 0.83569 0.0336 0.02206
14 0.24141 0.28533 0.01718 0.02718
14 0.08408 0.45779 0.05884 0.08498
14 0.2416 0.30936 0.01732 0.01732
14 0.04318 0.34743 0.05948 0.08462
14 0.65053 0.84811 0.03174 0.02546
14 0.11166 0.25472 0.01444 0.0102
14 0.73151 0.76795 0.03826 0.0361
14 0.03039 0.47721 0.01934 0.04666
14 0.64864 0.75449 0.0296 0.00846
14 0.01969 0.28694 0.03914 0.03968
14 0.5829 0.76426 0.04292 0.02936
14 0.08159 0.25856 0.03598 0.01752
14 0.63115 0.88504 0.05642 0.05256
14 0.21925 0.39031 0.0281 0.04234
14 0.70998 0.81885 0.0382 0.02898
14 0.15004 0.34811 0.03212 0.02786
14 0.6142 0.94274 0.0418 0.11308
14 0.15694 0.39953 0.0332 0.0405
14 0.09056 0.4591 0.06232 0.06384
14 0.19288 0.30206 0.02184 0.05004
14 0.05205 0.26809 0.1041 0.03666
14 0.66848 0.82551 0.09812 0.02278
14 0.2005 0.27615 0.03308 0.02718
14 0.0894 0.40577 0.02768 0.02334
14 0.51818 0.98733 0.01488 0.0243
14 0.61029 0.8875 0.03142 0.06348
14 0.53089 0.97664 0.0211 0.04616
14 0.02756 0.35249 0.05512 0.03066
14 0.12758 0.34061 0.01776 0.02202
14 0.18366 0.35975 0.04896 0.0711
14 0.57724 0.89863 0.03924 0.06318
14 0.65616 0.90043 0.03232 0.03718
14 0.01557 0.33039 0.02518 0.0223
14 0.6372 0.93927 0.0406 0.08802
14 0.22548 0.46811 0.05008 0.06486
14 0.13045 0.38206 0.05442 0.04616
14 0.08936 0.43103 0.024 0.03802
14 0.52865 0.81901 0.02778 0.03274
14 0.07966 0.32016 0.02348 0.04068
14 0.68297 0.96083 0.03062 0.07834
14 0.52809 0.95032 0.0531 0.09568
14 0.63491 0.96175 0.03918 0.0765
14 0.71982 0.89061 0.02832 0.04258
14 0.71307 0.84018 0.02538 0.02588
14 0.01366 0.42093 0.02628 0.03918
14 0.7282 0.97198 0.04512 0.05604
14 0.09857 0.31062 0.03394 0.05036
14 0.02948 0.45314 0.05896 0.09436
14 0.08164 0.48703 0.02216 0.02646
14 0.56588 0.90616 0.03 0.02256
14 0.16799 0.37923 0.0379 0.0399
14 0.54482 0.97651 0.0202 0.04698
14 0.59884 0.88698 0.03 0.02
14 0.67714 0.77874 0.0142 0.03236
14 0.01415 0.46391 0.0283 0.07266
14 0.59186 0.83723 0.01692 0.02358
14 0.74216 0.88975 0.0154 0.03282
14 0.23536 0.33833 0.02384 0.0423
14 0.63081 0.79277 0.0219 0.0233
14 0.23479 0.36114 0.03174 0.0248
14 0.5121 0.92429 0.02376 0.0337
14 0.07959 0.38398 0.01974 0.03256
14 0.16128 0.34461 0.03868 0.03206
14 0.18846 0.31058 0.01052 0.01348
14 0.18159 0.26105 0.0393 0.02046
14 0.66077 0.84441 0.03822 0.0323
14 0.18755 0.27744 0.02462 0.05488
14 0.05626 0.37368 0.03472 0.041
14 0.61946 0.87671 0.02104 0.0159
14 0.09933 0.39768 0.0297 0.05
14 0.51914 0.80705 0.03744 0.04334
14 0.06495 0.40594 0.02698 0.02176
14 0.68318 0.85635 0.02276 0.02486
14 0.02775 0.30334 0.0539 0.0486
14 0.698 0.77897 0.04564 0.05794
14 0.64353 0.7962 0.0509 0.08016
14 0.61135 0.80195 0.01494 0.01954
14 0.55595 0.95791 0.0259 0.07702
14 0.11434 0.27488 0.02384 0.04872
14 0.68381 0.81097 0.02078 0.01334
14 0.61075 0.76755 0.02778 0.00898
14 0.24194 0.38184 0.0172 0.0506
44 0.22738 0.79259 0.0458 0.08538
44 0.02236 0.78029 0.04344 0.0609
44 0.17164 0.76525 0.0644 0.03102
44 0.17946 0.83436 0.10744 0.1082
44 0.04442 0.94532 0.08812 0.10444
44 0.23174 0.88714 0.0374 0.08484
44 0.67938 0.08525 0.10624 0.10846
44 0.06105 0.81844 0.04886 0.06608
44 0.52678 0.10232 0.05408 0.10816
44 0.73218 0.13864 0.03616 0.08232
44 0.67344 0.01551 0.0636 0.03102
44 0.59809 0.12735 0.10038 0.09942
44 0.65359 0.0543 0.07078 0.06
44 0.58577 0.23698 0.04822 0.02564
44 0.0992 0.87651 0.10088 0.09914
44 0.64278 0.17755 0.1016 0.09646
44 0.52243 0.03015 0.04462 0.0603
44 0.56296 0.06702 0.05 0.06564
44 0.54714 0.0124 0.013 0.0102
44 0.59913 0.03899 0.10474 0.07798
44 0.66801 0.20356 0.1297 0.09204
44 0.54406 0.19851 0.08796 0.10358
44 0.16811 0.95386 0.13002 0.09228
44 0.15192 0.8039 0.06768 0.06
44 0.7346 0.2138 0.03088 0.07256
44 0.23464 0.96383 0.03072 0.07138
44 0.0876 0.98641 0.04564 0.0241
44 0.72711 0.04345 0.04646 0.08446
44 0.02666 0.84994 0.05332 0.10252
44 0.14319 0.92654 0.10154 0.0936
44 0.09909 0.78937 0.10442 0.07906
1 0.95711 0.70645 0.08578 0.08722
1 0.1528 0.04602 0.0618 0.05616
1 0.03125 0.12841 0.0625 0.06346
1 0.52262 0.52107 0.04384 0.04154
1 0.21771 0.13592 0.06494 0.0682
1 0.84207 0.59387 0.13094 0.10942
1 0.13332 0.18205 0.09872 0.1005
1 0.49562 0.09646 0.0088 0.06128
1 0.45696 0.205 0.08744 0.08796
1 0.4937 0.0432 0.0126 0.05264
1 0.63365 0.68312 0.10086 0.1018
1 0.7307 0.51589 0.03912 0.03026
1 0.60102 0.58324 0.04104 0.03584
1 0.71959 0.56507 0.06074 0.07922
1 0.02473 0.02038 0.0439 0.0364
1 0.84212 0.52339 0.12028 0.04762
1 0.73473 0.68268 0.03242 0.08664
1 0.1007 0.08339 0.04128 0.0359
1 0.6529 0.54632 0.0614 0.05432
1 0.67804 0.51487 0.0624 0.02922
1 0.17806 0.01795 0.06308 0.03486
1 0.0969 0.04108 0.05704 0.05556
1 0.59648 0.54206 0.05864 0.0598
1 0.23415 0.18218 0.03222 0.08744
1 0.94603 0.66031 0.10666 0.1123
1 0.6198 0.51732 0.05488 0.03444
1 0.77207 0.68892 0.04414 0.12156
1 0.06481 0.21679 0.08786 0.06638
1 0.92641 0.56367 0.1087 0.11074
1 0.27816 0.06251 0.05488 0.11754
1 0.53391 0.60146 0.05766 0.03888
1 0.06614 0.17884 0.03616 0.02744
1 0.33539 0.18919 0.15394 0.12218
1 0.52703 0.66829 0.0543 0.09358
1 0.97236 0.54999 0.04676 0.08506
1 0.23126 0.01551 0.0382 0.03102
1 0.4475 0.15877 0.107 0.1077
1 0.58569 0.63572 0.05642 0.07944
1 0.7178 0.63603 0.06512 0.06794
1 0.51346 0.58544 0.02692 0.03948
1 0.09729 0.24186 0.04498 0.01852
1 0.70359 0.60487 0.02142 0.02018
1 0.67842 0.70419 0.14376 0.09386
1 0.12036 0.01705 0.05128 0.03154
1 0.77787 0.56138 0.05558 0.11364
1 0.08627 0.13616 0.0559 0.08
1 0.06717 0.01334 0.04694 0.02668
1 0.17803 0.20367 0.14042 0.09182
1 0.01306 0.08677 0.02612 0.04166
1 0.34213 0.09381 0.13054 0.1077
1 0.43203 0.05914 0.09898 0.10296
1 0.64704 0.60648 0.10348 0.08968
1 0.55249 0.57771 0.05566 0.05386
1 0.56746 0.51788 0.04636 0.03568
1 0.53199 0.62936 0.0643 0.06508
1 0.54017 0.54628 0.05486 0.05
1 0.03296 0.10089 0.05816 0.03942
1 0.01078 0.23403 0.02156 0.0327
1 0.05313 0.07841 0.05542 0.05582
1 0.04074 0.04748 0.05296 0.04888
1 0.27137 0.18849 0.04366 0.1209
1 0.56325 0.71641 0.0859 0.06614
1 0.5674 0.67775 0.03504 0.02546
1 0.83616 0.68863 0.15396 0.12238
1 0.33934 0.02689 0.11788 0.04422
1 0.02768 0.16752 0.05536 0.09392
1 0.22079 0.06568 0.06106 0.07792
1 0.47555 0.10065 0.03322 0.03094
1 0.14749 0.10717 0.10174 0.09066
1 0.47394 0.04862 0.05224 0.0828
1 0.51095 0.73344 0.02214 0.0334
1 0.42478 0.00736 0.0508 0.01472
1 0.5058 0.54607 0.01256 0.03898