6 0.4705 0.931385 0.211469 0.137229
6 0.334281 0.399062 0.0621563 0.074375
6 0.389539 0.882958 0.145922 0.171375
6 0.1625 0.514031 0.0957812 0.0861458
6 0.683 0.591938 0.127156 0.194875
6 0.697688 0.734958 0.135125 0.277708
6 0.0639531 0.459969 0.127906 0.202937
6 0.257664 0.524698 0.180516 0.289313
6 0.762242 0.607229 0.142547 0.216167
6 0.158211 0.708625 0.141078 0.172125
6 0.383836 0.581667 0.142891 0.291042
6 0.31832 0.574313 0.166328 0.278458
6 0.573656 0.218135 0.143156 0.219438
6 0.113734 0.639552 0.1225 0.203354
6 0.186563 0.409042 0.210219 0.174208
6 0.245336 0.713521 0.0809844 0.106125
6 0.724648 0.449417 0.143703 0.0787083
6 0.648828 0.248073 0.152219 0.183688
10 0.747352 0.797312 0.0977344 0.13075
10 0.740297 0.371594 0.0682187 0.0866875
10 0.643398 0.48675 0.0783281 0.0753333
10 0.446273 0.181583 0.0498906 0.06325
10 0.673914 0.36375 0.0709219 0.0582083
10 0.788477 0.732052 0.0892031 0.113854
10 0.470945 0.504917 0.0637031 0.0960833
10 0.302047 0.762333 0.0865 0.104292
10 0.387344 0.224438 0.0309687 0.0464583
10 0.344914 0.285573 0.0582969 0.0807292
10 0.377734 0.740198 0.0837813 0.0993542
10 0.382344 0.352438 0.0740313 0.094625
10 0.478266 0.222229 0.0559687 0.0777083
10 0.214086 0.327469 0.0816406 0.111771
10 0.214453 0.271427 0.0710937 0.0633958
10 0.305664 0.963208 0.100766 0.0735833
10 0.798477 0.395635 0.0549844 0.0459375
10 0.357727 0.25026 0.0407656 0.0676875
10 0.311141 0.350385 0.0536563 0.0797292
10 0.413219 0.417375 0.0651875 0.0869167
10 0.0715781 0.604531 0.0722187 0.0921042
10 0.20682 0.906917 0.0902969 0.112083
57 0.732617 0.501729 0.0701094 0.135
57 0.836836 0.558823 0.145078 0.220312
57 0.587898 0.81574 0.263078 0.213729
57 0.11875 0.344927 0.149938 0.170271
57 0.025 0.60726 0.05 0.149979
57 0.557227 0.901802 0.187297 0.174604
57 0.232461 0.246906 0.217703 0.138896
57 0.776969 0.510021 0.071375 0.088875
57 0.914859 0.533219 0.0344375 0.151479
57 0.23532 0.859958 0.183141 0.172417
57 0.0933516 0.340438 0.125578 0.0977083