12 0.811023 0.384031 0.0690781 0.0782292
12 0.635742 0.440375 0.0850781 0.113417
12 0.731547 0.536563 0.023 0.0215833
12 0.665977 0.417792 0.0841094 0.0475
12 0.750016 0.478125 0.0494062 0.087875
12 0.727711 0.396615 0.0423594 0.0872292
12 0.818352 0.479042 0.0576719 0.111667
12 0.713977 0.569313 0.0361094 0.0624167
12 0.668422 0.396073 0.072625 0.0528125
12 0.673844 0.567667 0.063625 0.0538333
12 0.771594 0.549698 0.0951875 0.105396
12 0.716523 0.326187 0.0516719 0.0522083
12 0.802039 0.456937 0.0615781 0.0787083
12 0.649406 0.499042 0.0884687 0.0862083
12 0.707961 0.475812 0.0667344 0.0966667