38 0.324711 0.261843 0.219984 0.257207
38 0.397203 0.628016 0.177313 0.128521
38 0.730289 0.663662 0.431922 0.253427
38 0.258578 0.15784 0.220187 0.173897
38 0.428578 0.496197 0.151656 0.109108
38 0.380633 0.663603 0.289078 0.172136
38 0.758094 0.434495 0.15775 0.300164
38 0.119797 0.154073 0.163844 0.0997418
38 0.466234 0.613005 0.137875 0.157887
38 0.508938 0.220728 0.281656 0.293192
38 0.126328 0.467453 0.248688 0.467911
38 0.233367 0.61412 0.325172 0.283967
38 0.930719 0.725481 0.137187 0.171948
38 0.607461 0.263122 0.348922 0.345164