59 0.949375 0.397335 0.0792812 0.0879736
59 0.467781 0.287247 0.0803125 0.126035
59 0.945539 0.270253 0.108922 0.185617
59 0.958828 0.384967 0.0823438 0.0649559
59 0.784727 0.0929185 0.0538594 0.0897137
59 0.687359 0.118062 0.154031 0.13304
59 0.604 0.37457 0.172187 0.138877
59 0.693086 0.0419053 0.138297 0.0790969
59 0.558109 0.149284 0.1405 0.136498
59 0.8035 0.322654 0.255031 0.262577
59 0.656414 0.260055 0.183234 0.210066
59 0.506148 0.356531 0.0988906 0.0606828
43 0.125148 0.692941 0.118328 0.15359
43 0.512195 0.921663 0.101578 0.155132
43 0.136539 0.294758 0.173016 0.142643
43 0.430273 0.384537 0.0978906 0.113392
43 0.0238203 0.633238 0.0475469 0.174846
43 0.12393 0.863194 0.173203 0.252555
43 0.50882 0.686982 0.347578 0.53696
43 0.0361172 0.422919 0.0671719 0.0851322
43 0.473875 0.630947 0.0575312 0.0990749
43 0.136328 0.686178 0.0255 0.0452643
43 0.091125 0.549813 0.18225 0.162533
43 0.0556875 0.681795 0.108688 0.195396
43 0.353359 0.884119 0.303 0.230573