57 0.526711 0.853735 0.0500156 0.0650351
57 0.530125 0.917927 0.0820937 0.0649883
57 0.400508 0.745258 0.0542031 0.087377
57 0.441563 0.754344 0.0532188 0.070281
57 0.126883 0.392272 0.0489531 0.0914754
57 0.389516 0.69322 0.0622188 0.100164
57 0.0809062 0.392037 0.0489062 0.0823888
57 0.151094 0.494883 0.05675 0.0651288
57 0.290711 0.0737237 0.0297656 0.0415925
57 0.362648 0.697225 0.0392969 0.0959953
57 0.493539 0.780902 0.0492031 0.0367916
57 0.491086 0.854895 0.0532656 0.0494614
57 0.158656 0.381452 0.045 0.064356
57 0.14725 0.340574 0.05675 0.0559016
57 0.490836 0.815995 0.0654844 0.0484309
57 0.408633 0.817225 0.0601719 0.0753864
57 0.0968359 0.357998 0.0263281 0.0579625
57 0.0855 0.337564 0.0250312 0.0346136
57 0.0936328 0.481745 0.0606406 0.106347
57 0.160328 0.462564 0.03675 0.0564169
57 0.25393 0.103431 0.0312969 0.0492037
14 0.507602 0.448384 0.0401094 0.0632319
14 0.461883 0.488852 0.0129219 0.0663232
14 0.521734 0.549286 0.0144687 0.0187588
14 0.496328 0.553841 0.0148125 0.0208899
14 0.452437 0.470246 0.0323125 0.0948712
14 0.508656 0.532342 0.0136562 0.032178
14 0.480164 0.47041 0.0207344 0.0980094
14 0.494461 0.5213 0.0195156 0.0336066
14 0.513586 0.585738 0.0158281 0.0271194
14 0.476672 0.584918 0.00803125 0.0123185
14 0.468891 0.541956 0.009375 0.0206792
14 0.489414 0.542447 0.0233594 0.0203981
14 0.440227 0.445984 0.0143594 0.0597424
14 0.469578 0.478817 0.0157188 0.101429
14 0.478547 0.552623 0.011125 0.0189696
14 0.528203 0.481452 0.0429062 0.0751288
14 0.460719 0.517881 0.012 0.0404918
14 0.523148 0.56911 0.00982813 0.0101639
14 0.42857 0.476393 0.0130469 0.0745667
14 0.440961 0.543115 0.0106406 0.0227635
14 0.431258 0.547541 0.0104219 0.0161593
14 0.445055 0.436393 0.0169531 0.0828571
14 0.459203 0.568782 0.0136875 0.0240281
14 0.442305 0.582482 0.0165781 0.0161593
14 0.458195 0.47603 0.0208594 0.0884543
14 0.497492 0.588724 0.0127969 0.0188525
14 0.524391 0.517646 0.0127188 0.0276112
14 0.433406 0.536019 0.0133437 0.015644
14 0.456797 0.583946 0.0119688 0.0105152
14 0.530867 0.551604 0.00957812 0.0249415
14 0.540039 0.472951 0.00957812 0.0161593
14 0.438445 0.577693 0.00854687 0.0117799
14 0.497945 0.491862 0.0172656 0.042178
14 0.454828 0.542869 0.00940625 0.0348712
14 0.514469 0.528852 0.0138437 0.0264169
14 0.44875 0.525258 0.01675 0.0212881
14 0.5025 0.566792 0.0192187 0.024356
32 0.177086 0.247002 0.0230781 0.0333021
32 0.156516 0.1774 0.0335625 0.037096
32 0.16132 0.220375 0.0227344 0.0351288
32 0.184859 0.215761 0.0249688 0.0361593
32 0.141008 0.212974 0.0223906 0.0450117
32 0.262031 0.188724 0.031625 0.0333255
32 0.186641 0.180691 0.0254688 0.0387119
32 0.12682 0.149614 0.0223906 0.0325761
32 0.117805 0.16966 0.0260781 0.0346838
32 0.100242 0.197049 0.0259844 0.035644
32 0.240266 0.212108 0.0232812 0.0334426
32 0.247203 0.19541 0.0238438 0.0348009
32 0.246711 0.170773 0.0248906 0.02637
32 0.114437 0.232822 0.0229062 0.0251288
32 0.261273 0.211124 0.0203281 0.0210773
32 0.226539 0.159532 0.0198281 0.0302576
32 0.224133 0.19897 0.00648438 0.0210304
32 0.119258 0.205761 0.0241094 0.0448712
32 0.199531 0.232717 0.01875 0.0259485