11 0.233641 0.0593438 0.0649687 0.0876875
11 0.327727 0.15501 0.0925469 0.0641042
11 0.407844 0.117802 0.083375 0.102146
11 0.196687 0.0695104 0.046875 0.0711042
11 0.301281 0.108469 0.042125 0.0523125
11 0.356109 0.130698 0.0551875 0.0694792
11 0.203867 0.142083 0.0688594 0.0930833
11 0.277813 0.0719687 0.0282187 0.0556875
11 0.344469 0.0721042 0.109625 0.116417
11 0.256758 0.137385 0.0728594 0.0990625
11 0.368617 0.0541979 0.0316406 0.0328542
43 0.220828 0.331021 0.099125 0.0569167
43 0.481609 0.293177 0.123906 0.133646
43 0.836961 0.522135 0.145984 0.205021
43 0.0811172 0.869896 0.153141 0.14125
43 0.781203 0.295479 0.107875 0.15675
43 0.450914 0.808063 0.165891 0.200125
43 0.209813 0.870125 0.1 0.183542
43 0.219055 0.356719 0.102109 0.0753958
43 0.215742 0.330146 0.0987656 0.0764583
14 0.215367 0.24774 0.130766 0.0810208
14 0.294859 0.584792 0.152688 0.157167
14 0.739922 0.783469 0.16725 0.213563
14 0.471281 0.675687 0.168063 0.0880417
14 0.0976719 0.662313 0.167187 0.281833
14 0.942656 0.695458 0.0799062 0.283167
14 0.603625 0.409688 0.183438 0.0683333
59 0.634391 0.0844063 0.045375 0.0205208
59 0.598344 0.0770937 0.0415937 0.0299792
59 0.603586 0.256802 0.0668906 0.0822708
59 0.642445 0.0585938 0.0351094 0.0367708
59 0.572125 0.11475 0.0391875 0.0370417
59 0.614695 0.105896 0.0453906 0.0271667
59 0.54518 0.0757604 0.0328906 0.0407708
59 0.650203 0.103406 0.0363438 0.0302708
59 0.576227 0.09375 0.0395156 0.0316667
55 0.870797 0.829156 0.120938 0.154604
55 0.664719 0.799812 0.106719 0.139208
55 0.0212188 0.614323 0.0424375 0.0956875
55 0.602844 0.254625 0.0670313 0.0834583
55 0.112883 0.351052 0.0732031 0.0798958
55 0.648133 0.456031 0.0723594 0.0889792