59 0.342794 0.33982 0.130196 0.196209
59 0.272484 0.252002 0.113039 0.118775
59 0.280891 0.463407 0.17165 0.153219
59 0.940703 0.524167 0.118595 0.145131
59 0.313783 0.631446 0.111029 0.127663
38 0.579485 0.251806 0.282827 0.237859
38 0.435417 0.80969 0.254036 0.319085
38 0.32049 0.738799 0.262843 0.284036
38 0.170752 0.176332 0.19 0.149461
38 0.11348 0.519853 0.226961 0.177124
38 0.117533 0.622492 0.235065 0.214624
38 0.17969 0.653783 0.359379 0.300801
38 0.384559 0.197933 0.256601 0.246029
38 0.0546569 0.328317 0.109314 0.0424183
38 0.0489706 0.457263 0.0979412 0.126781
38 0.464943 0.440025 0.144134 0.158317
38 0.541103 0.106863 0.119199 0.0530392
38 0.258342 0.692451 0.0612908 0.0765033
38 0.504044 0.175964 0.172337 0.114118