4 0.111039 0.221115 0.201859 0.176938
4 0.580203 0.373604 0.0750625 0.13475
4 0.606484 0.149479 0.153156 0.21125
4 0.634148 0.326615 0.159266 0.303604
8 0.443562 0.0509583 0.106219 0.0545833
8 0.720437 0.253458 0.10025 0.201375
8 0.182102 0.126198 0.0892031 0.142812
8 0.623125 0.0625729 0.100375 0.0748542
8 0.109227 0.221406 0.201547 0.178646
8 0.244523 0.2185 0.0909219 0.1555
8 0.842297 0.208521 0.0886563 0.175917
42 0.352539 0.515167 0.151703 0.14075
42 0.362664 0.0365729 0.166078 0.0666458
42 0.687141 0.470469 0.177656 0.0853542
42 0.46207 0.43149 0.151891 0.287479
42 0.137031 0.389021 0.10775 0.206667
42 0.348141 0.179 0.147063 0.185958
42 0.766312 0.601885 0.116094 0.176979
42 0.338133 0.310292 0.122109 0.103833
42 0.703805 0.0915417 0.103703 0.097125
42 0.296281 0.156781 0.116031 0.110062
42 0.84457 0.10575 0.0750469 0.0939583
42 0.879742 0.136156 0.0908906 0.0797292
42 0.851078 0.52525 0.0924375 0.0725833
42 0.370641 0.341333 0.103625 0.1145
59 0.182742 0.126573 0.0904531 0.143646
59 0.443602 0.0509583 0.106203 0.0545
59 0.255 0.220667 0.0719687 0.150333
59 0.658906 0.0997083 0.0537813 0.0499167
59 0.712266 0.246375 0.135625 0.228333
43 0.238602 0.214594 0.0737344 0.0948958
43 0.537156 0.100146 0.0525937 0.0676667
43 0.540578 0.373208 0.0634062 0.0940833
43 0.30118 0.224302 0.0325156 0.0921458
43 0.538781 0.278292 0.117656 0.128833
43 0.797836 0.40199 0.0673281 0.0812292
43 0.907742 0.0789896 0.0598906 0.0408125
43 0.213563 0.118875 0.06075 0.0897917
43 0.402445 0.154167 0.0760156 0.119958
43 0.121055 0.440146 0.0757344 0.120208
43 0.886148 0.146698 0.0484844 0.0614375
43 0.361859 0.415823 0.0486562 0.0761875
43 0.338547 0.309781 0.13175 0.105396