32 0.116508 0.250382 0.0891094 0.102578
32 0.0752031 0.353598 0.114937 0.136204
32 0.239516 0.355071 0.0925938 0.125552
32 0.168641 0.298584 0.0983437 0.174108
32 0.237375 0.203144 0.0859062 0.111161
32 0.298148 0.27255 0.0765469 0.170935
8 0.715297 0.230227 0.04225 0.0464023
8 0.68318 0.316062 0.0539219 0.0562606
8 0.623758 0.412975 0.0603281 0.104193
8 0.792352 0.206884 0.0477344 0.035864
8 0.754711 0.389391 0.0456094 0.0552691
8 0.857336 0.162139 0.0399219 0.0479603
8 0.800555 0.507507 0.0501406 0.0588102
8 0.891055 0.17772 0.0360469 0.0380453
8 0.688781 0.461912 0.0442813 0.0743626
8 0.742867 0.495397 0.0534219 0.0646176
8 0.837883 0.468343 0.0467969 0.0791218
8 0.742008 0.268031 0.0203281 0.037932
8 0.959953 0.426161 0.0439063 0.0647309