1 0.539 0.67048 0.16896 0.434133
1 0.39969 0.6366 0.17138 0.23912
1 0.49973 0.730493 0.0509 0.137147
1 0.6347 0.75948 0.12924 0.376933
1 0.83769 0.656453 0.30114 0.201547
1 0.88396 0.51128 0.23208 0.175893
61 0.36031 0.186187 0.14322 0.185013
61 0.83445 0.31088 0.32714 0.359573
61 0.53047 0.25364 0.27222 0.287867
61 0.67543 0.28288 0.25306 0.306347
61 0.19572 0.172213 0.13208 0.163627
61 0.45264 0.235733 0.18276 0.273707
61 0.25912 0.17788 0.14084 0.167333
48 0.83689 0.656147 0.30426 0.2076
48 0.96015 0.29808 0.0797 0.21008
48 0.88412 0.511133 0.2304 0.173467
40 0.26296 0.350907 0.22616 0.26128
40 0.06012 0.689667 0.1172 0.409787
40 0.35429 0.772013 0.39838 0.455973
40 0.13344 0.346773 0.169 0.19584
40 0.77122 0.104267 0.08828 0.173067
40 0.58596 0.453053 0.27572 0.265093
40 0.34805 0.435973 0.21938 0.147253
40 0.71142 0.0703467 0.08044 0.140693
40 0.65328 0.146867 0.16576 0.141413
40 0.02659 0.552427 0.05154 0.121387
40 0.19969 0.75108 0.21462 0.495387
40 0.66092 0.0490533 0.09016 0.0981067
40 0.42138 0.14692 0.0548 0.0553867
40 0.32922 0.519773 0.14792 0.129147
40 0.61153 0.0517067 0.08666 0.103413
40 0.5054 0.0861733 0.1686 0.172347
40 0.71225 0.52756 0.17422 0.326747
40 0.11738 0.689373 0.1792 0.426373