14 0.785664 0.470094 0.0443594 0.0968
14 0.733445 0.511682 0.110859 0.1988
14 0.400437 0.502659 0.0744062 0.182635
14 0.699445 0.308412 0.0672031 0.156118
14 0.650234 0.477529 0.0766875 0.0654118
14 0.684445 0.4136 0.148391 0.0954824
14 0.710914 0.428529 0.0317969 0.0447765
14 0.615305 0.577588 0.128516 0.168212
14 0.484578 0.372541 0.0623437 0.0693176
14 0.486219 0.477882 0.110688 0.0825882
14 0.623781 0.309847 0.105625 0.169482
14 0.46275 0.561306 0.122656 0.161671
14 0.504 0.282541 0.130031 0.0959059
14 0.420883 0.621235 0.0682344 0.0887294
14 0.39507 0.383047 0.117828 0.155129