11 0.121281 0.294479 0.129812 0.188458
11 0.638203 0.738719 0.0523125 0.106146
11 0.123555 0.505615 0.191453 0.239729
11 0.533438 0.657906 0.112688 0.115479
11 0.639117 0.533719 0.0357656 0.0551458
11 0.548367 0.439708 0.0470469 0.0324167
11 0.573344 0.821969 0.0838437 0.0910208
11 0.538812 0.801583 0.0555312 0.0911667
11 0.215695 0.696896 0.161516 0.261417
14 0.556656 0.56275 0.0800625 0.08475
14 0.496664 0.411479 0.0847344 0.0914583
14 0.608172 0.51899 0.0455625 0.0743125
14 0.449156 0.618729 0.110937 0.096
14 0.374977 0.188771 0.0556719 0.075375
14 0.462859 0.493417 0.08325 0.0279583
14 0.346852 0.639146 0.0970781 0.138958
14 0.465555 0.53826 0.0619219 0.0729792
14 0.516914 0.32799 0.0738906 0.0763542
14 0.349789 0.223688 0.0313594 0.0200833
14 0.385219 0.318125 0.051375 0.0633333
52 0.588555 0.392771 0.0845781 0.187667
52 0.327164 0.307083 0.0654844 0.0681667
52 0.202578 0.32 0.0211562 0.044625
52 0.466922 0.210812 0.139031 0.151792
52 0.336367 0.253292 0.0582344 0.045
52 0.35525 0.500969 0.120094 0.148104
52 0.290094 0.497094 0.0534687 0.0525625
52 0.263234 0.282438 0.0800625 0.111333
52 0.55525 0.480563 0.0816875 0.0799167
52 0.550836 0.2715 0.0610156 0.0947083
52 0.194422 0.386781 0.0309375 0.0548958
52 0.584727 0.61149 0.0355156 0.0506875
52 0.22343 0.547812 0.0435781 0.045625