51 0.566867 0.270873 0.0404844 0.0943868
51 0.431859 0.358856 0.0160625 0.0382783
51 0.507562 0.370483 0.0430313 0.0653538
51 0.616445 0.337535 0.0421406 0.0557783
51 0.483469 0.415389 0.040125 0.0701179
51 0.502727 0.316486 0.0382344 0.050566
51 0.465516 0.298785 0.0364063 0.0494575
51 0.702266 0.387759 0.039125 0.0656132
51 0.476828 0.256887 0.0504062 0.0461321
51 0.58943 0.224587 0.0310781 0.0555425
51 0.680141 0.517028 0.0359375 0.0240094
51 0.665461 0.485248 0.0409844 0.0630896
51 0.551172 0.486073 0.0418437 0.0559198
51 0.734469 0.351368 0.0407813 0.0618396
51 0.752563 0.445991 0.0434375 0.0625
51 0.547992 0.235696 0.0352969 0.0441274
51 0.52175 0.428467 0.0477812 0.0676887
51 0.804469 0.340967 0.0459688 0.0635377
51 0.597609 0.29263 0.0389375 0.0554009
51 0.620141 0.391368 0.0404687 0.0615566
51 0.491398 0.171639 0.0395156 0.0496934
51 0.795273 0.362901 0.0309531 0.050283
51 0.598883 0.438172 0.0394531 0.0612972
51 0.556508 0.431686 0.0464219 0.0625708
51 0.459398 0.352382 0.0204844 0.0415566
51 0.798836 0.412535 0.0275469 0.0561557
51 0.681578 0.433868 0.0374688 0.0588208
51 0.705094 0.287134 0.0370625 0.0583726
51 0.776422 0.279139 0.0367188 0.0413443
51 0.845211 0.500507 0.0218281 0.0479009
51 0.820992 0.447028 0.0321406 0.0508019
51 0.658617 0.387182 0.0460781 0.0630896
51 0.767242 0.361934 0.0372344 0.0497642
51 0.451992 0.206498 0.0322344 0.0538915
51 0.41718 0.345377 0.0104844 0.0282547
51 0.578461 0.334151 0.0444844 0.0588208
51 0.477438 0.308679 0.0415312 0.0595755
51 0.435359 0.257358 0.0243125 0.0532075
51 0.773047 0.314033 0.0344375 0.0585849
51 0.786969 0.449776 0.035875 0.0530896
51 0.771875 0.404198 0.0334375 0.0614623
51 0.699664 0.335613 0.0391094 0.0484434
51 0.816656 0.397017 0.0304375 0.0533255
51 0.716313 0.51842 0.0439375 0.0305189
51 0.79275 0.528726 0.036625 0.0254717
51 0.741305 0.297087 0.0375781 0.0675708
51 0.757625 0.245802 0.0683125 0.0631604
51 0.741586 0.393679 0.0416719 0.0625
51 0.483063 0.470519 0.0405313 0.0520755
51 0.744344 0.4948 0.0418125 0.061533
51 0.813148 0.489646 0.0476094 0.0697642
51 0.661023 0.330212 0.0426094 0.0657547
51 0.728875 0.227441 0.0509375 0.049033
51 0.538719 0.326651 0.0385 0.0575943
51 0.641344 0.436816 0.0410937 0.0663208
51 0.625477 0.480283 0.0394531 0.0589151
51 0.705898 0.485943 0.0387656 0.0565566
51 0.646695 0.282241 0.0645781 0.0925943
51 0.776531 0.501333 0.039125 0.0741274
51 0.721695 0.436663 0.0436094 0.0674292
51 0.798813 0.295436 0.0175937 0.0424292
51 0.473117 0.36355 0.0382656 0.05875
51 0.635828 0.511533 0.0413125 0.0315566
51 0.589078 0.490884 0.0404375 0.0572877
51 0.514398 0.477052 0.0431406 0.0558962
51 0.581063 0.389965 0.0392813 0.0643632
51 0.606125 0.242748 0.0460313 0.0524764
51 0.464617 0.165153 0.00901562 0.0230896
51 0.543953 0.381014 0.0407813 0.0641509
51 0.519031 0.165047 0.0190937 0.0237736
51 0.493805 0.11862 0.0556094 0.0808255
51 0.566297 0.202818 0.0365 0.05875
51 0.669102 0.191415 0.0418906 0.0406604
51 0.413195 0.340035 0.0117969 0.0260142