11 0.562459 0.55268 0.24384 0.251765
11 0.304134 0.306127 0.323627 0.296863
11 0.857451 0.255114 0.126667 0.167026
11 0.362165 0.359502 0.0807026 0.119134
11 0.335237 0.452557 0.060768 0.0641013
11 0.457288 0.100629 0.173301 0.172631
11 0.221912 0.510343 0.0948039 0.175327
11 0.813047 0.550817 0.270245 0.2
11 0.705907 0.25393 0.372467 0.241618
11 0.380547 0.151993 0.178415 0.118725
11 0.560482 0.0984395 0.134886 0.121291
11 0.787034 0.379379 0.147402 0.108791
11 0.716422 0.348497 0.0422549 0.0453922
11 0.844559 0.0852778 0.035915 0.0597712
11 0.646944 0.125833 0.0819608 0.0745752
11 0.350686 0.541928 0.0680719 0.0567974
11 0.479918 0.387181 0.0605229 0.0420425
11 0.291217 0.551225 0.0687745 0.0530065
11 0.696185 0.391691 0.0625 0.0632843
11 0.172819 0.299828 0.133154 0.115931
11 0.396985 0.585556 0.137696 0.13