39 0.623156 0.321827 0.0217188 0.0374239
39 0.876844 0.325094 0.0150312 0.0192272
39 0.548781 0.511522 0.0250625 0.0366745
39 0.855461 0.590632 0.0239219 0.0351288
39 0.635227 0.294227 0.0221094 0.0336066
39 0.536969 0.539696 0.0248438 0.0342389
39 0.828617 0.294649 0.0141094 0.0198361
39 0.865258 0.383864 0.0172031 0.021171
39 0.9595 0.468056 0.0192187 0.0322717
39 0.695453 0.701159 0.028375 0.0392272
39 0.955164 0.542728 0.0212031 0.0299063
39 0.846562 0.681464 0.0275313 0.0366511
39 0.762937 0.634485 0.0273438 0.0387119
39 0.647945 0.614344 0.0237656 0.0382904
39 0.938203 0.325667 0.0152812 0.0217799
39 0.696531 0.603056 0.027 0.0408197
39 0.539047 0.474941 0.0165313 0.0277752
39 0.931867 0.382564 0.0172656 0.0287354
39 0.716305 0.574918 0.0268281 0.0366745
39 0.578398 0.37082 0.0222656 0.0273536
39 0.88743 0.255902 0.0172656 0.0184543
39 0.921492 0.610375 0.0256406 0.0380796
39 0.780055 0.364496 0.0217656 0.0312881
39 0.707227 0.385422 0.0217031 0.0279391
39 0.633609 0.539555 0.024875 0.0348478
39 0.789609 0.340258 0.0211875 0.0312881
39 0.730852 0.664789 0.0273594 0.0392272
39 0.64018 0.706358 0.0269219 0.0374005
39 0.78718 0.452108 0.0256406 0.0389696
39 0.850687 0.539403 0.0215625 0.0300468
39 0.732461 0.495222 0.0228906 0.0329274
39 0.921273 0.475258 0.0198281 0.0289696
39 0.882484 0.644602 0.0277813 0.0406792
39 0.782555 0.662436 0.0251406 0.0397658
39 0.952422 0.491581 0.0198125 0.027377
39 0.955164 0.574625 0.0278594 0.0353864
39 0.783109 0.54041 0.025625 0.0333255
39 0.658703 0.634742 0.0280313 0.0423185
39 0.670719 0.600902 0.0273438 0.0423185
39 0.596914 0.447108 0.0244531 0.0370726
39 0.955008 0.638326 0.0315156 0.0413349
39 0.759398 0.455351 0.0233594 0.0344028
39 0.940289 0.359871 0.0186406 0.0274239
39 0.723117 0.526241 0.0201406 0.0347775
39 0.810891 0.45308 0.0242812 0.0364169
39 0.698039 0.372623 0.0143906 0.0287119
39 0.865148 0.267342 0.0158906 0.0262061
39 0.829977 0.324215 0.0160469 0.0203747
39 0.942578 0.605831 0.0324688 0.0416862
39 0.587281 0.479742 0.02475 0.0379391
39 0.591172 0.346827 0.0223125 0.0300937
39 0.601008 0.372693 0.0230781 0.0274473
39 0.874734 0.394824 0.02 0.0241686
39 0.814266 0.611276 0.0235938 0.0359016
39 0.913234 0.30863 0.0154375 0.0228337
39 0.557008 0.369578 0.0220469 0.0277752
39 0.912547 0.500902 0.0203438 0.0296253
39 0.972039 0.542693 0.0210156 0.0274473
39 0.615289 0.63219 0.0191406 0.03
39 0.894609 0.516721 0.0196563 0.0302576
39 0.832352 0.596827 0.0253906 0.0365105
39 0.811141 0.286792 0.0124688 0.0133489
39 0.825984 0.631194 0.021375 0.0326464
39 0.529625 0.352178 0.0169375 0.0228571
39 0.907844 0.357155 0.0183437 0.0280328
39 0.655813 0.583513 0.0249688 0.0295082
39 0.794648 0.31808 0.0198281 0.0259016
39 0.600938 0.320703 0.0225625 0.0346136
39 0.75682 0.665948 0.0263906 0.0384543
39 0.750602 0.485281 0.0252031 0.038103
39 0.922344 0.325773 0.01625 0.0192272
39 0.966531 0.382084 0.0195938 0.0287588
39 0.733789 0.577307 0.0111094 0.0146136
39 0.836102 0.276944 0.0133594 0.0221311
39 0.637297 0.479227 0.027 0.0379391
39 0.893406 0.477307 0.018625 0.0269321
39 0.833492 0.451803 0.0230781 0.0312881
39 0.655328 0.348607 0.02125 0.0353864
39 0.776414 0.320117 0.0205156 0.027822
39 0.981195 0.639543 0.0266719 0.0359016
39 0.891781 0.397225 0.0177813 0.025644
39 0.862164 0.323349 0.0169219 0.0222951
39 0.858891 0.286721 0.0138437 0.0215457
39 0.724187 0.479918 0.0203438 0.0320609
39 0.929156 0.573712 0.0265312 0.0378689
39 0.680914 0.542728 0.0233594 0.0304215
39 0.637094 0.649087 0.0224375 0.0391101
39 0.568031 0.29466 0.0215312 0.0302576
39 0.806063 0.540714 0.0227187 0.0295785
39 0.835625 0.306792 0.0170937 0.0269321
39 0.608961 0.541803 0.0234219 0.0312881
39 0.892859 0.675129 0.0214688 0.0338642
39 0.589992 0.292529 0.0227344 0.0330679
39 0.586477 0.54 0.0234219 0.0338642
39 0.794141 0.686464 0.0272188 0.0259016
39 0.846906 0.48089 0.02325 0.0361593
39 0.619836 0.656885 0.0210469 0.032459
39 0.810063 0.388489 0.021875 0.0263934
39 0.731883 0.314824 0.0236094 0.024356
39 0.940938 0.468068 0.02225 0.0318267
39 0.898727 0.378068 0.0151406 0.0287354
39 0.851352 0.36185 0.0162344 0.0184543
39 0.948789 0.383642 0.0172656 0.0277049
39 0.877578 0.584262 0.0324062 0.0396721
39 0.728305 0.386581 0.0220469 0.0277752
39 0.829914 0.390773 0.0209219 0.0258548
39 0.570203 0.450902 0.0240625 0.0351054
39 0.561609 0.539415 0.0244375 0.0340984
39 0.800156 0.36596 0.019625 0.0325293
39 0.556992 0.318817 0.0244844 0.0347307
39 0.980922 0.518384 0.02 0.0330679
39 0.757625 0.542447 0.0238438 0.0306089
39 0.673719 0.486745 0.0123438 0.0208431
39 0.767484 0.514309 0.0238438 0.0383607
39 0.906164 0.577447 0.0282031 0.0393911
39 0.665289 0.37411 0.0215469 0.0266745
39 0.792406 0.511429 0.0252188 0.0361124
39 0.913852 0.269883 0.0165781 0.023466
39 0.650414 0.673337 0.0275156 0.0425527
39 0.988898 0.493852 0.0183281 0.0303747
39 0.908656 0.399789 0.0160938 0.022623
39 0.927437 0.518981 0.0204063 0.0306089
39 0.725766 0.336639 0.0234688 0.0330445
39 0.737656 0.362588 0.0208125 0.0338407
39 0.824672 0.48226 0.0232812 0.0366511
39 0.846008 0.624742 0.0191406 0.0352459
39 0.644047 0.324227 0.0210313 0.0305152
39 0.831391 0.655176 0.02525 0.0352225
39 0.659047 0.483197 0.0220625 0.0387119
39 0.749242 0.688337 0.0261094 0.0240749
39 0.647266 0.511112 0.0238125 0.0354333
39 0.697641 0.576159 0.0156563 0.0205152
39 0.889195 0.355679 0.0190469 0.0301874
39 0.80882 0.298173 0.0109219 0.0199063
39 0.924937 0.402775 0.0172813 0.0230211
39 0.904695 0.642951 0.0278594 0.0366745
39 0.768375 0.340714 0.0213438 0.0291101
39 0.749266 0.575995 0.024 0.0372365
39 0.708648 0.631639 0.0264219 0.0377049
39 0.748703 0.387178 0.0220625 0.0277049
39 0.612891 0.477822 0.024625 0.0371897
39 0.754078 0.318595 0.0224688 0.0281499
39 0.970883 0.491593 0.0194531 0.0312412
39 0.743297 0.516148 0.0254063 0.0365105
39 0.758813 0.605211 0.0265625 0.0327635
39 0.671219 0.51315 0.0247812 0.0374473
39 0.932031 0.490691 0.0225 0.0295316
39 0.731531 0.631019 0.02325 0.0353864
39 0.623398 0.510117 0.0257969 0.0390164
39 0.828898 0.540094 0.0232656 0.0308197
39 0.896828 0.269227 0.01675 0.0230913
39 0.574195 0.509321 0.0252344 0.0393443
39 0.623062 0.372951 0.0224062 0.0279625
39 0.857859 0.510632 0.021875 0.0335363
39 0.644328 0.375199 0.0211875 0.0264169
39 0.758203 0.364321 0.020625 0.0302342
39 0.93093 0.640176 0.0282031 0.0379625
39 0.667359 0.703571 0.029125 0.038993
39 0.611953 0.34808 0.0220625 0.0320375
39 0.916047 0.542564 0.0229687 0.0288759
39 0.883008 0.306885 0.0157031 0.0233724
39 0.678641 0.670656 0.0264688 0.0391569
39 0.85282 0.307108 0.0176406 0.0248009
39 0.80193 0.482506 0.0238281 0.037377
39 0.990805 0.542178 0.0183906 0.0264169
39 0.72232 0.697283 0.0261094 0.0391569
39 0.79007 0.38897 0.0210156 0.0271663
39 0.969164 0.60726 0.0299844 0.0394379
39 0.880867 0.268126 0.0153281 0.0237002
39 0.866445 0.349239 0.0169219 0.0246136
41 0.403 0.140222 0.0447813 0.0611944
41 0.281234 0.199344 0.0455 0.0574707
41 0.382461 0.18815 0.0468281 0.0586885
41 0.25782 0.148583 0.0477344 0.0677986
41 0.234305 0.202178 0.0481406 0.0562061
41 0.330047 0.195539 0.0502187 0.0666745
41 0.304742 0.148607 0.0457031 0.0681265
41 0.452219 0.139614 0.048375 0.07
41 0.429172 0.189344 0.0485625 0.0607963
41 0.351742 0.168466 0.0364531 0.0540281
41 0.474859 0.195773 0.044625 0.0566511