44 0.0757344 0.303906 0.108781 0.148206
44 0.216062 0.702123 0.0948125 0.137724
44 0.788508 0.506652 0.107609 0.145777
44 0.931609 0.705449 0.107406 0.146302
44 0.0736797 0.903643 0.105609 0.142867
44 0.503773 0.105974 0.116922 0.15895
44 0.642977 0.70547 0.112953 0.151904
44 0.217711 0.902571 0.114266 0.152538
44 0.63793 0.306499 0.105016 0.144814
44 0.36193 0.112976 0.106984 0.145033
44 0.92493 0.309278 0.113766 0.152166
44 0.0757109 0.511204 0.107516 0.144858
44 0.360789 0.707691 0.108609 0.147681
44 0.646406 0.11081 0.113688 0.151072
44 0.930297 0.903206 0.109531 0.148468
44 0.645312 0.506149 0.112813 0.152823
44 0.0803125 0.103578 0.102 0.138009
44 0.360469 0.308074 0.106875 0.144639
44 0.506102 0.507965 0.108359 0.147396
44 0.503422 0.702604 0.104469 0.142144
44 0.219031 0.109103 0.113 0.154092
44 0.363289 0.504617 0.109797 0.14814
44 0.787656 0.108928 0.1105 0.149584
44 0.648523 0.90116 0.111172 0.151028
44 0.0786875 0.703304 0.113375 0.152648
44 0.92607 0.109562 0.105609 0.143632
44 0.790156 0.901302 0.103844 0.141247
44 0.219438 0.510274 0.111344 0.150131
44 0.929945 0.507177 0.110984 0.150766
44 0.222086 0.31035 0.110547 0.150241
44 0.502203 0.903654 0.110469 0.150416
44 0.360523 0.904497 0.111984 0.151575
44 0.784742 0.702013 0.115516 0.155317
44 0.502477 0.313676 0.103266 0.140131
1 0.788672 0.311007 0.110969 0.150153