59 0.697406 0.819333 0.246563 0.20025
59 0.918906 0.563385 0.161406 0.0931875
38 0.585063 0.356729 0.274219 0.289833
38 0.871805 0.288802 0.160984 0.0846042
38 0.869563 0.318844 0.0700313 0.175271
38 0.768258 0.45176 0.456766 0.219854
38 0.976352 0.229104 0.0472969 0.0658333
38 0.941008 0.330031 0.0892031 0.155312
38 0.716148 0.512573 0.259734 0.111729
38 0.590375 0.569594 0.149375 0.410604
38 0.665484 0.591906 0.2005 0.0930208
38 0.470531 0.257396 0.0714375 0.05775
38 0.209227 0.26701 0.115891 0.0827708