17 0.612359 0.634485 0.0582187 0.0567916
17 0.723492 0.645796 0.0842344 0.0507026
17 0.594109 0.403103 0.0764062 0.12555
17 0.634203 0.663384 0.107625 0.0591335
17 0.640508 0.558208 0.0525781 0.0732319
17 0.620453 0.498009 0.0499687 0.0566745
17 0.610391 0.328911 0.04375 0.0528103
17 0.581305 0.552377 0.0517656 0.0886885
17 0.607766 0.548595 0.0365938 0.0469321
17 0.791063 0.582283 0.0648125 0.0775878
17 0.618148 0.443782 0.0350469 0.0614754
17 0.726297 0.589859 0.149938 0.117892
38 0.123164 0.56363 0.0655469 0.0453864
38 0.397906 0.598817 0.102875 0.0597892
38 0.0342891 0.511628 0.0658594 0.0780094
38 0.265555 0.638817 0.0935469 0.0903279
38 0.556156 0.460948 0.0328125 0.0361358
1 0.593125 0.403044 0.0761875 0.126042
1 0.528164 0.273478 0.121203 0.150515
1 0.822055 0.539344 0.225297 0.13555
1 0.726289 0.589965 0.150359 0.117354
1 0.87493 0.603525 0.106047 0.0596956