8 0.868083 0.334016 0.0496667 0.0215938
8 0.163042 0.249883 0.065625 0.0349844
8 0.341812 0.211164 0.051875 0.0381406
8 0.015375 0.300063 0.03075 0.0337812
8 0.387031 0.445008 0.0668958 0.0424531
8 0.176687 0.292187 0.0581667 0.0382188
8 0.211052 0.128031 0.0458542 0.0262188
8 0.600177 0.3155 0.0360208 0.0246562
8 0.745479 0.224703 0.06725 0.0340937
8 0.545208 0.14982 0.0305417 0.0176719
8 0.566135 0.108688 0.0323125 0.0124063
8 0.522906 0.195047 0.0344375 0.0330937
8 0.507594 0.241078 0.0500625 0.0200313
8 0.85826 0.801359 0.0505625 0.0498437
8 0.665365 0.142961 0.0241875 0.0164531
8 0.123438 0.351305 0.0501667 0.0272969
8 0.602177 0.56 0.0761458 0.0409687
8 0.180292 0.351984 0.0698333 0.0289375
8 0.707073 0.328398 0.0342292 0.0208594
8 0.705417 0.302586 0.0539583 0.0260469
8 0.0817604 0.108312 0.0358542 0.0244062
8 0.0528958 0.261898 0.0532083 0.0292031
8 0.465031 0.522141 0.0459792 0.0335312
8 0.534229 0.220281 0.0505417 0.034
8 0.913729 0.512359 0.0588333 0.0303438
8 0.610365 0.0801172 0.0298542 0.0247969
8 0.43299 0.468836 0.0612292 0.0331406
8 0.492063 0.111688 0.0471667 0.045375
8 0.7335 0.259211 0.0536667 0.0236406
8 0.13975 0.142633 0.0377917 0.0217969
8 0.296781 0.162117 0.0412292 0.0136406