11 0.25925 0.729135 0.308094 0.387896
11 0.306734 0.926844 0.204156 0.146313
11 0.627922 0.770333 0.152562 0.413417
11 0.458469 0.17251 0.170094 0.345021
11 0.364508 0.134083 0.0545469 0.0950417
11 0.290688 0.204927 0.402719 0.402729
11 0.352094 0.861708 0.08175 0.112208
11 0.0642734 0.674312 0.128547 0.219042
11 0.254711 0.505708 0.507172 0.402
11 0.816977 0.847969 0.268172 0.304062
11 0.0473203 0.473469 0.0946406 0.231521
11 0.496563 0.777198 0.181281 0.259271
11 0.0713984 0.588198 0.0681719 0.0981042
11 0.139383 0.236479 0.0629844 0.0603333