1 0.537729 0.784436 0.137974 0.0755719
1 0.349632 0.777729 0.139493 0.258595
1 0.587966 0.705923 0.218088 0.0553758
1 0.306266 0.865131 0.0989706 0.119477
1 0.572279 0.738897 0.232304 0.122304
1 0.459812 0.817941 0.151324 0.249477
1 0.321389 0.699404 0.174346 0.215539
57 0.70406 0.419003 0.0537092 0.0717974
57 0.680425 0.52085 0.0861765 0.100163
57 0.508783 0.366324 0.100768 0.103595
57 0.448472 0.4746 0.020768 0.0365523
57 0.67125 0.58085 0.0605719 0.0426797
57 0.618382 0.570425 0.089183 0.0799346
57 0.621683 0.597337 0.0351307 0.0235948
57 0.446773 0.539877 0.0205065 0.0458987
57 0.548121 0.588922 0.0616993 0.0420588
57 0.506667 0.588333 0.0317974 0.0253922