14 0.132148 0.572771 0.0712656 0.121816
14 0.181391 0.746816 0.0608125 0.104764
14 0.324203 0.408927 0.0633438 0.104316
14 0.393992 0.634528 0.0621406 0.130472
14 0.15043 0.689186 0.0764531 0.159505
14 0.232375 0.753821 0.0835 0.0999528
14 0.374016 0.445 0.0701563 0.094717
14 0.397797 0.532017 0.0704375 0.163514
14 0.356477 0.717394 0.0679531 0.105401
14 0.299094 0.76079 0.0615 0.078467
14 0.209258 0.44217 0.0537031 0.151226
14 0.171906 0.48421 0.078375 0.11941
14 0.262742 0.384458 0.0634531 0.0917453
17 0.214867 0.520625 0.104797 0.185967
17 0.318781 0.638821 0.122031 0.220094
33 0.192008 0.620059 0.0538594 0.0785142
33 0.209102 0.697087 0.0580469 0.0450708
33 0.248867 0.682807 0.0720156 0.141179
33 0.175758 0.575012 0.0520781 0.0712972
33 0.316383 0.502064 0.0353594 0.0870519
33 0.260602 0.526226 0.0582656 0.136179
33 0.321258 0.447877 0.0370469 0.0482075
33 0.277922 0.483019 0.0536875 0.149764
33 0.243953 0.448679 0.0328437 0.0456604
33 0.207672 0.666498 0.044125 0.049316
33 0.347789 0.495825 0.0366406 0.0964623