34 0.505539 0.94525 0.0247969 0.0400833
34 0.360625 0.931208 0.0194375 0.0372917
34 0.511047 0.968135 0.0298438 0.0375625
34 0.465328 0.906198 0.0227187 0.0311458
34 0.342297 0.916583 0.0175625 0.025125
34 0.439266 0.961635 0.0254688 0.0244375
34 0.360375 0.838219 0.0287813 0.0473958
34 0.413445 0.941323 0.0264844 0.0457292
34 0.448656 0.846417 0.0365625 0.046
34 0.404547 0.894187 0.0260937 0.035
34 0.479063 0.91625 0.0138437 0.0462917
34 0.450844 0.906927 0.00834375 0.0203125
34 0.375461 0.917687 0.0177656 0.0165417
34 0.414016 0.803563 0.0285938 0.0389583
34 0.381047 0.942365 0.0315625 0.0465208
34 0.497977 0.981135 0.00892187 0.0133542
34 0.420312 0.853198 0.026 0.0341042
34 0.380305 0.980948 0.0287031 0.0374792
34 0.427602 0.872104 0.0216094 0.0257917
34 0.471398 0.843833 0.0132969 0.0324583
34 0.367547 0.872375 0.0160938 0.0457083
34 0.497063 0.892906 0.0206563 0.0304375
34 0.450969 0.987323 0.00971875 0.0253542
34 0.45493 0.981187 0.0118281 0.037625
34 0.408406 0.879885 0.0283125 0.0281042
34 0.403852 0.607698 0.173703 0.279979
34 0.346344 0.88425 0.0325937 0.0400417
34 0.356875 0.978427 0.0207188 0.0270625
34 0.477828 0.879719 0.0354688 0.0379375
34 0.492625 0.856135 0.0329375 0.0429375
34 0.340195 0.621333 0.0962969 0.131625
34 0.391391 0.821094 0.0334062 0.0404375
43 0.379859 0.981104 0.0278125 0.0377917
43 0.640516 0.179583 0.0108125 0.022625
43 0.529031 0.117531 0.01025 0.0193958
43 0.398242 0.92801 0.0230781 0.0464792
43 0.339914 0.620812 0.0974844 0.133167
43 0.427617 0.87075 0.0215469 0.0279167
43 0.52632 0.243885 0.0160156 0.0320208
43 0.479531 0.0223646 0.0144687 0.0173542
43 0.359969 0.101156 0.0169375 0.0319375
43 0.5165 0.194302 0.0223125 0.0286875
43 0.4145 0.954958 0.0215 0.0184583
43 0.418219 0.832281 0.0260625 0.0248958
43 0.465336 0.905354 0.0240156 0.032
43 0.637227 0.0570208 0.0227344 0.0347083
43 0.492531 0.85749 0.0351875 0.0450208
43 0.413594 0.804677 0.029 0.0378542
43 0.471102 0.0654271 0.0139219 0.0284792
43 0.554102 0.0319583 0.0132031 0.024875
43 0.449148 0.846437 0.0367031 0.0475
43 0.345492 0.884719 0.0318281 0.0393958
43 0.667047 0.148708 0.007625 0.01225
43 0.526359 0.226406 0.0184375 0.0191875
43 0.429367 0.649417 0.113047 0.155083
43 0.511773 0.968021 0.0288281 0.0359167
43 0.496141 0.130677 0.0157188 0.0181875
43 0.355516 0.863781 0.0180937 0.0249792
43 0.432539 0.902354 0.0298906 0.0409583
43 0.53975 0.280646 0.0192812 0.0205833
43 0.425141 0.181073 0.00571875 0.00764583
43 0.455828 0.187052 0.03925 0.0573125
43 0.515734 0.173698 0.0185937 0.0046875
43 0.40318 0.608292 0.172578 0.278542
43 0.461094 0.321771 0.006 0.00991667
43 0.663586 0.174135 0.00682812 0.00997917
43 0.439969 0.962 0.0272812 0.026125
43 0.433383 0.945187 0.0361094 0.02225
43 0.579539 0.0415833 0.0152656 0.0234167
43 0.452039 0.0855521 0.0212344 0.0230625
43 0.483031 0.00710417 0.0156563 0.0142083
43 0.455742 0.0574583 0.0152344 0.0425833
43 0.567203 0.212177 0.0301563 0.0358125
43 0.365742 0.121188 0.0348281 0.042625
43 0.424312 0.142698 0.0365625 0.0313958
43 0.586711 0.159135 0.0252969 0.0323958
43 0.382273 0.896969 0.0247969 0.0236875
43 0.337109 0.914302 0.0292187 0.0339375
43 0.535984 0.325125 0.01875 0.027125
43 0.573406 0.0849687 0.00634375 0.0101042
43 0.390711 0.821104 0.0335781 0.0395
43 0.404062 0.895177 0.0266562 0.0344375
43 0.45632 0.931792 0.0390156 0.03975
43 0.35107 0.962531 0.0210781 0.0336042
43 0.641047 0.281677 0.0175625 0.0239792
43 0.478844 0.879594 0.0352188 0.0381458
43 0.3615 0.843115 0.0287187 0.0399375
43 0.467102 0.107313 0.0354531 0.0234583
43 0.563281 0.298531 0.0128125 0.0223125
43 0.649734 0.215979 0.0138437 0.0225833
43 0.383422 0.864656 0.0254063 0.0487708
43 0.388859 0.226417 0.027 0.0115417
43 0.475414 0.659542 0.129328 0.150042
43 0.488289 0.96126 0.0256406 0.0312292
43 0.359586 0.174813 0.0132344 0.0122083
43 0.497492 0.892792 0.0219844 0.0296667
43 0.659 0.242219 0.00896875 0.0171458
43 0.613258 0.286917 0.0161094 0.0112917
43 0.495094 0.209219 0.029625 0.0270208
43 0.448703 0.883937 0.0266562 0.0355417
43 0.431445 0.109094 0.0111094 0.0307708
43 0.532805 0.961854 0.0326406 0.0545
43 0.552656 0.264104 0.0187187 0.0222083
43 0.563883 0.169927 0.0187969 0.0304375
43 0.415945 0.937094 0.00789063 0.0173958
43 0.565016 0.317208 0.0254063 0.0184583
43 0.49575 0.910823 0.018875 0.0237292
43 0.421094 0.208125 0.01275 0.0165833
43 0.473797 0.987344 0.018375 0.0253125
43 0.380898 0.942406 0.0322969 0.0469792
43 0.505148 0.133958 0.00695313 0.012
43 0.484625 0.149552 0.0157813 0.0241458
43 0.421961 0.922198 0.0304531 0.0293958
43 0.631508 0.0205313 0.0115156 0.0195625
43 0.546945 0.169979 0.0173594 0.0198333
43 0.432125 0.98676 0.0283438 0.0264792
43 0.34407 0.954625 0.0169531 0.0385
43 0.608625 0.0120417 0.0230312 0.023125
43 0.547914 0.251792 0.0169844 0.023
43 0.396453 0.250875 0.04725 0.0335
43 0.531961 0.263771 0.0183594 0.0187083
43 0.408289 0.973646 0.0242031 0.0347083
43 0.536422 0.212667 0.0109687 0.018125
43 0.408344 0.878854 0.0287813 0.0300833
43 0.451898 0.985844 0.0100156 0.0275208