32 0.22119 0.796787 0.04722 0.0665333
32 0.30902 0.60716 0.05336 0.0701067
32 0.35259 0.572293 0.0639 0.07808
32 0.31122 0.848347 0.056 0.0787733
32 0.35846 0.801667 0.06596 0.0846133
32 0.31458 0.507933 0.05596 0.0710133
32 0.21377 0.66236 0.07458 0.07976
32 0.28326 0.78668 0.05608 0.0756
32 0.24892 0.748813 0.05132 0.07176
32 0.23193 0.445893 0.05646 0.06928
32 0.30007 0.733867 0.04194 0.0498133
32 0.17781 0.71684 0.08378 0.0770933
32 0.2286 0.536013 0.05432 0.078
32 0.27385 0.66544 0.0455 0.0719467
32 0.26595 0.568307 0.05258 0.0831733
32 0.31028 0.674653 0.07532 0.0741067
32 0.32503 0.76832 0.03522 0.05008
32 0.1679 0.790907 0.05992 0.0793067