38 0.572086 0.470115 0.0298281 0.0821458
38 0.608203 0.252479 0.0415312 0.0559167
38 0.432437 0.459625 0.014125 0.0402917
38 0.605367 0.476313 0.0233281 0.0804167
38 0.723187 0.540302 0.0549063 0.0953125
38 0.829242 0.306281 0.0656719 0.0374375
38 0.435656 0.418479 0.0146875 0.0489583
38 0.957594 0.348479 0.0613125 0.0622083
38 0.39468 0.354729 0.0118594 0.0234583
38 0.434703 0.388823 0.0105 0.0136458
38 0.377875 0.335958 0.0180625 0.0504167
38 0.660859 0.273083 0.024375 0.04625
38 0.593266 0.47301 0.0390313 0.130229