39 0.29209 0.590631 0.08602 0.0951351
39 0.31926 0.627508 0.11336 0.093033
14 0.70442 0.710255 0.02036 0.0179279
14 0.75336 0.74533 0.03048 0.0385886
14 0.8067 0.70042 0.01712 0.0382583
14 0.77772 0.653589 0.00512 0.0261562
14 0.82782 0.616922 0.03976 0.0192492
14 0.72193 0.654535 0.02806 0.0141141
14 0.86015 0.612868 0.02138 0.0184685
14 0.76523 0.697177 0.03302 0.06
14 0.71992 0.750105 0.01704 0.0218919
14 0.86583 0.683213 0.02038 0.033994
14 0.76212 0.626441 0.00684 0.0278979
14 0.70791 0.73973 0.0075 0.0437838
14 0.73932 0.636682 0.03864 0.0411712
14 0.71403 0.621351 0.01022 0.0145345
14 0.89117 0.684474 0.01574 0.041982
14 0.91391 0.733829 0.02974 0.0253754
14 0.82621 0.673138 0.03026 0.0424324
14 0.78595 0.68458 0.02482 0.0298198
14 0.95225 0.781411 0.02002 0.0305105
14 0.82558 0.642492 0.01048 0.012012
14 0.83335 0.593934 0.01166 0.0164565
14 0.71585 0.66548 0.02838 0.013964
14 0.88734 0.696006 0.01132 0.0294294
14 0.7469 0.705465 0.02068 0.0422823
14 0.83944 0.658559 0.02496 0.00534535
14 0.80525 0.657042 0.01334 0.0366667
14 0.86827 0.634189 0.0123 0.0187087
14 0.83644 0.726321 0.02196 0.0285586
14 0.79277 0.75545 0.02074 0.0226126
14 0.7222 0.69964 0.0192 0.0221622
14 0.82379 0.747508 0.01678 0.00780781
14 0.78728 0.600015 0.03524 0.0406306
14 0.77599 0.672252 0.0135 0.0176577
38 0.90977 0.829279 0.0581 0.0554354
38 0.66604 0.74048 0.07696 0.153874
38 0.78246 0.810465 0.03524 0.0707808
38 0.61478 0.742297 0.07624 0.12982
38 0.70303 0.833303 0.03706 0.108529
38 0.85476 0.734354 0.04632 0.113273
38 0.62948 0.847477 0.0408 0.0532733
38 0.50779 0.815255 0.07586 0.0575976
38 0.58167 0.785195 0.06694 0.155976
38 0.8222 0.824444 0.09144 0.0888288
38 0.90863 0.660901 0.0313 0.0818018
38 0.81018 0.808619 0.03652 0.0760961
38 0.73838 0.822192 0.05644 0.122823
38 0.5089 0.847673 0.06956 0.0256757
38 0.52759 0.765135 0.0395 0.0236036