6 0.209375 0.488448 0.072125 0.0992292
6 0.178086 0.655323 0.0901719 0.0872292
6 0.303 0.72149 0.0829375 0.104562
6 0.344586 0.653229 0.0792031 0.104333
6 0.23482 0.727865 0.0765469 0.107896
6 0.17768 0.52926 0.0684844 0.0779375
6 0.164875 0.587792 0.0785 0.104958
6 0.345359 0.562208 0.0774375 0.10325
6 0.318328 0.5005 0.08325 0.105625
6 0.267625 0.469396 0.069 0.0879583
14 0.455672 0.0724792 0.0480625 0.043625
14 0.352367 0.32851 0.0516719 0.0679792
14 0.380047 0.455948 0.046625 0.0668125
14 0.482195 0.357708 0.0437969 0.0600417
14 0.392266 0.130333 0.0509063 0.0666667
14 0.285437 0.198833 0.0594063 0.0717917
14 0.556523 0.365292 0.0510156 0.0584167
14 0.553586 0.133771 0.0397656 0.0617917
14 0.434281 0.187021 0.053625 0.0692917
14 0.436508 0.190708 0.0644531 0.114458
14 0.490734 0.0865833 0.0455313 0.0392083
14 0.313703 0.265104 0.0379375 0.0825
14 0.343703 0.103865 0.0536875 0.0660625
4 0.443063 0.705271 0.0369688 0.309083
4 0.509086 0.805615 0.0206406 0.133896
4 0.525445 0.71351 0.0335156 0.345479
4 0.607883 0.607333 0.0233281 0.200958
4 0.578937 0.68276 0.03475 0.278937
4 0.558828 0.678938 0.03975 0.281417
4 0.63457 0.668125 0.0410781 0.189792
4 0.489945 0.762396 0.0419219 0.265583
4 0.655734 0.661667 0.0340625 0.193542
4 0.607023 0.806969 0.0554531 0.181062
4 0.419 0.727875 0.0224375 0.143833
4 0.652469 0.74349 0.0540937 0.235021
4 0.469484 0.69074 0.03925 0.332312
4 0.567258 0.672792 0.0261719 0.176708
4 0.556836 0.814677 0.0312656 0.112312
4 0.438289 0.648646 0.0110156 0.1835
4 0.624086 0.699396 0.0432344 0.26775
56 0.257617 0.604344 0.0644844 0.0846042
24 0.486352 0.381625 0.103703 0.0868333
24 0.502195 0.104813 0.0744844 0.066875
24 0.347281 0.17775 0.09325 0.0963333
24 0.58182 0.181688 0.0402656 0.0890417
24 0.403656 0.0758958 0.082625 0.05