57 0.44963 0.708827 0.00538 0.00661333
57 0.51849 0.731187 0.01698 0.0206133
57 0.65454 0.723747 0.01284 0.006
57 0.66404 0.710107 0.01032 0.0101867
57 0.44413 0.684813 0.01346 0.0211467
57 0.49202 0.688893 0.01072 0.00792
57 0.6238 0.69008 0.00992 0.01872
57 0.65181 0.696413 0.00822 0.0105333
57 0.63424 0.69316 0.01244 0.01496
57 0.49598 0.727733 0.01164 0.0197333
57 0.64465 0.692467 0.0103 0.00882667
57 0.50778 0.718053 0.0136 0.0170667
57 0.70355 0.67728 0.00702 0.00634667
57 0.49562 0.742573 0.0106 0.0106933
57 0.59297 0.69024 0.01126 0.00752
57 0.5051 0.73264 0.0126 0.0195733
57 0.64189 0.703573 0.01154 0.0125867
57 0.46936 0.70344 0.00764 0.0113067
57 0.69552 0.699147 0.0088 0.00992
57 0.49831 0.703067 0.0131 0.0128533
57 0.50429 0.68548 0.00962 0.0105867
57 0.73686 0.7018 0.00708 0.01112
57 0.66996 0.699667 0.00976 0.0161867
57 0.4763 0.723307 0.00612 0.00565333
57 0.61461 0.704373 0.01058 0.00672
57 0.60016 0.681 0.00936 0.0109067
57 0.69711 0.66588 0.0071 0.0052
57 0.69829 0.718773 0.01194 0.01232
57 0.63885 0.68396 0.00746 0.0107467
57 0.4902 0.720013 0.00848 0.01048
57 0.58904 0.6842 0.01472 0.01224
57 0.527 0.712187 0.00844 0.008
57 0.58292 0.7202 0.01228 0.0156533
57 0.44413 0.69784 0.01062 0.0128533
57 0.49638 0.714307 0.00772 0.00626667
57 0.46318 0.760253 0.01012 0.00754667
57 0.47219 0.6892 0.01222 0.0111467
57 0.67328 0.720093 0.0076 0.01096
57 0.45424 0.701013 0.009 0.00789333
57 0.4387 0.732733 0.01876 0.0249867
57 0.58371 0.732507 0.00702 0.0126933
57 0.67974 0.716413 0.0082 0.0169867
57 0.53759 0.69992 0.00738 0.00778667
57 0.68897 0.719347 0.00874 0.00978667
57 0.65535 0.713547 0.0071 0.00864
57 0.53953 0.71132 0.01226 0.0127733
57 0.61271 0.685187 0.00942 0.0138933
57 0.54808 0.704547 0.0064 0.00690667
57 0.48135 0.685867 0.01054 0.0162667
57 0.50541 0.69256 0.01198 0.00496
57 0.66433 0.7214 0.01094 0.0117067
57 0.48308 0.698587 0.01244 0.012
57 0.51873 0.7062 0.01054 0.0118667
57 0.58142 0.706307 0.01076 0.01128
56 0.39623 0.723493 0.00946 0.00736
56 0.45072 0.733027 0.00968 0.00712
56 0.4486 0.749853 0.00744 0.00936
56 0.42055 0.730307 0.00586 0.0118667
56 0.44048 0.747827 0.00944 0.00802667
14 0.23525 0.762653 0.03566 0.0140533
14 0.18005 0.658027 0.05018 0.04928
14 0.16439 0.661533 0.03246 0.0236533
14 0.2112 0.84548 0.058 0.0350133
14 0.19436 0.617493 0.02128 0.0449067
14 0.21602 0.762853 0.02496 0.0166933
14 0.21246 0.78548 0.052 0.0164533
14 0.12256 0.693587 0.0198 0.0113867
14 0.21913 0.772307 0.04414 0.0225333
14 0.12955 0.72908 0.03206 0.00952
14 0.16505 0.823453 0.05406 0.0236533
14 0.12447 0.718947 0.02826 0.0108533
14 0.24603 0.812987 0.05782 0.0378133
14 0.1616 0.747907 0.04948 0.0106933
14 0.17872 0.623947 0.0112 0.0114667
14 0.17884 0.717733 0.06276 0.01984
14 0.27307 0.841547 0.04306 0.0326933
14 0.14405 0.791067 0.0317 0.0151467
14 0.24811 0.831387 0.0215 0.0300267
14 0.14774 0.695387 0.0358 0.01376
14 0.14847 0.672413 0.0357 0.0148
14 0.22604 0.812507 0.03776 0.0366933
14 0.20562 0.820933 0.02164 0.0118933
14 0.17651 0.760347 0.02586 0.01648
14 0.23192 0.857147 0.03056 0.0175467
14 0.16628 0.65752 0.03428 0.0347733
14 0.16268 0.75488 0.01872 0.0101333
14 0.18692 0.734987 0.05848 0.02096
14 0.17215 0.62548 0.04402 0.0311733
14 0.2822 0.819973 0.02872 0.02512
14 0.13253 0.814893 0.04542 0.0316
14 0.10499 0.806893 0.01818 0.0137867
14 0.10255 0.77184 0.05218 0.0306133
14 0.12391 0.803573 0.0155 0.01488
14 0.15396 0.730533 0.0308 0.00741333
14 0.16973 0.72432 0.04886 0.0125333
14 0.21468 0.870853 0.0592 0.0174933
14 0.1974 0.765587 0.019 0.02088
14 0.12585 0.7042 0.05846 0.01832