11 0.558858 0.654376 0.118319 0.124518
11 0.76769 0.376294 0.221257 0.240776
11 0.797283 0.573812 0.101186 0.187012
11 0.545053 0.575318 0.120655 0.128188
11 0.725965 0.566176 0.0618407 0.0957412
11 0.598699 0.429682 0.125327 0.190565
11 0.212442 0.468153 0.0433628 0.0494353
11 0.436982 0.629153 0.0546018 0.0714824
8 0.474947 0.441424 0.367027 0.645906
8 0.266991 0.481224 0.0682832 0.375388
8 0.410965 0.773941 0.0984248 0.236165
8 0.337451 0.848424 0.319469 0.0857882
8 0.262496 0.330047 0.136708 0.100988
8 0.342159 0.568388 0.164637 0.483035
8 0.36715 0.754247 0.0700885 0.1636
8 0.203708 0.393459 0.0624956 0.114824
8 0.334956 0.3302 0.0797876 0.130282
8 0.642195 0.832412 0.0722832 0.0951765
8 0.204363 0.672141 0.0794159 0.0906353
8 0.478044 0.714612 0.156619 0.354729