47 0.0517422 0.825677 0.0300156 0.0224375
47 0.17425 0.829802 0.0211875 0.0211875
47 0.0682188 0.771625 0.0264375 0.0330417
47 0.224547 0.760615 0.0293125 0.0323542
47 0.0716172 0.83175 0.0122969 0.015125
47 0.898164 0.652271 0.0278281 0.0334583
47 0.0893203 0.853906 0.0319219 0.0343542
47 0.277008 0.82876 0.0128594 0.0324792
47 0.0427344 0.812729 0.016375 0.0245
47 0.0913516 0.757594 0.0256719 0.0303542
47 0.0268594 0.885646 0.0159688 0.024625
47 0.168172 0.760687 0.0290312 0.0284583
47 0.0512422 0.867437 0.0292344 0.0369167
47 0.176109 0.804073 0.024125 0.0345208
47 0.154289 0.750469 0.0203594 0.0223125
47 0.0296172 0.861208 0.0103906 0.0228333
47 0.0697109 0.849229 0.0115469 0.0128333
47 0.201969 0.800792 0.03075 0.0396667
47 0.203781 0.735354 0.0119063 0.0208333
47 0.98793 0.685844 0.0241406 0.0292708
47 0.0609453 0.803365 0.0254219 0.0341458
47 0.117508 0.745885 0.0256094 0.0277292
47 0.109797 0.78474 0.027125 0.0325625
47 0.244266 0.757927 0.017 0.0240625
47 0.231633 0.783865 0.0253906 0.0285625
47 0.08625 0.817438 0.0267188 0.0287083
47 0.0439453 0.897875 0.0317344 0.0315417
47 0.151734 0.734417 0.0240313 0.0266667
47 0.155562 0.831667 0.0273125 0.035625
47 0.175367 0.72 0.0240469 0.0169167
47 0.233719 0.830417 0.0311563 0.03175
47 0.127359 0.780937 0.0124688 0.01625
47 0.256797 0.784344 0.0261562 0.0194792
47 0.0895547 0.833719 0.0282656 0.0207708
47 0.10625 0.807698 0.0223125 0.0188542
47 0.116523 0.827229 0.0288594 0.0377083
47 0.20375 0.836 0.0316563 0.0385
47 0.147305 0.816333 0.0282656 0.034625
47 0.930711 0.6415 0.0186719 0.0124583
47 0.201609 0.773635 0.0284063 0.0272292
47 0.194547 0.751812 0.025 0.01975
47 0.256531 0.802208 0.032875 0.02975
47 0.232039 0.739208 0.00782813 0.0152083
47 0.0442734 0.841604 0.0166094 0.0211667
47 0.990281 0.665646 0.0194375 0.0169167
47 0.149461 0.798312 0.0292656 0.0267917
47 0.0565937 0.78876 0.0284063 0.0323958
47 0.181703 0.780219 0.0111562 0.0169792
47 0.216813 0.736417 0.0265312 0.03025
47 0.182609 0.73775 0.0225625 0.0261667
47 0.131164 0.735719 0.0205156 0.0199375
47 0.949992 0.63001 0.0253594 0.0287292
47 0.0755781 0.884906 0.03275 0.0342292
47 0.919031 0.630208 0.0248125 0.0182083
47 0.260609 0.812948 0.0315312 0.0330625
47 0.0759922 0.812562 0.0242344 0.0322917
47 0.119891 0.848979 0.0117188 0.01025
47 0.257461 0.772229 0.0172969 0.0190833
47 0.131188 0.758698 0.0236563 0.0323542
47 0.972125 0.667208 0.0275 0.0207917
47 0.141031 0.859271 0.0303125 0.0324583
47 0.0470547 0.851146 0.0246406 0.019
47 0.22575 0.811792 0.0286563 0.0338333
47 0.165727 0.781469 0.0229844 0.0292708
47 0.144258 0.780385 0.0230781 0.0269375
47 0.987453 0.727229 0.0250937 0.036375
61 0.976555 0.562521 0.0461094 0.0684583
61 0.946398 0.558792 0.0500156 0.0698333
61 0.644477 0.570979 0.0409531 0.04125
61 0.98168 0.439875 0.0366406 0.0612917
61 0.981578 0.5005 0.0368437 0.0642083
61 0.961883 0.505365 0.0286094 0.0551458
61 0.764992 0.56025 0.0542344 0.0569167
61 0.923383 0.510667 0.0472656 0.0592917
61 0.946414 0.468385 0.0521719 0.0616458
61 0.603977 0.596927 0.0313594 0.0338542
61 0.906813 0.438979 0.0280625 0.0430833
61 0.961516 0.492219 0.0370937 0.0486875
61 0.928508 0.533583 0.0399219 0.0317917
61 0.717695 0.552604 0.0148594 0.0118333
44 0.499633 0.750573 0.0306406 0.0430625
44 0.118195 0.727948 0.0302031 0.0306875
44 0.342586 0.774875 0.0227031 0.0317917
44 0.219875 0.708135 0.0295 0.0346875
44 0.451852 0.737219 0.0288906 0.0235208
44 0.0685156 0.72499 0.0305312 0.0398125
44 0.389164 0.739385 0.0237344 0.0183542
44 0.365758 0.781552 0.0186094 0.0376875
44 0.0368125 0.770125 0.0111562 0.024875
44 0.466047 0.725646 0.0238438 0.02
44 0.468352 0.756406 0.0322969 0.0425625
44 0.0579609 0.759187 0.0341406 0.0378333
44 0.265391 0.728104 0.0320312 0.0396667
44 0.249344 0.703073 0.0323437 0.0392292
44 0.460336 0.789823 0.0320469 0.0345208
44 0.202539 0.714979 0.0116406 0.0127083
44 0.0960469 0.710125 0.0301875 0.04025
44 0.402438 0.749219 0.0330937 0.0223125
44 0.489961 0.782406 0.0331406 0.0308542
44 0.236906 0.717604 0.00921875 0.00845833
44 0.154734 0.717104 0.0286875 0.022
44 0.214828 0.69751 0.02725 0.0308542
44 0.36775 0.764688 0.0289687 0.0304167
44 0.0476016 0.745625 0.0199219 0.0298333
44 0.420203 0.738427 0.0288438 0.0213125
44 0.432727 0.754875 0.0292344 0.0364167
44 0.184883 0.707354 0.0297969 0.0330833
44 0.487961 0.736927 0.0269219 0.0287292
44 0.345039 0.786563 0.0217344 0.02975
44 0.238797 0.735417 0.0243125 0.0294167
44 0.369539 0.747052 0.0297344 0.0186458
44 0.160484 0.68826 0.0288438 0.0374375
44 0.0890859 0.73949 0.0319531 0.0253542
44 0.261109 0.75976 0.0258125 0.0358958
44 0.350945 0.80949 0.0328906 0.0379375
44 0.0309375 0.832073 0.01475 0.0316042
44 0.129773 0.697719 0.0313906 0.0391042
44 0.198078 0.679021 0.0307812 0.0435833
51 0.816219 0.583333 0.0517188 0.124458
51 0.720633 0.625479 0.0412656 0.0599167
51 0.875758 0.573365 0.0474219 0.121563
51 0.905937 0.554823 0.0434063 0.0648125
51 0.685594 0.621896 0.0793125 0.09525
51 0.649383 0.623635 0.0798281 0.100771
51 0.84732 0.576385 0.0539531 0.122688
51 0.746234 0.594312 0.0522813 0.11725
51 0.651156 0.592885 0.037625 0.0358958
51 0.797805 0.633417 0.0203281 0.0292917
36 0.618523 0.794198 0.0295469 0.0323125
36 0.58907 0.829365 0.0292344 0.0371875
36 0.641859 0.787469 0.0298125 0.0316458
36 0.545242 0.803937 0.0255781 0.0386667
36 0.483047 0.834552 0.0232187 0.0285625
36 0.497383 0.854156 0.0233594 0.0266458
36 0.65143 0.767813 0.0217344 0.0166667
36 0.744047 0.791604 0.0249688 0.036875
36 0.638695 0.816917 0.0272031 0.0394167
36 0.498906 0.825635 0.0268437 0.0316875
36 0.746633 0.757167 0.0237031 0.0322917
36 0.681711 0.808594 0.0273906 0.0338958
36 0.486867 0.804875 0.0257656 0.0312917
36 0.519156 0.782594 0.0240313 0.0223125
36 0.686867 0.778198 0.0250469 0.0281875
36 0.7045 0.771667 0.0261875 0.0377917
36 0.58432 0.796667 0.0182656 0.0322917
36 0.703695 0.803552 0.0260781 0.0343542
36 0.519125 0.807542 0.0289687 0.0325417
36 0.672898 0.765865 0.0186406 0.0148125
36 0.56943 0.799344 0.0287656 0.0367708
36 0.555672 0.818896 0.0190312 0.0228333
36 0.797203 0.782187 0.02 0.0315417
36 0.781672 0.783844 0.0213438 0.0363958
36 0.72625 0.763771 0.0273125 0.034625
36 0.564078 0.834177 0.0280938 0.0395625
36 0.66068 0.813021 0.0279219 0.03725
36 0.767578 0.757542 0.0252812 0.029875
36 0.540273 0.838469 0.0265469 0.0374375
36 0.569617 0.774417 0.0217344 0.0215417
36 0.664898 0.782875 0.0269219 0.03025
36 0.72393 0.798333 0.0280781 0.0366667
36 0.760617 0.788312 0.0277031 0.034625
36 0.597414 0.799198 0.0271094 0.0374375
36 0.614859 0.824604 0.0295 0.036375
36 0.516383 0.841281 0.0284531 0.0430625
6 0.0668359 0.291906 0.0253594 0.0766458
6 0.0700781 0.643135 0.0151875 0.0656875
6 0.0762188 0.528917 0.026125 0.0549583
6 0.0188516 0.534187 0.0185781 0.07175
6 0.0416172 0.574625 0.0400781 0.0757917
6 0.0760938 0.294719 0.0168125 0.0765625
6 0.0190078 0.629667 0.0261719 0.0944167
6 0.0972891 0.540979 0.0190469 0.06775
6 0.107641 0.540188 0.0211562 0.0627083
6 0.0909922 0.657281 0.0221719 0.0853542
6 0.0709219 0.661906 0.02225 0.0887292
6 0.0885391 0.29351 0.0215469 0.0730625
6 0.0323906 0.57551 0.035375 0.0853958
6 0.079125 0.661156 0.020375 0.0894792
6 0.0496016 0.46775 0.0130781 0.0809583
6 0.0381563 0.464865 0.0226875 0.0810208
6 0.095875 0.295802 0.0244062 0.0770625
6 0.0616562 0.464302 0.015125 0.0774792
6 0.007875 0.531281 0.0120938 0.0638542
6 0.0115781 0.304156 0.0203438 0.0658125
6 0.00413281 0.296594 0.00789063 0.0453958
6 0.0852734 0.540646 0.0215469 0.065375
6 0.00932812 0.630792 0.0186562 0.0974167
6 0.0594062 0.576156 0.0326875 0.0794792
6 0.00971875 0.418802 0.0187187 0.0673542
6 0.0965859 0.648552 0.0210781 0.0876042
1 0.671094 0.731229 0.023625 0.0272917
1 0.501656 0.514469 0.0114062 0.0168958
1 0.447031 0.506302 0.0100625 0.00985417
1 0.527531 0.55626 0.0138437 0.0161458
1 0.0848672 0.926187 0.0288906 0.02925
1 0.265531 0.908156 0.0278438 0.0407708
1 0.538453 0.703333 0.0263437 0.0338333
1 0.814273 0.690208 0.0164531 0.0121667
1 0.832469 0.698021 0.0229062 0.0204583
1 0.88643 0.672031 0.0194219 0.0138542
1 0.0581172 0.938396 0.0302656 0.0292083
1 0.62018 0.729625 0.0277031 0.0366667
1 0.300172 0.870146 0.0266875 0.0342083
1 0.969203 0.736365 0.029 0.0341458
1 0.260867 0.813385 0.0303906 0.0348542
1 0.16443 0.895625 0.0269219 0.0284583
1 0.657031 0.709063 0.0265 0.0340417
1 0.60782 0.687052 0.0196094 0.0156458
1 0.499141 0.55124 0.0157813 0.0160208
1 0.919375 0.752083 0.0233437 0.030625
1 0.826367 0.750531 0.0258594 0.0282292
1 0.656398 0.681042 0.0256719 0.0302917
1 0.607 0.716594 0.0261562 0.0341042
1 0.93832 0.690688 0.0213906 0.0335833
1 0.208352 0.852177 0.0277031 0.0310208
1 0.562383 0.696917 0.0219219 0.0282083
1 0.847391 0.743708 0.0232812 0.03
1 0.544609 0.683302 0.0257812 0.0266042
1 0.133914 0.964156 0.0303594 0.0399375
1 0.56982 0.739396 0.0287344 0.034375
1 0.528633 0.548583 0.0155781 0.0130833