6 0.438102 0.928385 0.0233594 0.0411042
6 0.398078 0.904667 0.027125 0.0574167
6 0.452984 0.917427 0.0213438 0.0474375
6 0.480273 0.957052 0.0313594 0.0181875
6 0.451109 0.948229 0.0358438 0.0266667
6 0.430297 0.907198 0.0295938 0.0481875
44 0.331289 0.915198 0.0351094 0.0433542
44 0.352828 0.933729 0.037875 0.0508333
44 0.342117 0.963146 0.00879687 0.0198333
44 0.282961 0.950896 0.0369531 0.04175
44 0.302883 0.934385 0.0367344 0.0410625
44 0.383813 0.901781 0.0385625 0.0555625
44 0.358805 0.900406 0.0189219 0.0278958
44 0.31975 0.961531 0.0386562 0.0523125
44 0.351727 0.881156 0.0376406 0.0471042
1 0.365703 0.962823 0.04 0.0512708
1 0.418133 0.899125 0.0348906 0.0487083
1 0.337984 0.985437 0.0398125 0.0271667
1 0.427352 0.972104 0.0367344 0.0435833
1 0.413813 0.948656 0.038875 0.0513125
1 0.391461 0.984698 0.0356094 0.0301458
1 0.47725 0.941958 0.0232812 0.0184583