11 0.701523 0.621054 0.0880781 0.172459
11 0.470414 0.888618 0.244578 0.222763
11 0.701602 0.264133 0.211141 0.270187
11 0.136523 0.559028 0.177172 0.414215
11 0.321063 0.749192 0.185625 0.178244
11 0.566641 0.158642 0.108156 0.180749
11 0.845453 0.45411 0.303906 0.418759
11 0.822109 0.780012 0.2285 0.33918
11 0.256133 0.310984 0.275484 0.346183
11 0.641836 0.43466 0.0913594 0.136487
11 0.26057 0.819005 0.308484 0.325925
11 0.475672 0.320164 0.0912813 0.110351
11 0.615781 0.800035 0.219281 0.241756
11 0.627109 0.576663 0.115156 0.175293
11 0.489008 0.496639 0.207422 0.34096
11 0.394539 0.36897 0.0431719 0.0951288
11 0.494672 0.219836 0.109469 0.091007
11 0.503406 0.136066 0.0615313 0.107354
11 0.566219 0.33582 0.12375 0.179883
11 0.379617 0.145761 0.0438281 0.0713349
11 0.497023 0.671522 0.137922 0.160234
11 0.316148 0.965199 0.0932969 0.0696019