42 0.309758 0.509521 0.0412031 0.0988333
42 0.624062 0.479198 0.0500938 0.0465208
42 0.424055 0.567208 0.0796406 0.0881667
42 0.693375 0.48575 0.071125 0.0459583
42 0.642508 0.322594 0.0483906 0.0421458
42 0.541117 0.735323 0.0743594 0.0923125
42 0.595609 0.296177 0.0225 0.0246042
42 0.415336 0.421385 0.0571406 0.0656458
42 0.61632 0.303427 0.0567344 0.0398958
42 0.493156 0.373719 0.0213438 0.0392292
42 0.548695 0.288979 0.0214219 0.0309167
42 0.56493 0.588594 0.0236406 0.0437292
42 0.401328 0.632229 0.0515312 0.08125