6 0.899984 0.252115 0.037875 0.0576458
6 0.751422 0.183698 0.0200938 0.0327292
6 0.0358437 0.204938 0.0375625 0.0800833
6 0.0789453 0.238604 0.0119844 0.0317083
6 0.0507656 0.245073 0.0230312 0.0231042
6 0.595281 0.0328437 0.065 0.0656875
6 0.102148 0.172563 0.0307656 0.095375
6 0.116094 0.177656 0.030625 0.0943542
6 0.736766 0.151281 0.0486562 0.0738542
6 0.629789 0.0965937 0.0480781 0.105896
6 0.941797 0.249615 0.029875 0.0710208
6 0.80325 0.188 0.040375 0.08
6 0.0544844 0.195125 0.0343125 0.081625
6 0.291797 0.114156 0.0347812 0.119104
6 0.532391 0.107438 0.0523125 0.0517917
6 0.871555 0.204156 0.0215469 0.0461458
6 0.783078 0.151396 0.0320625 0.0674167
6 0.641 0.0991354 0.046125 0.111063
6 0.698063 0.162292 0.0504687 0.042375
6 0.618359 0.171854 0.0198438 0.0375
6 0.286172 0.185812 0.0192187 0.0214167
6 0.887891 0.221375 0.0284687 0.0720417
6 0.518453 0.163792 0.0375625 0.0298333
6 0.550172 0.121823 0.0648125 0.0776875
6 0.133594 0.177698 0.0357813 0.105646
6 0.65375 0.0957708 0.0374688 0.110167
6 0.594922 0.172354 0.0245938 0.04525
6 0.611945 0.0542708 0.0516406 0.089625
6 0.0360625 0.24826 0.0138437 0.0261458
6 0.589898 0.098 0.0480781 0.0569167
6 0.0668281 0.241583 0.021125 0.0335
6 0.0690469 0.202823 0.03 0.0741042
6 0.785508 0.166 0.0441719 0.0715417
6 0.754695 0.225385 0.0184531 0.0297292
6 0.702414 0.178198 0.0457969 0.0438125
6 0.329703 0.166667 0.013125 0.028875
6 0.764898 0.143969 0.0286719 0.0936875
6 0.793438 0.177104 0.0434688 0.0720417
6 0.592633 0.120365 0.0362656 0.0670625
6 0.569398 0.164021 0.0257656 0.0230417
6 0.87907 0.223698 0.0241406 0.0618125
6 0.62725 0.171833 0.0235625 0.0429583
6 0.30975 0.10475 0.0425 0.108458
6 0.726883 0.0979479 0.0464219 0.0709792
6 0.145922 0.17225 0.032375 0.0972083
6 0.740891 0.215198 0.0125938 0.0128958
6 0.0235625 0.209417 0.047125 0.0735833
6 0.745242 0.23624 0.0291094 0.0376042
6 0.583953 0.0606979 0.0636562 0.0792292
6 0.755719 0.198333 0.02675 0.0257917
6 0.565078 0.148844 0.0288438 0.0458958
6 0.899508 0.220896 0.0253906 0.0695
6 0.534047 0.0765104 0.0615313 0.0618542
6 0.276555 0.120896 0.0350469 0.128958
6 0.0222969 0.183698 0.0255625 0.0209375
6 0.73493 0.233188 0.0165469 0.022375
6 0.525992 0.132375 0.0478281 0.0423333
6 0.738617 0.11626 0.0465156 0.0776875
6 0.81732 0.184656 0.0342344 0.0882708
6 0.658445 0.0444896 0.0394219 0.0536042
6 0.536859 0.168073 0.0357813 0.0325625
6 0.901586 0.238323 0.0528906 0.0683958
6 0.771531 0.213719 0.0313125 0.0259792
6 0.164289 0.193896 0.0324219 0.0834583
6 0.601781 0.17949 0.0169375 0.0406042
6 0.261055 0.134333 0.0325781 0.12225
6 0.659883 0.0861875 0.0355781 0.111542
6 0.303687 0.167625 0.02325 0.0400417
6 0.735898 0.17026 0.0494219 0.0605208
6 0.710758 0.13051 0.0621094 0.0687292
6 0.621961 0.0805104 0.0455781 0.102063
6 0.816766 0.142823 0.0213438 0.0163958
6 0.783953 0.229312 0.0205 0.0132917
6 0.765953 0.236094 0.00575 0.0113542
6 0.00415625 0.264135 0.0083125 0.0146458
6 0.72325 0.202177 0.0336562 0.0197292
6 0.00867187 0.201667 0.0173437 0.044875
6 0.155828 0.226781 0.0175 0.0194792
6 0.6475 0.0194271 0.0194062 0.0155625
6 0.0969219 0.156198 0.0271562 0.0631875
6 0.01825 0.213552 0.02475 0.0752708
6 0.921188 0.263156 0.0428125 0.0474375
6 0.922063 0.248198 0.0414687 0.0616042
6 0.243516 0.121792 0.045 0.12975
36 0.814453 0.650896 0.0260625 0.0335833
36 0.810156 0.618052 0.0325 0.0341042
36 0.830664 0.688667 0.0237656 0.0409583
36 0.88957 0.709313 0.0207031 0.0447083
36 0.84543 0.726333 0.0260781 0.0366667
36 0.841289 0.685125 0.0244219 0.0415417
36 0.850945 0.724875 0.0290469 0.0405
36 0.800789 0.58324 0.0209844 0.0294792
36 0.835258 0.646969 0.0277031 0.0377708
36 0.878156 0.714021 0.0271875 0.043375
36 0.82107 0.695687 0.0278906 0.0430833
36 0.828484 0.617208 0.0261875 0.0349167
36 0.849117 0.647927 0.0207344 0.0314792
36 0.872156 0.718208 0.022125 0.0428333
36 0.812625 0.657156 0.0193125 0.0353125
36 0.861953 0.724281 0.0279063 0.0484375
36 0.867914 0.673844 0.0246719 0.0417292
36 0.802219 0.597021 0.008625 0.0106667
36 0.851047 0.68326 0.022875 0.0376875
32 0.165687 0.66525 0.0069375 0.008375
32 0.125578 0.731594 0.007125 0.00922917
32 0.136602 0.691094 0.00960937 0.0128125
32 0.153188 0.631708 0.0144375 0.0151667
32 0.216008 0.691198 0.00982813 0.0175625
32 0.160273 0.751542 0.00807813 0.014875
32 0.196703 0.694844 0.0126562 0.0191875
32 0.183984 0.687729 0.0153437 0.0195
32 0.161055 0.658573 0.0127031 0.0143542
32 0.135406 0.681469 0.01 0.0161458
32 0.108672 0.728177 0.0109687 0.0143542
32 0.0991172 0.682177 0.0121094 0.0136042
32 0.210703 0.655646 0.0111562 0.015375
32 0.12918 0.648719 0.00757812 0.0153958
32 0.136922 0.748865 0.01 0.0188542
32 0.241484 0.60275 0.0136562 0.015125
32 0.157625 0.648708 0.0175 0.0133333
32 0.230656 0.624229 0.0098125 0.0182083
32 0.182633 0.637521 0.0122031 0.015375
32 0.125523 0.718125 0.0132656 0.02025
32 0.25575 0.61949 0.0151875 0.0179375
32 0.229828 0.664292 0.0093125 0.0111667
32 0.149023 0.751479 0.0151094 0.0210417
32 0.206523 0.59551 0.0113594 0.0141042
32 0.191648 0.621083 0.0106094 0.0152083
32 0.145195 0.713792 0.0105781 0.0166667
32 0.170695 0.599125 0.00739063 0.0140833
32 0.221281 0.640146 0.0119063 0.0132083
32 0.13375 0.726187 0.016125 0.0166667
32 0.174945 0.603521 0.0112969 0.015125
32 0.145148 0.663406 0.0106719 0.0144792
32 0.1605 0.717698 0.0137813 0.0206458
32 0.0712344 0.724344 0.0073125 0.0079375
32 0.172602 0.714802 0.0138281 0.0162292
32 0.136773 0.646302 0.0128906 0.0141042
32 0.168437 0.697094 0.0164687 0.0185208
32 0.223836 0.690521 0.0126719 0.0187083
32 0.195273 0.586917 0.0111406 0.01025
32 0.171672 0.625073 0.01325 0.0136875
32 0.17732 0.662698 0.0157969 0.0123125
32 0.0854609 0.71424 0.00673437 0.00589583
32 0.192023 0.668021 0.0111719 0.0125
32 0.155828 0.691479 0.0128125 0.0193333
32 0.172328 0.728448 0.01275 0.0152292
32 0.229328 0.650563 0.0136562 0.0205
32 0.174313 0.68974 0.00884375 0.0123125
32 0.170461 0.675396 0.0181094 0.0145417
32 0.109844 0.678594 0.0125 0.0171875
32 0.238969 0.62275 0.0146875 0.0155833
32 0.223984 0.671875 0.0141875 0.0169583
32 0.129852 0.739323 0.0149844 0.0172292
32 0.214875 0.578656 0.00753125 0.0085625
32 0.269156 0.606177 0.00615625 0.0158958
32 0.204828 0.644771 0.0112812 0.0191667
32 0.195555 0.642906 0.0120469 0.0170625
32 0.166414 0.620146 0.0123906 0.01725
32 0.222195 0.592427 0.0107656 0.0125625
32 0.0967656 0.701417 0.0113437 0.015125
32 0.191023 0.601167 0.00329687 0.00625
32 0.153828 0.659635 0.002875 0.00614583
32 0.11932 0.704271 0.00620313 0.0115833
32 0.222203 0.605021 0.0105313 0.01425
32 0.0508359 0.738896 0.0168906 0.0156667
32 0.905141 0.586573 0.0071875 0.0079375
32 0.135766 0.633135 0.0069375 0.00927083
32 0.259711 0.632521 0.0100781 0.0150417
32 0.217438 0.614542 0.0086875 0.015875
32 0.21118 0.60776 0.00923437 0.0135625
32 0.250852 0.6475 0.0120156 0.0156667
59 0.305477 0.88149 0.0562344 0.0717708
59 0.213203 0.915385 0.0475 0.0584792
59 0.392312 0.889083 0.0395 0.0730417
59 0.234258 0.86475 0.0530781 0.0724583
59 0.293141 0.840604 0.052375 0.05475
59 0.900836 0.488562 0.0151719 0.0171667
59 0.944047 0.558729 0.009625 0.0177083
59 0.14057 0.90801 0.0288594 0.0466458
59 0.0107656 0.557333 0.0215312 0.031875
59 0.359398 0.886969 0.0542344 0.0707708
59 0.886328 0.512896 0.0161563 0.0212917
59 0.0557578 0.49475 0.0132656 0.0130833
59 0.252227 0.815552 0.0408906 0.0393125
59 0.943078 0.521854 0.0110312 0.01775
59 0.894125 0.307281 0.0121563 0.0178542
59 0.865648 0.50825 0.00979688 0.02
59 0.0248906 0.567042 0.017125 0.0233333
59 0.269445 0.881865 0.0214844 0.0559792
59 0.0714453 0.501448 0.0237344 0.0260208
59 0.958539 0.292302 0.0105781 0.0143542
59 0.359023 0.835938 0.0609219 0.059125
59 0.0285547 0.543198 0.0196094 0.0223125
59 0.00592969 0.61776 0.0118594 0.0142292
59 0.0558438 0.515875 0.0210313 0.0142917
59 0.050375 0.511625 0.0192812 0.0227083
59 0.325859 0.929156 0.0518438 0.0582292
59 0.19782 0.851365 0.0421094 0.0402708
59 0.186094 0.863719 0.0409687 0.0223125
59 0.992359 0.26175 0.0105625 0.0166667
37 0.814742 0.51551 0.0119219 0.0279375
37 0.923461 0.685438 0.0207656 0.0220417
37 0.830352 0.54176 0.0275156 0.0323958
37 0.797703 0.514104 0.0301875 0.034375
37 0.791844 0.541719 0.033875 0.0375625
37 0.889602 0.634969 0.0221094 0.0288542
37 0.906625 0.695042 0.0220625 0.0191667
37 0.767305 0.517229 0.0317344 0.0328333
37 0.886172 0.676385 0.0213438 0.0331042
37 0.913352 0.662521 0.0209531 0.035375
37 0.882391 0.606917 0.0157813 0.02975
37 0.703641 0.540906 0.03 0.0325625
37 0.817555 0.547448 0.0222969 0.0368958
37 0.849984 0.570365 0.01725 0.0269792
37 0.91757 0.69224 0.0171094 0.0207708
37 0.893828 0.67226 0.0264375 0.0375625
37 0.763117 0.546281 0.0242344 0.0346042
37 0.881219 0.639448 0.0248438 0.0326875
37 0.774172 0.495427 0.0317812 0.0287292
37 0.849312 0.617437 0.0176875 0.0312917
37 0.898461 0.703 0.0132656 0.0212917
37 0.853398 0.53525 0.0222969 0.03
37 0.869047 0.645135 0.0269688 0.0328542
37 0.864055 0.645896 0.0200469 0.0215417
37 0.826906 0.577427 0.0190312 0.0241042
37 0.804047 0.565375 0.0205938 0.014875
37 0.903211 0.666667 0.0229844 0.0383333
37 0.859844 0.553719 0.0234688 0.0115208
37 0.871727 0.609271 0.0175156 0.0312917
37 0.858156 0.613198 0.024625 0.0341042