6 0.580711 0.848208 0.0353906 0.104625
6 0.521883 0.485385 0.0703594 0.120146
6 0.675875 0.824448 0.0430625 0.118354
6 0.489359 0.664312 0.037875 0.1615
6 0.704219 0.802125 0.03925 0.146625
6 0.919039 0.303 0.0422969 0.0695
6 0.572336 0.607969 0.0172344 0.0353125
6 0.49143 0.249615 0.0521094 0.0423125
6 0.601523 0.150385 0.0404219 0.0606875
6 0.668258 0.191458 0.0173594 0.0715417
6 0.761992 0.319115 0.0659844 0.101271
6 0.577531 0.687802 0.039 0.135937
6 0.682102 0.873333 0.0255781 0.0635833
6 0.442398 0.765573 0.0469219 0.122187
6 0.513406 0.844208 0.0547813 0.107417
6 0.599938 0.815031 0.02925 0.145812
6 0.585227 0.575094 0.0304531 0.0568542
6 0.975234 0.32051 0.0495312 0.0261458
6 0.556945 0.512396 0.0536094 0.13475
6 0.406656 0.611115 0.0699375 0.0344375
6 0.535758 0.18526 0.0403906 0.0525625
6 0.779914 0.254229 0.0170469 0.0467917
6 0.804555 0.414229 0.0255781 0.085375
6 0.681711 0.178469 0.0282656 0.0656458
6 0.849633 0.325594 0.0364531 0.102521
6 0.914961 0.276187 0.0480156 0.0725
6 0.596828 0.219156 0.02 0.0253958
6 0.645758 0.86974 0.0217344 0.0846042
6 0.659219 0.165 0.017125 0.0577083
6 0.515125 0.486406 0.109813 0.164604
6 0.503164 0.167292 0.0190469 0.0930833
6 0.547195 0.111542 0.0211406 0.0405
6 0.792969 0.424365 0.0487812 0.0809792
6 0.624719 0.943094 0.124812 0.108521
6 0.659406 0.688146 0.064875 0.111375
6 0.714602 0.311667 0.0159531 0.03975
6 0.564063 0.133792 0.0195938 0.045
6 0.466516 0.851646 0.0325 0.129333
6 0.519844 0.169615 0.019625 0.0838542
6 0.819133 0.255688 0.00923437 0.0179583
6 0.873188 0.405073 0.019375 0.0421458
6 0.631695 0.756385 0.0406719 0.167104
6 0.493938 0.625052 0.0873125 0.155646
6 0.490562 0.158208 0.022125 0.0666667
6 0.761266 0.424177 0.0228125 0.0274375
6 0.552594 0.691333 0.0484687 0.186167
6 0.397062 0.899365 0.0502812 0.0842708
6 0.532727 0.205802 0.0377656 0.0350208
6 0.603539 0.104104 0.0292344 0.0317917
6 0.502469 0.875052 0.046 0.104479
6 0.611531 0.563 0.055 0.103833
6 0.479719 0.186688 0.0178125 0.0764167
6 0.374617 0.877844 0.0521406 0.0597708
6 0.900328 0.355323 0.0111562 0.0287708
6 0.491328 0.239354 0.0398125 0.0479583
6 0.550898 0.895115 0.0300469 0.0613542
6 0.750273 0.36926 0.0712344 0.0856875
6 0.59943 0.243844 0.0262656 0.0350208
6 0.560797 0.563896 0.0333437 0.0902083
6 0.735289 0.216458 0.0328906 0.06
6 0.865758 0.267323 0.0138906 0.0542292
6 0.307469 0.820656 0.0725 0.123104
6 0.648719 0.191354 0.0165625 0.0702917
6 0.624039 0.15724 0.0194219 0.0625625
6 0.449086 0.670896 0.0388906 0.139167
6 0.652781 0.25199 0.0257188 0.0480208
6 0.587672 0.186208 0.026125 0.05125
6 0.586297 0.214031 0.0257812 0.0341042
6 0.557125 0.193302 0.023875 0.0422292
6 0.429812 0.562854 0.141813 0.0982083
6 0.913969 0.374469 0.022625 0.0584792
6 0.885383 0.311583 0.0182656 0.0482083
6 0.642391 0.746792 0.0573125 0.168458
6 0.894023 0.266146 0.0259531 0.0615417
6 0.632727 0.241771 0.0152031 0.0238333
6 0.655203 0.121823 0.0226562 0.0356875
6 0.462539 0.188719 0.0167969 0.0580208
6 0.41425 0.534854 0.048875 0.075375
6 0.526563 0.523615 0.0384688 0.0716875
6 0.494445 0.941437 0.0428906 0.0481667
6 0.829125 0.313427 0.0340312 0.106896
6 0.6815 0.774948 0.0281875 0.0923125
6 0.487781 0.195365 0.025 0.0526458
6 0.853195 0.263969 0.0222344 0.0551875
6 0.368156 0.799625 0.0555312 0.061125
6 0.8155 0.233906 0.020375 0.0348542
6 0.547961 0.825802 0.0465156 0.115729
6 0.681625 0.225854 0.0215625 0.0462917
6 0.818484 0.307146 0.0195938 0.107792
6 0.393977 0.792833 0.0316094 0.0635
6 0.618141 0.200531 0.0245938 0.0693125
6 0.821914 0.242177 0.0194219 0.0438542
6 0.963742 0.282823 0.0406094 0.0253958
6 0.756719 0.345896 0.0623125 0.084625
6 0.878898 0.248062 0.0165469 0.0361667
6 0.499531 0.233365 0.0312187 0.0549792
6 0.632391 0.111156 0.0273125 0.0336042
6 0.759477 0.27124 0.0233906 0.0805625
6 0.751938 0.277208 0.0177813 0.064625
6 0.584 0.765021 0.0359375 0.134333
6 0.85332 0.408677 0.0209219 0.0310625
6 0.453031 0.942438 0.0996563 0.0590833
6 0.345875 0.843844 0.0862187 0.0732292
6 0.531047 0.115771 0.0163438 0.0284583
6 0.375617 0.562833 0.0438906 0.0973333
6 0.702367 0.197458 0.0149844 0.05775
6 0.538641 0.13551 0.0267188 0.0443542
6 0.563156 0.162698 0.025 0.0494792
6 0.469891 0.753208 0.0386875 0.110792
6 0.522273 0.813219 0.0116406 0.0534375
6 0.929602 0.272698 0.0247969 0.0243542
6 0.528766 0.236375 0.038625 0.041125
6 0.466305 0.784552 0.0382656 0.0941042
6 0.536562 0.880458 0.0227187 0.073875
6 0.873117 0.289146 0.0263594 0.0497917
6 0.628414 0.662146 0.0592031 0.113375
6 0.418648 0.792802 0.0303594 0.0995208
6 0.896813 0.40175 0.0252188 0.0434167
6 0.619672 0.820302 0.03625 0.136771
6 0.575484 0.181156 0.0201875 0.0463958
6 0.357828 0.756708 0.0834688 0.0966667
6 0.590992 0.137906 0.0350781 0.0471042
6 0.40593 0.84401 0.0334844 0.0717708
6 0.548266 0.802969 0.0391875 0.0866458
6 0.783648 0.317896 0.0322969 0.0832083
6 0.904891 0.447958 0.0439063 0.074375
6 0.607227 0.175698 0.0217656 0.0716875
6 0.379367 0.751406 0.0435781 0.0659375
6 0.534977 0.928292 0.0611719 0.117125
6 0.714883 0.354031 0.0182656 0.0525625
6 0.492914 0.921969 0.0299844 0.105312
6 0.967938 0.3015 0.0425 0.0315417
6 0.653523 0.226219 0.00973437 0.00997917
6 0.810492 0.30224 0.0120469 0.0632708
6 0.417312 0.700885 0.039 0.120229
6 0.510945 0.72301 0.0352031 0.123438
6 0.444156 0.934042 0.032625 0.111667
6 0.796461 0.240979 0.0181094 0.0314167
6 0.455789 0.516885 0.0104844 0.0173542
6 0.593391 0.680458 0.0470313 0.165583
6 0.690453 0.243594 0.0173125 0.0479792
6 0.947625 0.263896 0.0199063 0.040125
6 0.640398 0.164052 0.0215781 0.0598542
6 0.444031 0.547687 0.0348437 0.0500417
6 0.977289 0.34025 0.0444219 0.0230833
6 0.368445 0.904104 0.0396094 0.138958
6 0.480586 0.21476 0.0496094 0.0376875
6 0.595445 0.907844 0.0380781 0.0836042
45 0.0427813 0.586469 0.0688438 0.0984375
45 0.276523 0.609198 0.0634531 0.112312
45 0.0510234 0.67124 0.0740156 0.172437
45 0.133625 0.459823 0.0632812 0.174146
45 0.309359 0.49501 0.0680937 0.164771
45 0.176367 0.482896 0.0706094 0.157333
45 0.343438 0.526229 0.0451875 0.0618333
45 0.118297 0.500313 0.0290312 0.0533333
45 0.223305 0.722979 0.118703 0.184125
45 0.233188 0.461687 0.0585 0.124917
45 0.0632734 0.540854 0.0328281 0.0564583
45 0.0795156 0.488646 0.0537813 0.0714167
45 0.181758 0.621792 0.0740156 0.15
45 0.113641 0.682146 0.0701875 0.160792
45 0.259523 0.517458 0.0374844 0.0925833
45 0.321062 0.708646 0.107313 0.194625
45 0.102625 0.569792 0.0586563 0.0968333
45 0.152852 0.720344 0.0872969 0.165896
45 0.143664 0.576042 0.0290781 0.0714167
45 0.108445 0.53674 0.0660781 0.0610208
45 0.33968 0.599208 0.0716406 0.119042
45 0.2225 0.567073 0.0651875 0.122688
23 0.169055 0.0961771 0.0511406 0.0402708
23 0.143305 0.125156 0.0989531 0.0458542
23 0.0624844 0.114906 0.0426562 0.0175625
23 0.150023 0.182479 0.0599531 0.028375
23 0.0513516 0.188302 0.0620469 0.0247708
23 0.0611875 0.170521 0.0648125 0.0123333
23 0.0960391 0.0863437 0.0428906 0.0396875
23 0.0628125 0.163646 0.0745625 0.016625
23 0.151961 0.0853854 0.0592344 0.0358958
23 0.11893 0.14924 0.0219219 0.0158958
23 0.155867 0.171198 0.0646094 0.0223125
23 0.0442188 0.0858958 0.062875 0.0333333
23 0.136141 0.201625 0.0729687 0.04125
23 0.134508 0.22949 0.0734531 0.0258958
23 0.0658125 0.0655937 0.050875 0.0196458
23 0.157492 0.156906 0.0620156 0.0234792
23 0.132836 0.0813958 0.0489844 0.027125
23 0.0468828 0.198021 0.0653906 0.0352083
23 0.0998828 0.145563 0.0240469 0.0217917
23 0.0554609 0.0711771 0.0569844 0.0231458
23 0.0694844 0.226219 0.0132812 0.0143542
23 0.0503125 0.224406 0.025 0.0205208
41 0.0667422 0.282667 0.0498594 0.0939167
41 0.0305937 0.255635 0.0608437 0.110812
41 0.124547 0.28276 0.0784688 0.0974375
41 0.0296641 0.354646 0.0593281 0.1205
51 0.967852 0.938448 0.0630781 0.119854
51 0.906453 0.946885 0.0841563 0.106229
51 0.210344 0.370104 0.076625 0.103833
51 0.148734 0.356156 0.0707812 0.0928125
51 0.984164 0.698156 0.0287344 0.0615625
51 0.0862656 0.347771 0.0642812 0.095125
51 0.981828 0.542115 0.0340625 0.225188
51 0.293984 0.390281 0.0832813 0.0932292
51 0.975977 0.823833 0.0464844 0.111625
51 0.228352 0.220896 0.0867344 0.09975
51 0.383906 0.416292 0.0906875 0.11125
51 0.387727 0.34249 0.148453 0.120562
51 0.27575 0.450906 0.03 0.0341042
51 0.924219 0.87475 0.0913438 0.13
51 0.829445 0.936219 0.106203 0.121729
51 0.211969 0.298896 0.0587188 0.0682083
51 0.753883 0.967688 0.0914844 0.0640417
51 0.272672 0.29975 0.0748125 0.106667
51 0.341719 0.427187 0.0286563 0.06
51 0.10032 0.453719 0.0296094 0.0792292
51 0.95218 0.584833 0.0445156 0.053125
43 0.780586 0.79626 0.0295156 0.0373542
43 0.945937 0.774021 0.0372188 0.0463333
43 0.821484 0.880708 0.0367188 0.0489167
43 0.914906 0.587031 0.0381875 0.0946875
43 0.792773 0.875771 0.0242344 0.0371667
43 0.689539 0.54775 0.0321094 0.0291667
43 0.918711 0.733333 0.0320156 0.040875
43 0.870516 0.774604 0.0277813 0.0349167
43 0.948648 0.698969 0.0332656 0.0448542
43 0.726656 0.858302 0.0280313 0.0599792
43 0.943594 0.815656 0.023375 0.0382708
43 0.828031 0.810042 0.0325937 0.0509167
43 0.733422 0.785333 0.028875 0.06175
43 0.85982 0.71151 0.0411719 0.0542292
43 0.724992 0.736812 0.0287969 0.038375
43 0.745867 0.517312 0.0347969 0.054625
43 0.791969 0.841115 0.0331562 0.0353125
43 0.765422 0.914365 0.0323125 0.0471875
43 0.950438 0.62699 0.0475 0.0397292
43 0.870578 0.824438 0.0411875 0.0519583
43 0.88432 0.56226 0.0291406 0.0577292
43 0.714641 0.539292 0.0278438 0.0258333
43 0.709711 0.733135 0.0222969 0.0323125
43 0.769414 0.892906 0.0354531 0.0453958
43 0.965367 0.7985 0.0352969 0.0374583
43 0.731375 0.528208 0.0186562 0.0179583
43 0.665078 0.587302 0.0265312 0.0294792
43 0.917875 0.650385 0.0348125 0.0336042
43 0.816883 0.53126 0.0230469 0.0452708
43 0.805063 0.661771 0.0404687 0.151333
43 0.926719 0.608333 0.0475 0.0520417
43 0.859078 0.546927 0.0208438 0.0287708
43 0.765883 0.68651 0.0353281 0.0661458
43 0.938172 0.73326 0.0225 0.0387292
43 0.768555 0.720167 0.0155156 0.0226667
43 0.75707 0.55049 0.0706094 0.0796458
43 0.691391 0.570396 0.0454062 0.0429583
43 0.912453 0.777219 0.0310312 0.0416042
43 0.930078 0.69949 0.0234688 0.0328125
43 0.799953 0.52174 0.0172813 0.0276458
43 0.891969 0.791604 0.0257812 0.03175
43 0.784602 0.558063 0.0297656 0.034125
43 0.757727 0.803302 0.0331406 0.0489375
43 0.844625 0.781052 0.0342187 0.0380208
43 0.749594 0.68674 0.03475 0.0351875
43 0.708641 0.882948 0.0198125 0.0843542
43 0.744469 0.915323 0.0347812 0.0488958
43 0.730883 0.609427 0.128766 0.0486458
43 0.90782 0.810583 0.0237969 0.029625
43 0.889266 0.593396 0.0188437 0.0439167
43 0.807773 0.775385 0.0434531 0.0563958
43 0.815656 0.836146 0.03 0.0384583
43 0.833008 0.681177 0.0291406 0.0377708
43 0.721211 0.558802 0.0382344 0.0526458
43 0.951523 0.59551 0.00557812 0.0079375
43 0.833516 0.862958 0.0275938 0.0333333
43 0.759523 0.762104 0.0257656 0.0322917
43 0.892297 0.726677 0.0283125 0.0338125
43 0.832242 0.733469 0.0292344 0.0689792
43 0.968375 0.75125 0.037375 0.0472083
43 0.840922 0.82801 0.0203438 0.0333958
43 0.910227 0.670677 0.0565469 0.0283125
43 0.775289 0.760437 0.0186406 0.0295
43 0.664219 0.562177 0.0198125 0.0238542
43 0.840867 0.537354 0.0296094 0.0479583
43 0.794727 0.660375 0.0363281 0.1445
43 0.926609 0.801625 0.0239063 0.031
43 0.856352 0.752208 0.0326094 0.0327083
43 0.772547 0.864042 0.0236563 0.0332917
43 0.929414 0.622948 0.0705781 0.0489792
43 0.869008 0.687385 0.0333906 0.0333958
43 0.757914 0.532823 0.0128906 0.0179375
43 0.873492 0.651146 0.0578906 0.05
43 0.929539 0.760417 0.0146406 0.0155417
43 0.904289 0.697354 0.0374531 0.0469583
43 0.743539 0.845385 0.0480781 0.0487292
43 0.952633 0.658 0.0382031 0.0310833
43 0.890367 0.754875 0.0334531 0.0266667
43 0.720617 0.939354 0.0254531 0.0387083
43 0.860594 0.860948 0.0419062 0.0486042
43 0.853734 0.585896 0.0519375 0.054875
43 0.790305 0.815948 0.0243594 0.0230625
43 0.769688 0.740969 0.0158125 0.0156042
43 0.729961 0.8955 0.0247969 0.038625
43 0.747773 0.721531 0.0257656 0.0389792
43 0.764664 0.828781 0.0201719 0.0304375