44 0.447102 0.237198 0.182266 0.271104
44 0.331445 0.295781 0.180828 0.257729
24 0.367727 0.477479 0.107828 0.109167
24 0.301617 0.552875 0.0535781 0.0640417
59 0.361922 0.59049 0.0906563 0.141521
59 0.452227 0.725823 0.0368281 0.0755625
38 0.422352 0.427094 0.0669844 0.0495208
38 0.450062 0.619 0.111719 0.209542
38 0.43425 0.401292 0.0138437 0.0261667
38 0.441516 0.488396 0.0376563 0.073
38 0.473906 0.753469 0.0430625 0.0905208
38 0.491938 0.729792 0.0415312 0.109625
38 0.427312 0.757052 0.0402813 0.104604
38 0.255117 0.456031 0.114797 0.182479
38 0.323703 0.458125 0.0570312 0.09425
38 0.337961 0.52875 0.0554219 0.0731667