1 0.660852 0.584281 0.121641 0.106313
1 0.50882 0.365156 0.0902969 0.0895208
1 0.474109 0.50275 0.0712812 0.130583
1 0.299828 0.552708 0.074375 0.136792
1 0.390398 0.51976 0.0780469 0.0718958
1 0.415055 0.33576 0.117109 0.0448125
1 0.359961 0.30901 0.0538281 0.0446458
1 0.768727 0.466854 0.0886094 0.09825
1 0.535156 0.421448 0.0979063 0.0831875
1 0.469242 0.37424 0.0865469 0.0918542
1 0.564859 0.296313 0.0429375 0.05725
1 0.251188 0.485219 0.0555937 0.110104
1 0.7435 0.419958 0.0808438 0.09625
1 0.639383 0.403771 0.107609 0.074875
1 0.397047 0.299583 0.0679687 0.0597917
1 0.383039 0.419271 0.0770156 0.113208
1 0.565422 0.492917 0.0585625 0.0798333
1 0.492016 0.645042 0.162812 0.0650833
1 0.305508 0.390469 0.0573281 0.113229
1 0.626 0.291188 0.0602188 0.07275
1 0.508234 0.280677 0.0597812 0.0543125
1 0.716805 0.363375 0.0741406 0.05375
1 0.472109 0.282969 0.0664062 0.0498125
1 0.587078 0.698646 0.150031 0.0829167
1 0.670641 0.323042 0.0705 0.07
1 0.755 0.600135 0.0570312 0.0895208
1 0.562453 0.523531 0.11925 0.145896
1 0.468906 0.727604 0.107 0.07425
1 0.316508 0.460885 0.0870469 0.0566875
1 0.607258 0.348469 0.114266 0.0493542
1 0.648188 0.519625 0.12825 0.104333