6 0.856156 0.507391 0.0705208 0.0200938
6 0.857323 0.473336 0.0215208 0.0482031
6 0.876135 0.52882 0.0472292 0.0299531
6 0.96874 0.591859 0.0454792 0.0520625
6 0.928083 0.538312 0.07225 0.04325
6 0.927594 0.58882 0.0393958 0.0257031
6 0.902354 0.591586 0.0700833 0.0446094
6 0.815646 0.483312 0.0547083 0.03025
6 0.891125 0.537055 0.0354167 0.0394531
6 0.87851 0.46975 0.0239375 0.0374375
6 0.784687 0.44025 0.0382917 0.0425625
6 0.869042 0.523336 0.0550417 0.0266719
6 0.895896 0.472227 0.0150417 0.0366719
6 0.964125 0.546531 0.068375 0.0362188
6 0.829031 0.494102 0.0352292 0.0353906
6 0.76451 0.431211 0.0574375 0.0341719
6 0.916583 0.569367 0.0281667 0.00617188
6 0.978781 0.488758 0.0274792 0.0319219
6 0.839042 0.488156 0.0188333 0.0251875
6 0.768083 0.438836 0.054375 0.0402344
6 0.990583 0.588945 0.0188333 0.0272969
6 0.952792 0.490258 0.0570833 0.0348594
6 0.964417 0.490125 0.038625 0.0259062
6 0.935354 0.519102 0.0700833 0.0289844
6 0.940312 0.596414 0.0266667 0.0405156
6 0.984042 0.516922 0.0305417 0.0292187
6 0.828094 0.453211 0.0642708 0.0182031
6 0.913844 0.497898 0.0301875 0.0125781
6 0.945187 0.476922 0.0782917 0.0210313
6 0.879469 0.494352 0.0585208 0.0184844
6 0.79224 0.443438 0.0307708 0.04025
6 0.973573 0.55282 0.0528542 0.0333281
6 0.978229 0.637102 0.0273333 0.0218281
6 0.99101 0.60257 0.0179792 0.0256406
6 0.982927 0.557813 0.0261458 0.0241563
57 0.298521 0.470211 0.0453333 0.0211719
57 0.279323 0.411109 0.0224792 0.015875
57 0.131083 0.399875 0.0198333 0.0135937
57 0.350062 0.652438 0.053 0.03975
57 0.292656 0.376461 0.0348542 0.0148594
57 0.322135 0.653047 0.0519792 0.0230625
57 0.298531 0.665438 0.0651875 0.0272188
57 0.403562 0.706922 0.04925 0.0205
57 0.362104 0.749617 0.045125 0.0341094
57 0.309375 0.740133 0.065375 0.0483906
57 0.309521 0.343359 0.015125 0.00715625
57 0.105906 0.431406 0.0307292 0.0121875
57 0.0105417 0.334297 0.0210833 0.0142187
57 0.254417 0.449023 0.0362083 0.0218906
57 0.272594 0.423453 0.0318958 0.0162188
57 0.296719 0.450641 0.0341875 0.0125625
57 0.342135 0.432727 0.0243542 0.0164219
57 0.284115 0.637453 0.0493958 0.0275625
57 0.160542 0.617086 0.033875 0.0177031
57 0.310385 0.714297 0.0823958 0.0338125
57 0.105292 0.595945 0.0447917 0.0405156
57 0.32374 0.418336 0.0242708 0.0110156
57 0.345781 0.728977 0.0171042 0.0169219
57 0.181365 0.441305 0.0321875 0.0162031
57 0.154188 0.390234 0.021875 0.0102813
57 0.0658125 0.609023 0.0507917 0.0239844
57 0.16424 0.458164 0.0381458 0.0215781
57 0.418427 0.751336 0.0659375 0.0261094
57 0.340771 0.476273 0.0455 0.00989063
57 0.278062 0.386945 0.038625 0.00917187
57 0.313292 0.638672 0.0197083 0.0090625
57 0.0754375 0.55025 0.0440833 0.0261562
57 0.276427 0.369328 0.0139792 0.0045
57 0.0879271 0.390367 0.0311042 0.0158906
57 0.13851 0.563734 0.0534375 0.0335
57 0.00670833 0.316391 0.0134167 0.0085625
57 0.361979 0.7145 0.0325 0.0130938
57 0.20549 0.564555 0.0406875 0.0294844
57 0.0690625 0.583492 0.038625 0.0441094
57 0.322135 0.383664 0.0299792 0.0284531
57 0.0131146 0.296344 0.0192708 0.0154687
57 0.385562 0.672273 0.0625 0.0177344
57 0.143312 0.594148 0.0499583 0.0394219
57 0.177229 0.40282 0.02325 0.0112969
57 0.249167 0.413594 0.0436667 0.0267812
57 0.260771 0.468086 0.0247083 0.0129844
57 0.3385 0.458516 0.00720833 0.00590625
57 0.37399 0.731281 0.0447708 0.0323125
57 0.132875 0.446703 0.0430833 0.0212812
57 0.24476 0.375641 0.0358958 0.0189687
57 0.338531 0.675398 0.0310625 0.0181094
57 0.25099 0.345555 0.0344792 0.0106406
57 0.291208 0.352039 0.030875 0.0115781
57 0.142375 0.350383 0.0382917 0.0217969
57 0.129656 0.433531 0.0178958 0.0105938
57 0.249823 0.334609 0.0355625 0.02025
57 0.25551 0.360883 0.0246875 0.0129844
57 0.223812 0.334328 0.0264583 0.025125
57 0.111375 0.395 0.026125 0.0145625
1 0.102438 0.126023 0.013125 0.00739063
1 0.0399063 0.113156 0.0183125 0.0124688
1 0.136219 0.138461 0.00889583 0.00564062
1 0.0790729 0.120438 0.0157292 0.00878125
1 0.100156 0.140313 0.0175625 0.00878125
1 0.145375 0.139234 0.0129583 0.0071875
1 0.034 0.130688 0.0154167 0.0119063
1 0.0915208 0.129773 0.020125 0.00939062
1 0.134563 0.133391 0.0145417 0.00446875
1 0.0226771 0.139781 0.0136875 0.00615625
44 0.966219 0.796391 0.0572708 0.036125
44 0.723833 0.586484 0.0207917 0.0104063
44 0.790948 0.726953 0.0858958 0.067375
44 0.504313 0.469633 0.0552917 0.0365469
44 0.97949 0.955602 0.0386458 0.0434844
44 0.619917 0.582187 0.06725 0.0487187
44 0.286281 0.882555 0.0749792 0.0539844
44 0.79326 0.623719 0.0669375 0.0394375
44 0.435365 0.425781 0.0618958 0.03975
44 0.443104 0.455977 0.0668333 0.0424219
44 0.59551 0.541734 0.0546875 0.0390313
44 0.605948 0.972562 0.0646042 0.0528125
44 0.74151 0.786156 0.0769375 0.0523125
44 0.813302 0.603461 0.0707708 0.0479531
44 0.39399 0.368977 0.0574375 0.0466719
44 0.991729 0.91082 0.0164583 0.0412656
44 0.542594 0.635156 0.0520208 0.037375
44 0.375458 0.402094 0.0295 0.0340625
44 0.442333 0.56832 0.053375 0.0474844
44 0.911854 0.620828 0.0616667 0.04625
44 0.48074 0.973742 0.0611042 0.0525156
44 0.186292 0.994227 0.0635833 0.00948437
44 0.673031 0.422516 0.0512708 0.0269062
44 0.979917 0.869602 0.0401667 0.0254531
44 0.538562 0.537133 0.068375 0.0420469
44 0.100208 0.984484 0.087875 0.0297812
44 0.860896 0.791602 0.0621667 0.0329219
44 0.260219 0.926867 0.0823958 0.0662344
44 0.834333 0.65718 0.0793333 0.0543594
44 0.570427 0.508125 0.0567708 0.0371875
44 0.391365 0.427859 0.0336875 0.0262812
44 0.42376 0.529219 0.0427708 0.0360938
44 0.677833 0.44718 0.0468333 0.0358906
44 0.672021 0.736281 0.0912917 0.0617812
44 0.54751 0.449797 0.0554375 0.0420937
44 0.673208 0.655391 0.084 0.0541875
44 0.327719 0.93275 0.0725208 0.0625
44 0.828062 0.526383 0.0498333 0.0285781
44 0.994448 0.800563 0.0111042 0.025125
44 0.933479 0.87307 0.0544583 0.0345781
44 0.178437 0.897055 0.072125 0.0566719
44 0.875375 0.641125 0.0255833 0.0101563
44 0.210229 0.918078 0.0440833 0.03975
44 0.449896 0.950117 0.0324167 0.0185781
44 0.481271 0.411031 0.058 0.0416562
44 0.55274 0.88882 0.0581875 0.0469531
44 0.357917 0.243984 0.02125 0.0120313
44 0.249906 0.228383 0.00922917 0.00692187
44 0.58375 0.93 0.0567083 0.05025
44 0.0808542 0.965031 0.0430833 0.0438438
44 0.675906 0.602953 0.0685208 0.0530937
44 0.272125 0.232297 0.0219583 0.0192187
44 0.616229 0.513711 0.052875 0.0359531
44 0.909031 0.793844 0.0693958 0.0338437
44 0.448531 0.379453 0.0553958 0.037125
44 0.268719 0.977227 0.0858125 0.0430781
44 0.701552 0.505922 0.0383542 0.0129062
44 0.475698 0.922047 0.0656458 0.0523125
44 0.85825 0.556305 0.0484167 0.0323906
44 0.759552 0.537148 0.0543542 0.0407656
44 0.893594 0.666617 0.0758958 0.0466719
44 0.424969 0.886289 0.0695208 0.0476094
44 0.0457708 0.918586 0.0839167 0.0648594
44 0.75574 0.574797 0.0652708 0.0504062
44 0.68625 0.482016 0.0429167 0.0425312
44 0.532906 0.607227 0.0594792 0.0446094
44 0.517594 0.500797 0.0709792 0.052375
44 0.497135 0.390227 0.0458125 0.0327656
44 0.764354 0.652875 0.0629167 0.0512813
44 0.639083 0.954023 0.0635 0.0569219
44 0.603406 0.635555 0.0833958 0.0577969
44 0.859104 0.590578 0.0421667 0.0480312
44 0.41775 0.929742 0.065625 0.0492344
44 0.687646 0.700477 0.08475 0.0593281
44 0.583833 0.610969 0.0437917 0.0195938
44 0.237698 0.259375 0.0231042 0.0170625
44 0.506469 0.571023 0.0779375 0.0589844
44 0.610094 0.911336 0.0574375 0.0466719
44 0.53776 0.934484 0.0642708 0.05375
44 0.529792 0.419141 0.0492917 0.0344687
44 0.49525 0.44075 0.0579167 0.0399062
44 0.558229 0.477 0.0533333 0.0320625
44 0.704896 0.55582 0.0554583 0.0445781
44 0.75049 0.741273 0.0789375 0.0582031
44 0.712115 0.644617 0.0591458 0.0430781
44 0.498865 0.891039 0.0658125 0.0593281
44 0.635677 0.617234 0.0600208 0.041875
44 0.963406 0.718969 0.0707292 0.0384062
44 0.61726 0.68582 0.0820625 0.0556406
44 0.522885 0.666234 0.0868958 0.0658438
44 0.498885 0.716273 0.0511875 0.0587031
44 0.423396 0.397695 0.068375 0.0441094
44 0.59749 0.454602 0.0524792 0.0367031
44 0.468385 0.658289 0.0437708 0.0556406
44 0.764604 0.610453 0.034125 0.03825
44 0.717156 0.529867 0.0513125 0.0433281
44 0.865688 0.62493 0.0481667 0.0309219
44 0.581729 0.736117 0.0926667 0.0716719
44 0.686937 0.571633 0.0677917 0.0421094
44 0.928854 0.915641 0.0601667 0.0374375
44 0.841 0.699609 0.02975 0.0361563
44 0.608688 0.482313 0.0535833 0.034875
44 0.110052 0.886867 0.0796875 0.0605156
44 0.519292 0.771922 0.0830833 0.0674375
44 0.772479 0.516711 0.0601667 0.0369219
44 0.951271 0.65543 0.068 0.0400781
44 0.741698 0.456328 0.0085625 0.0130938
44 0.472146 0.603906 0.0794167 0.0606875
44 0.258458 0.258133 0.02325 0.0146094
44 0.400479 0.455258 0.0335 0.0346094
44 0.96976 0.757812 0.0576875 0.0528125
44 0.492729 0.319383 0.0191667 0.0148906
44 0.931792 0.895742 0.050375 0.0267031
44 0.656854 0.493898 0.0554583 0.0328906
44 0.718583 0.469055 0.0485417 0.0439219
44 0.669438 0.522141 0.0572083 0.037875
44 0.803979 0.783797 0.064375 0.0549063
44 0.643365 0.467961 0.0493125 0.0328281
44 0.622958 0.42025 0.0499167 0.0287187
44 0.552667 0.680305 0.06425 0.0527969
44 0.283031 0.242 0.0253125 0.0195938
44 0.739802 0.690289 0.0616042 0.0518594
44 0.811677 0.545586 0.0663125 0.0428281
44 0.893823 0.89025 0.0293958 0.0374375
44 0.955833 0.688961 0.0709583 0.0394531
44 0.571937 0.575773 0.0714583 0.0530781
44 0.807813 0.575461 0.0612917 0.0370469
44 0.448938 0.282742 0.019125 0.0124531
44 0.72749 0.612563 0.0526458 0.0440938
44 0.457156 0.303539 0.0241042 0.0176094
44 0.796719 0.690352 0.0692708 0.0431719
44 0.587083 0.407227 0.0434167 0.0355781
44 0.454187 0.333078 0.00991667 0.0133437
44 0.396979 0.259867 0.0222083 0.0182031
44 0.342187 0.286109 0.0247917 0.0179063
44 0.471771 0.531023 0.0717917 0.0558906
44 0.307917 0.279234 0.0164167 0.0164063
44 0.333812 0.272688 0.021875 0.0187187
44 0.441458 0.975898 0.0499167 0.0420469
44 0.677906 0.789875 0.0727708 0.0393437
44 0.41775 0.289875 0.0242917 0.0187187
44 0.925094 0.707234 0.0143542 0.0323125
44 0.545271 0.397281 0.0499583 0.0349062
44 0.63325 0.441469 0.0537917 0.03175
44 0.785333 0.500516 0.0425833 0.0300312
44 0.0336042 0.967938 0.0637917 0.0584687
44 0.255344 0.213383 0.0211875 0.00973437
44 0.97501 0.891664 0.0475208 0.0341094
44 0.13399 0.939359 0.0851458 0.0679375
44 0.549833 0.718523 0.061625 0.0469219
44 0.344552 0.972687 0.0753542 0.054625
44 0.416156 0.278898 0.0205208 0.00948437
44 0.738687 0.496055 0.0552917 0.0417656
44 0.2875 0.257305 0.015375 0.0130781
44 0.167208 0.959391 0.0916667 0.071625
44 0.445417 0.495305 0.0687917 0.0496094
44 0.64824 0.549172 0.0617292 0.0499375
44 0.404938 0.491539 0.0335 0.0425781
44 0.921385 0.747703 0.0693542 0.0523438
44 0.882802 0.70443 0.0806875 0.0556406
44 0.549125 0.976117 0.0717917 0.0446094
44 0.639823 0.990422 0.0357708 0.0191562
44 0.213979 0.96593 0.04525 0.0615781
44 0.513302 0.965773 0.0211875 0.0320469
44 0.602875 0.78218 0.0882083 0.0643594
44 0.42875 0.318203 0.0150417 0.004875
44 0.576219 0.425609 0.0483125 0.0313437
44 0.0953854 0.931844 0.0311042 0.02975
44 0.905688 0.977297 0.030125 0.0329688
44 0.854198 0.743344 0.0783958 0.0571875
44 0.765698 0.473609 0.0511458 0.0284375
44 0.242854 0.242047 0.0170833 0.0168437
44 0.372594 0.285492 0.0173958 0.0113281
44 0.889042 0.960383 0.0266667 0.0320469
44 0.90701 0.648977 0.0393125 0.0217969
44 0.718656 0.441109 0.0418958 0.0228125
44 0.839354 0.90868 0.0264583 0.0271719
44 0.3375 0.260328 0.0227917 0.0130625
44 0.293781 0.276133 0.0142708 0.00867187