14 0.923015 0.831569 0.0841667 0.0654902
14 0.659534 0.685858 0.0198203 0.0235131
14 0.525327 0.614518 0.0316993 0.0325327
14 0.458415 0.659657 0.205915 0.0749673
33 0.314003 0.661626 0.103693 0.043415
33 0.556985 0.747623 0.189853 0.144722
33 0.654224 0.632737 0.0476961 0.0266503
33 0.55165 0.586373 0.116699 0.0727778
33 0.658668 0.727337 0.0755065 0.10951
33 0.425016 0.712157 0.0795098 0.0672222
33 0.61969 0.665662 0.0252288 0.0513889
33 0.490727 0.681789 0.0331209 0.0382843
33 0.594134 0.669886 0.0405229 0.0650654
33 0.752753 0.560801 0.137663 0.0570915
33 0.400041 0.703578 0.0404412 0.0332026
33 0.729959 0.610449 0.0362908 0.0219118
33 0.556201 0.603881 0.0341993 0.0354739
33 0.561708 0.667958 0.0661601 0.0833007
33 0.629935 0.63433 0.138301 0.0763399
33 0.795098 0.557051 0.131209 0.0376961
33 0.68777 0.601275 0.0643627 0.034085
33 0.420809 0.642958 0.0512582 0.0237582
33 0.4829 0.756373 0.0586111 0.0245752
52 0.301912 0.392247 0.167843 0.120343
52 0.291887 0.30848 0.142696 0.0577451
52 0.413333 0.339314 0.124869 0.0496078
52 0.589387 0.392737 0.167598 0.110245
52 0.662925 0.312451 0.149379 0.0612745
52 0.485449 0.291814 0.100801 0.0585294