1 0.719945 0.6515 0.138359 0.171917
1 0.310281 0.338104 0.111969 0.113958
1 0.574141 0.411104 0.0959688 0.137333
1 0.696281 0.320031 0.10925 0.0856458
1 0.935047 0.841271 0.129906 0.163708
1 0.722922 0.842438 0.142094 0.167375
1 0.105359 0.6925 0.108062 0.107083
1 0.310812 0.853198 0.137906 0.161146
1 0.591938 0.566115 0.118719 0.151396
1 0.525266 0.838 0.143625 0.17525
1 0.199047 0.775312 0.113563 0.153958
1 0.444937 0.572906 0.1285 0.154188
1 0.197852 0.406042 0.122266 0.154375
1 0.427781 0.772115 0.123812 0.172312
1 0.182406 0.583313 0.115437 0.160583
1 0.715594 0.455135 0.130125 0.170229
1 0.599336 0.755281 0.122266 0.153479
1 0.065625 0.859937 0.124063 0.161417
1 0.293578 0.468375 0.133969 0.180333
1 0.28175 0.658677 0.132438 0.179063
1 0.461547 0.4115 0.132781 0.170917
1 0.94243 0.651073 0.115141 0.160646
1 0.811086 0.742031 0.109297 0.145688
1 0.130211 0.439865 0.0438281 0.0858958
1 0.817539 0.568177 0.105016 0.141979
1 0.813547 0.405542 0.124562 0.144458