59 0.535778 0.877203 0.152444 0.123469
59 0.637292 0.504461 0.0503056 0.0246406
59 0.618042 0.723266 0.335194 0.11575
59 0.657708 0.458844 0.0305278 0.015375
59 0.419583 0.430047 0.0266667 0.0098125
59 0.329153 0.833078 0.217472 0.14475
59 0.635375 0.632914 0.247028 0.112016
59 0.187583 0.579141 0.1185 0.0479375
59 0.847819 0.489547 0.0469167 0.024875
59 0.599819 0.403977 0.0355278 0.0156406
59 0.168653 0.810203 0.337306 0.169344
59 0.645806 0.436594 0.0213889 0.01
59 0.621292 0.483977 0.0450833 0.0156406
59 0.369903 0.89268 0.122083 0.102484
59 0.570875 0.443219 0.0311389 0.0221562
59 0.602111 0.425727 0.0276111 0.0132344
59 0.5245 0.783211 0.170611 0.0890156
59 0.278944 0.683641 0.197667 0.09025
59 0.7715 0.434742 0.0414444 0.0141094
59 0.319194 0.734516 0.261333 0.0685313
59 0.670167 0.417148 0.0308889 0.0159844
59 0.507611 0.556578 0.177833 0.0545625
59 0.735833 0.443586 0.0382778 0.0117969
59 0.801347 0.629188 0.175417 0.098375
59 0.269458 0.621242 0.204694 0.0799844
59 0.672 0.443969 0.0318889 0.0135937
59 0.699056 0.561539 0.139833 0.0425781
59 0.337472 0.557797 0.145389 0.0618437
59 0.103111 0.631148 0.186722 0.0905156
59 0.639181 0.56007 0.133694 0.0424219
59 0.822292 0.744617 0.187694 0.139547