11 0.726176 0.707908 0.0699673 0.0951307
11 0.427034 0.575899 0.00769608 0.00767974
11 0.327165 0.168464 0.145899 0.14
11 0.661985 0.676038 0.106422 0.072598
11 0.48058 0.0793464 0.0839052 0.134967
11 0.447933 0.534616 0.0438399 0.0256373
11 0.67625 0.630564 0.112565 0.0548856
11 0.405229 0.583897 0.0464052 0.0487092
11 0.388317 0.0585948 0.0484641 0.07
11 0.418292 0.567467 0.0276961 0.0283333
11 0.386487 0.597966 0.0483987 0.0561601
11 0.565621 0.662173 0.0666667 0.0684641
11 0.893758 0.0470833 0.0444444 0.0402124
8 0.754894 0.0265033 0.0809641 0.0530065
8 0.261225 0.0622467 0.0886275 0.0651471
8 0.415809 0.105539 0.0427288 0.0471242
8 0.439126 0.754951 0.179526 0.132451
8 0.590155 0.758227 0.10616 0.121029
8 0.34357 0.0873121 0.0238399 0.0305065
8 0.660458 0.582141 0.146405 0.054902
8 0.455074 0.0174755 0.0628595 0.034951
8 0.299085 0.00987745 0.0266667 0.0176961
8 0.408595 0.17281 0.0415359 0.0402941
8 0.988824 0.489551 0.0223529 0.0404739
8 0.936127 0.0191013 0.0566667 0.0330719
8 0.309804 0.615588 0.065719 0.103824