15 0.431922 0.137664 0.079875 0.149977
15 0.754336 0.529542 0.104922 0.177347
15 0.467937 0.734472 0.0902813 0.113638
15 0.329562 0.441502 0.111437 0.127559
15 0.575883 0.806573 0.132234 0.140516
15 0.463172 0.801291 0.113281 0.136291
15 0.35093 0.195329 0.0691719 0.0910329
15 0.767617 0.351256 0.156484 0.187113
15 0.330727 0.826843 0.0664844 0.115657
15 0.608586 0.288509 0.102453 0.150399
15 0.26393 0.277746 0.117297 0.294883
15 0.393555 0.846585 0.0762656 0.0993192
15 0.707195 0.717007 0.0372969 0.152089
15 0.470523 0.54473 0.0599844 0.0968779
14 0.321188 0.673404 0.075375 0.101925
14 0.31632 0.551538 0.112516 0.144108
14 0.599922 0.715833 0.113312 0.15669
14 0.381695 0.706549 0.0918594 0.135915
14 0.626242 0.512312 0.0659844 0.117958
14 0.613648 0.657113 0.0914844 0.120516
14 0.538641 0.496103 0.116219 0.0875587
14 0.243625 0.460563 0.0647812 0.106667
14 0.386492 0.505798 0.0898594 0.167324
14 0.556836 0.62257 0.0657969 0.0820423
14 0.453414 0.46554 0.0581094 0.126009
11 0.620891 0.684096 0.159187 0.377254
11 0.600461 0.391209 0.133016 0.148615
11 0.606602 0.24993 0.124234 0.207606
11 0.514109 0.614296 0.0188125 0.0600469
11 0.733383 0.753955 0.0953906 0.280634
11 0.493125 0.350634 0.09175 0.173756
11 0.41718 0.426373 0.0432031 0.0892723
11 0.549977 0.195047 0.206984 0.255915
11 0.411094 0.760869 0.0624375 0.137653
11 0.455352 0.64088 0.0862656 0.111808
11 0.190234 0.583638 0.0849375 0.117324
11 0.352789 0.293979 0.0780156 0.128521
11 0.294078 0.614695 0.143813 0.400563