52 0.490508 0.18501 0.0537031 0.0755208
52 0.835109 0.289167 0.0859375 0.0745
52 0.770656 0.370688 0.06275 0.126125
52 0.493805 0.0873854 0.0703281 0.103354
52 0.666172 0.42024 0.119375 0.117438
52 0.850672 0.435865 0.05175 0.0657708
52 0.432758 0.146542 0.0516406 0.0605833
52 0.745383 0.405698 0.0652656 0.107979
52 0.569234 0.111104 0.112344 0.167333
52 0.636633 0.254542 0.0751406 0.089625
52 0.717891 0.275115 0.08375 0.0620208
52 0.76225 0.20099 0.0875 0.111438
52 0.616711 0.0805104 0.0541406 0.0641875
52 0.607367 0.626833 0.0770469 0.0900417
52 0.565352 0.37225 0.0484219 0.0619167
52 0.70143 0.58874 0.0909844 0.137688
52 0.828336 0.455844 0.0267031 0.0380625
52 0.799094 0.235958 0.0645312 0.0740833
52 0.754438 0.679396 0.06675 0.146792
52 0.832375 0.620771 0.0925625 0.156333
52 0.577219 0.277885 0.0919688 0.113396
52 0.66843 0.150667 0.110266 0.0789583
52 0.676047 0.493667 0.0798125 0.0898333
52 0.653695 0.347844 0.0669844 0.0771042
52 0.673297 0.739073 0.0999375 0.0810208
52 0.7595 0.495365 0.0640625 0.0833125
52 0.757594 0.549969 0.062875 0.0657292
52 0.865148 0.552479 0.0679844 0.124667
52 0.735117 0.178021 0.0801094 0.148667
52 0.619047 0.429979 0.0839063 0.095375
52 0.519852 0.239562 0.0498281 0.0549583
52 0.805195 0.480708 0.0520156 0.0626667
52 0.552211 0.203844 0.0682656 0.0758958
52 0.621094 0.527792 0.0788125 0.120292
52 0.578289 0.435583 0.0342656 0.0654167
52 0.593578 0.20575 0.11675 0.114083
52 0.609914 0.0391042 0.0635156 0.0774583
52 0.693164 0.0926042 0.0405781 0.0597083
52 0.611836 0.3535 0.0540469 0.0932083