11 0.162203 0.71449 0.0767812 0.0979375
11 0.443781 0.555323 0.069125 0.115146
11 0.727023 0.667 0.0806719 0.216333
11 0.567906 0.493958 0.0977187 0.131625
11 0.237891 0.434354 0.139562 0.192042
11 0.186445 0.183125 0.0269219 0.0282083
11 0.549195 0.594313 0.0678281 0.0929167
11 0.239242 0.601021 0.140141 0.2005
11 0.335539 0.224229 0.0530781 0.0715417
11 0.244055 0.258281 0.0795156 0.158646
11 0.561141 0.160437 0.08275 0.0892917
11 0.316273 0.362156 0.179859 0.0891875
11 0.244695 0.134396 0.0935156 0.101417
11 0.620836 0.366187 0.0690781 0.151417
11 0.734164 0.334063 0.0952656 0.124167
11 0.188688 0.406 0.084125 0.127833
11 0.46825 0.218875 0.121906 0.154083
11 0.190672 0.296437 0.0825937 0.0856667
11 0.0986563 0.410979 0.113969 0.0910417
11 0.578258 0.353417 0.0641719 0.0765833
11 0.363711 0.274344 0.0713906 0.114979
11 0.608922 0.210521 0.07 0.126667
11 0.102563 0.33576 0.0972812 0.108479
11 0.700453 0.412677 0.118375 0.167021
11 0.736516 0.422875 0.0742188 0.0917917
11 0.320852 0.442823 0.0757656 0.0963958
11 0.474328 0.621792 0.131156 0.165417
11 0.163445 0.243198 0.144953 0.136313
11 0.51418 0.44926 0.136797 0.191729
11 0.670242 0.550396 0.232641 0.15675
11 0.740516 0.504917 0.06725 0.0555833
11 0.650578 0.271979 0.127438 0.139958
11 0.296594 0.549979 0.154375 0.191125
11 0.535805 0.290344 0.0922031 0.119104
11 0.448914 0.332198 0.174141 0.275896
11 0.424789 0.757229 0.245391 0.22
37 0.10257 0.550635 0.200422 0.250104
37 0.567602 0.691542 0.298859 0.266167
37 0.354047 0.111542 0.187344 0.177583