43 0.415984 0.649125 0.33575 0.32025
43 0.22818 0.490896 0.0248594 0.065625
43 0.251445 0.473646 0.116734 0.158458
43 0.396633 0.64474 0.0928594 0.152729
43 0.285547 0.50976 0.0875625 0.200938
8 0.390539 0.519365 0.169984 0.166896
8 0.158133 0.730729 0.167734 0.257917
8 0.121094 0.556281 0.0863437 0.0551458
8 0.103391 0.620927 0.0851875 0.0791875
8 0.268367 0.534969 0.105578 0.227521
8 0.347039 0.76326 0.296797 0.224646
8 0.374547 0.44501 0.134094 0.126646
8 0.294367 0.673281 0.238078 0.182729
8 0.55207 0.458667 0.189516 0.106208
8 0.266711 0.413656 0.151484 0.111396
8 0.432094 0.923229 0.347531 0.149958
8 0.183102 0.543688 0.0845156 0.195208
8 0.087375 0.748885 0.0730937 0.176938