56 0.415441 0.838791 0.06 0.0587908
56 0.458676 0.830899 0.0288235 0.0255556
56 0.416209 0.901577 0.0681373 0.0658333
56 0.401658 0.807149 0.0460948 0.0422386
56 0.49674 0.821642 0.0544608 0.0587418
56 0.341863 0.792598 0.0470915 0.0376471
56 0.372672 0.870792 0.0473693 0.068415
56 0.455556 0.865613 0.0502614 0.0514216
56 0.333611 0.837582 0.0540196 0.0595098
56 0.452729 0.794011 0.0569935 0.0472712
56 0.37031 0.823529 0.0302614 0.0385621
24 0.409118 0.718644 0.131242 0.132908
6 0.669894 0.739918 0.147467 0.230294
14 0.525359 0.783268 0.0490196 0.0610458
14 0.494608 0.933252 0.06 0.0695098
14 0.510809 0.875654 0.0402451 0.035719
14 0.578717 0.870507 0.0978922 0.0317974
14 0.482647 0.887002 0.0413399 0.0420098
14 0.535768 0.847002 0.051732 0.0465196
14 0.566275 0.896462 0.116797 0.0513562
28 0.921487 0.065482 0.0972876 0.0721405
28 0.853701 0.0748775 0.117206 0.0912908