52 0.795539 0.267781 0.161484 0.170375
52 0.152125 0.448398 0.30425 0.229922
52 0.90232 0.589602 0.195359 0.268422
42 0.623141 0.529219 0.136844 0.110406
42 0.395102 0.650805 0.0713906 0.145891
42 0.577555 0.666859 0.147484 0.128562
42 0.73982 0.537641 0.111047 0.0730937
42 0.537156 0.332687 0.089875 0.05625
42 0.692352 0.355453 0.112766 0.0917813
42 0.538945 0.371719 0.171016 0.0864062
42 0.465305 0.645773 0.140766 0.137953
42 0.724344 0.45657 0.115906 0.100516
11 0.358359 0.173336 0.276781 0.238984
11 0.128281 0.701648 0.256562 0.377984
11 0.547875 0.642336 0.0275625 0.0438906
11 0.607055 0.347484 0.0484531 0.03775
11 0.936906 0.379258 0.126188 0.153703
11 0.581391 0.295516 0.06025 0.035125