18 0.704547 0.619456 0.0485 0.0757322
18 0.263828 0.424215 0.059875 0.0580962
18 0.182914 0.464822 0.0590781 0.0693096
18 0.193062 0.550826 0.0763125 0.0874686
18 0.659883 0.499801 0.0620156 0.0583891
18 0.216984 0.726328 0.0511875 0.0721967
18 0.886187 0.541642 0.04425 0.0652929
18 0.511523 0.541036 0.0594219 0.0673013
18 0.476758 0.347605 0.0242031 0.0425732
18 0.703484 0.733556 0.0688438 0.0964017
18 0.234758 0.393734 0.0603281 0.0603556
18 0.766219 0.390669 0.0523125 0.0949791
18 0.620148 0.3191 0.0507344 0.0653975
10 0.702156 0.72818 0.072625 0.11251
10 0.510008 0.545251 0.0623594 0.0734728
10 0.886297 0.544236 0.0465 0.0692259
10 0.61882 0.318766 0.0429531 0.05841
10 0.235102 0.394331 0.0557656 0.0535565
10 0.217422 0.728766 0.0622188 0.0779079
10 0.767437 0.387803 0.0554375 0.0905439
10 0.266523 0.427448 0.0592969 0.0584519
10 0.704883 0.608305 0.0405469 0.0529707
10 0.194109 0.551799 0.0777812 0.0856904
10 0.666383 0.503923 0.0462656 0.0632427
10 0.182906 0.464948 0.059 0.0691004