11 0.28168 0.16637 0.242484 0.267213
11 0.84118 0.292529 0.103641 0.152646
11 0.201148 0.927611 0.160109 0.142295
11 0.818719 0.153911 0.159625 0.280796
11 0.531164 0.107986 0.211703 0.204965
11 0.930406 0.122166 0.134625 0.238618
11 0.899914 0.579415 0.198953 0.386276
11 0.748805 0.915984 0.340516 0.163255
11 0.716461 0.344801 0.239578 0.325714
11 0.36532 0.135738 0.158609 0.24178
59 0.981062 0.939426 0.0371563 0.120867
59 0.939352 0.343876 0.117047 0.217869
59 0.63668 0.0856089 0.132609 0.171218
59 0.929844 0.920515 0.140313 0.15897
59 0.653656 0.625691 0.267687 0.5
59 0.486852 0.220937 0.153109 0.239953
59 0.63118 0.147178 0.0782969 0.116932
59 0.452523 0.0435012 0.0981094 0.0870023
59 0.809047 0.0368501 0.127562 0.0737002
59 0.784031 0.797436 0.107031 0.174262
59 0.604898 0.380867 0.0960156 0.247728
59 0.331664 0.587073 0.433328 0.578454
59 0.615156 0.883841 0.0905938 0.159485
59 0.0916875 0.351183 0.0766875 0.318665