59 0.771422 0.542471 0.129156 0.162424
59 0.398805 0.356678 0.124891 0.192657
59 0.760164 0.697459 0.0712969 0.158462
14 0.674953 0.506049 0.0949375 0.145105
14 0.960164 0.764091 0.0732031 0.279371
14 0.774047 0.0507692 0.116281 0.0987879
14 0.595398 0.557925 0.144828 0.166667
14 0.82582 0.25211 0.0430781 0.0558741
14 0.975547 0.543135 0.0489062 0.0714452
14 0.718734 0.874254 0.102563 0.147436
14 0.6295 0.261538 0.0315937 0.0630769
11 0.952109 0.276445 0.0957812 0.27289
11 0.745695 0.195956 0.212047 0.211818
11 0.556914 0.355012 0.211891 0.334359
11 0.854836 0.738683 0.199453 0.336573
11 0.440086 0.708555 0.261734 0.379068
11 0.870437 0.0638462 0.146687 0.124615
11 0.850445 0.939312 0.143516 0.121375