14 0.42901 0.42552 0.0861 0.25504
14 0.40414 0.261547 0.30172 0.19328
14 0.55862 0.73976 0.09428 0.52048
14 0.30399 0.753773 0.2569 0.329413
14 0.65135 0.27668 0.0641 0.06472
14 0.29607 0.18136 0.09226 0.162773
14 0.50288 0.662053 0.04776 0.0978667
14 0.16741 0.53288 0.14198 0.112853
14 0.27413 0.396493 0.2153 0.246053
14 0.62069 0.4812 0.06046 0.11104
14 0.10729 0.475213 0.11838 0.104507
14 0.38304 0.627093 0.2712 0.343573
14 0.69526 0.477773 0.14028 0.170373
14 0.36899 0.0991467 0.0641 0.0583467
14 0.59519 0.374827 0.1287 0.12224
14 0.44189 0.581027 0.14626 0.139973
14 0.62185 0.6702 0.08422 0.1004
14 0.60292 0.228627 0.07768 0.129627
14 0.6419 0.312747 0.11128 0.102773