57 0.406562 0.362021 0.0482187 0.0413785
57 0.339875 0.521834 0.042875 0.0384346
57 0.462867 0.411717 0.0568281 0.0390421
57 0.769461 0.545923 0.0555469 0.0627804
57 0.821063 0.535981 0.03525 0.0439252
57 0.35857 0.383738 0.0466719 0.0321495
57 0.54275 0.312722 0.035 0.0253972
57 0.338641 0.450993 0.0518438 0.0349299
57 0.545203 0.362079 0.0388125 0.0217757
57 0.691164 0.527769 0.0646406 0.0610514
57 0.284969 0.399836 0.0485938 0.0253271
57 0.204172 0.398376 0.0326875 0.0334813
57 0.55075 0.497371 0.0311875 0.038014
57 0.543 0.405222 0.0322188 0.0268925
57 0.558578 0.433516 0.0275 0.0263785
57 0.232977 0.427675 0.0517344 0.0403972
57 0.261813 0.453154 0.038625 0.0349533
57 0.448 0.465981 0.0545312 0.0401869
57 0.518555 0.293832 0.0389531 0.0163551
57 0.282875 0.477009 0.044375 0.0266822
57 0.720156 0.579042 0.058375 0.0506542
57 0.729883 0.502243 0.0648281 0.0709813
57 0.499414 0.444019 0.0503594 0.0548598
57 0.33057 0.362956 0.0433594 0.0307243
57 0.413406 0.43028 0.0526563 0.0435981
57 0.428375 0.318797 0.0508125 0.0228738
57 0.601969 0.356238 0.0386562 0.0349533
57 0.672063 0.411414 0.0314375 0.033715
57 0.367656 0.468353 0.0502187 0.0452103
57 0.687633 0.476857 0.0522344 0.0475935
57 0.700953 0.438984 0.0497812 0.0302103
57 0.398742 0.497991 0.0423281 0.0460748
57 0.774844 0.476495 0.0590625 0.0599533
57 0.483898 0.311297 0.0466719 0.0381075
57 0.566563 0.332161 0.042125 0.0191822
57 0.380773 0.409322 0.0319219 0.0318692
57 0.575516 0.38639 0.0487812 0.0388084
57 0.458219 0.347313 0.0385937 0.0429907
57 0.494289 0.369451 0.0577969 0.0326869
57 0.43125 0.388213 0.0495937 0.033715
57 0.518625 0.340327 0.0417812 0.0390187
57 0.647352 0.506005 0.0304844 0.0329439
57 0.380398 0.344977 0.0320156 0.0242056
57 0.313242 0.422231 0.0456406 0.0423598
57 0.653086 0.443879 0.0442031 0.0479439
57 0.727742 0.463201 0.0340781 0.0315421