6 0.25693 0.078845 0.0183 0.0258772
6 0.22021 0.14557 0.02538 0.0340643
6 0.4197 0.812953 0.01396 0.0360234
6 0.12275 0.153436 0.01786 0.0384503
6 0.27778 0.0509064 0.01728 0.0165497
6 0.20769 0.114459 0.02534 0.0301462
6 0.5094 0.811944 0.03364 0.0294444
6 0.13085 0.161126 0.0167 0.0492105
6 0.23929 0.055307 0.01722 0.0217836
6 0.49344 0.815965 0.01528 0.0269006
6 0.20585 0.136082 0.01722 0.0324561
6 0.20213 0.0687719 0.01838 0.0404678
6 0.20213 0.170278 0.02582 0.0265789
6 0.14122 0.10288 0.02184 0.0642982
6 0.43741 0.805132 0.03494 0.0516667
6 0.24396 0.0853363 0.00908 0.0110819
6 0.21069 0.15902 0.02566 0.0298538
6 0.15318 0.161974 0.02168 0.0740058
6 0.18414 0.0935234 0.03236 0.0473392
6 0.17219 0.0947076 0.0299 0.0520468
6 0.26506 0.0706579 0.02408 0.025117
6 0.16151 0.103538 0.02014 0.0597076
6 0.48055 0.823655 0.00906 0.0128655
6 0.17268 0.155804 0.01136 0.0286257
6 0.14028 0.0478216 0.013 0.0232456
6 0.14232 0.17193 0.01408 0.0643275
6 0.21825 0.0647661 0.02974 0.0281287
6 0.16445 0.0506871 0.0127 0.0290351
6 0.22724 0.0424708 0.01656 0.0111404
6 0.15246 0.0512573 0.01156 0.0295906
6 0.2214 0.112471 0.02704 0.0341228
6 0.11869 0.0640936 0.01878 0.044386
6 0.46747 0.788567 0.03098 0.0778363
6 0.22544 0.132661 0.01152 0.015731
6 0.15462 0.11652 0.01964 0.0625146
6 0.23012 0.0859064 0.02312 0.0287135
6 0.23746 0.110702 0.0424 0.0418713
6 0.22388 0.171623 0.00904 0.0255848
6 0.12496 0.070117 0.02728 0.0511696
6 0.21219 0.0463596 0.01922 0.0189181
6 0.45073 0.804795 0.02858 0.045614
6 0.19544 0.0430556 0.02228 0.0131871
6 0.18746 0.0825439 0.04248 0.0380702
6 0.17837 0.116053 0.02746 0.0498246
6 0.28302 0.0648099 0.01396 0.0182164
6 0.18969 0.144942 0.01294 0.0279532
45 0.42594 0.57288 0.042 0.0554094
45 0.43274 0.71807 0.03724 0.0544444
45 0.30828 0.68193 0.04352 0.0460234
45 0.29166 0.466579 0.02272 0.0549708
45 0.4472 0.618889 0.03728 0.0550292
45 0.38204 0.685556 0.0562 0.0568421
45 0.38444 0.731506 0.04656 0.0464035
45 0.46669 0.699839 0.03282 0.0314912
45 0.5015 0.678743 0.0532 0.0973684
45 0.54743 0.68133 0.0531 0.112544
45 0.40422 0.583377 0.04296 0.0480409
45 0.36601 0.596667 0.04846 0.0664912
45 0.34504 0.673026 0.0312 0.0323099
45 0.34345 0.547763 0.04218 0.050731
45 0.41629 0.724985 0.03242 0.0504386
45 0.45621 0.662675 0.02066 0.0414912
45 0.41372 0.668684 0.03512 0.0434503
45 0.55021 0.759956 0.07046 0.120789
45 0.33311 0.644576 0.04186 0.0572807
45 0.47541 0.759985 0.04718 0.0969298
45 0.43676 0.664123 0.0362 0.0490058
45 0.29312 0.723494 0.04176 0.0544152
45 0.3408 0.591974 0.03424 0.0500877
45 0.3179 0.517266 0.02388 0.0401462
45 0.44366 0.710336 0.03304 0.0513743
45 0.31572 0.620468 0.04316 0.0510526
45 0.45962 0.707164 0.02252 0.0390058
45 0.29463 0.525205 0.02718 0.0584795
45 0.33709 0.71848 0.0541 0.0676608
45 0.37466 0.642617 0.0626 0.0486257
45 0.39349 0.558304 0.03222 0.0184211
45 0.37 0.544576 0.02304 0.034883
45 0.30481 0.488202 0.02498 0.0256433
45 0.39358 0.617076 0.02984 0.0261404
45 0.51987 0.78076 0.07402 0.0904094
45 0.41174 0.622792 0.02428 0.0458772
45 0.3191 0.58117 0.02768 0.0298246