33 0.279273 0.577271 0.0131209 0.0335621
33 0.334273 0.432402 0.0104085 0.0914052
33 0.274967 0.553252 0.0402614 0.200261
33 0.275131 0.675041 0.106993 0.211127
33 0.300368 0.610645 0.0394935 0.102827
33 0.279673 0.481626 0.0181699 0.0452778
33 0.276103 0.636667 0.0900817 0.17134
33 0.325752 0.706283 0.0502614 0.0561601
33 0.335074 0.529747 0.0998203 0.126095
33 0.250188 0.510531 0.0312582 0.0438399
33 0.335515 0.687614 0.0397549 0.0679412
33 0.40156 0.525629 0.041683 0.100147
33 0.370613 0.541332 0.0712908 0.0958987
33 0.365874 0.480931 0.0597222 0.139477
52 0.537884 0.580596 0.103448 0.114134
52 0.407108 0.721119 0.113072 0.103023
52 0.452402 0.605507 0.0921569 0.105
52 0.374886 0.641658 0.0921242 0.108382
52 0.496389 0.668881 0.100131 0.0846569