14 0.679602 0.640979 0.0860469 0.0609316
14 0.611898 0.494914 0.108828 0.133593
14 0.582422 0.556663 0.105937 0.108422
14 0.609555 0.617757 0.0941094 0.0821293
14 0.784375 0.392433 0.0554687 0.0911407
14 0.547391 0.57576 0.0856563 0.1273
14 0.670352 0.599781 0.106172 0.090019
14 0.700984 0.490048 0.0805 0.0719962
14 0.763016 0.616778 0.08 0.0719582
14 0.749141 0.425922 0.042875 0.0738593
14 0.868539 0.509696 0.0940781 0.100875
62 0.842859 0.418099 0.0249375 0.0601141
62 0.755781 0.45635 0.0664687 0.141901
62 0.82275 0.524021 0.0170313 0.0480418
62 0.761133 0.576207 0.0657344 0.142262
62 0.718352 0.536568 0.0602031 0.07827
62 0.853836 0.4648 0.0259844 0.0437072
11 0.466406 0.41019 0.130281 0.18924
11 0.599148 0.238964 0.155047 0.279259
11 0.688086 0.32366 0.137953 0.230513
11 0.377969 0.364068 0.111531 0.114791
11 0.554219 0.322975 0.09825 0.151844
11 0.488437 0.131036 0.199094 0.262072
11 0.370422 0.243992 0.212969 0.200646
38 0.499922 0.528593 0.632031 0.450989