22 0.386148 0.693242 0.116276 0.0758594
22 0.64404 0.57632 0.0913583 0.0642344
22 0.459731 0.643047 0.0907026 0.0608437
22 0.624157 0.644156 0.0974941 0.0548438
22 0.510527 0.494437 0.0922014 0.058
22 0.232752 0.638922 0.0585246 0.020875
22 0.701429 0.689023 0.109789 0.0757031
22 0.590667 0.591508 0.09 0.0582031
22 0.689719 0.630062 0.103653 0.0626875
22 0.362834 0.590117 0.0525527 0.0443594
22 0.234227 0.675164 0.0732319 0.0555469
22 0.108759 0.890422 0.121405 0.0892813
22 0.704485 0.609922 0.0812881 0.042375
22 0.611628 0.524117 0.0630211 0.0422344
22 0.306218 0.631555 0.0933255 0.0584844
22 0.539883 0.571484 0.0390164 0.026625
22 0.424801 0.593555 0.0903044 0.0625781
22 0.551194 0.650266 0.095644 0.067625
22 0.621909 0.701531 0.139368 0.0656562
22 0.376171 0.635117 0.0875176 0.0585781
22 0.290785 0.68875 0.119368 0.0689063
22 0.400796 0.542141 0.075082 0.0602188
22 0.58356 0.502617 0.0249649 0.0120156
22 0.765632 0.675102 0.0894379 0.0523906
22 0.558958 0.492453 0.0288759 0.0339062
22 0.504824 0.598203 0.0823888 0.0548125
22 0.571499 0.53707 0.08726 0.0583906
22 0.35541 0.568398 0.0482904 0.0415469
22 0.305644 0.601078 0.0547073 0.0186562
22 0.47377 0.545211 0.104169 0.0663594
22 0.75534 0.638273 0.078267 0.0350156
22 0.497073 0.700297 0.126323 0.072875
6 0.43041 0.356625 0.0264403 0.0413437
6 0.581756 0.342234 0.0732084 0.038375
6 0.70815 0.372188 0.0218735 0.0429062
6 0.730094 0.371945 0.0281967 0.0431406
6 0.0657963 0.166602 0.0379625 0.0294844
6 0.60274 0.289203 0.018829 0.02325
6 0.454098 0.332562 0.0306792 0.034625
6 0.826323 0.265477 0.0317096 0.0236406
6 0.674824 0.273742 0.0381733 0.0206094
6 0.640246 0.361148 0.0370726 0.0412656
6 0.342471 0.261156 0.0297658 0.0385
6 0.918899 0.286422 0.0370492 0.0268125
6 0.511253 0.221969 0.0257845 0.0285
6 0.258817 0.136984 0.0254098 0.0252188
6 0.886066 0.237375 0.021733 0.027625
6 0.693642 0.394242 0.032904 0.0461719
6 0.903794 0.286727 0.0355035 0.0253906
6 0.331429 0.207695 0.0318033 0.0233906
6 0.398466 0.341305 0.0275176 0.0338594
6 0.427927 0.323867 0.0275644 0.0321719
6 0.412892 0.378758 0.0248946 0.0357031
6 0.342283 0.149781 0.0338407 0.0173437
6 0.354614 0.349375 0.0207026 0.0255
6 0.821042 0.287672 0.0209133 0.0286875
6 0.643841 0.323508 0.024637 0.0412344
6 0.53404 0.301344 0.021897 0.0465313
6 0.197541 0.183289 0.0186417 0.0162344
6 0.23356 0.275641 0.036534 0.0435
6 0.500562 0.24793 0.0297424 0.0330156
6 0.205445 0.270406 0.0307494 0.04175
6 0.185035 0.399594 0.0351288 0.0615625
6 0.560562 0.245703 0.0577518 0.0250312
6 0.748583 0.296867 0.0333255 0.0203594
6 0.0930796 0.158148 0.0272834 0.0250156
6 0.484684 0.357883 0.0354567 0.0393906
6 0.843806 0.351664 0.02363 0.0286094
6 0.424742 0.337148 0.0280796 0.0369844
6 0.168525 0.167711 0.0473536 0.0453281
6 0.537881 0.364336 0.0340749 0.0463594
6 0.619778 0.313781 0.0298126 0.0487187
6 0.80144 0.266336 0.0188525 0.0222969
6 0.12137 0.270937 0.0460656 0.038
6 0.492869 0.299125 0.0257377 0.0197813
6 0.060281 0.188398 0.0232787 0.0165781
6 0.550187 0.275852 0.02726 0.0382656
6 0.419356 0.260609 0.0233489 0.0236875
6 0.396522 0.372195 0.0415222 0.0362969
6 0.469227 0.359695 0.0251522 0.0406094
6 0.631042 0.236266 0.0293911 0.0191875
6 0.188653 0.237102 0.0429742 0.0336406
6 0.743384 0.244477 0.0486885 0.0206094
6 0.387564 0.265484 0.0172834 0.0248125
6 0.325457 0.131297 0.0316159 0.0238125
6 0.809918 0.313477 0.0199766 0.0136719
6 0.283466 0.176367 0.0318033 0.0379844
6 0.822998 0.339547 0.0234192 0.0395
6 0.537705 0.221797 0.0387822 0.0278125
6 0.307857 0.149898 0.0224122 0.0246406
6 0.167506 0.318852 0.0219906 0.0224844
6 0.755398 0.357617 0.0525293 0.0302656
6 0.702646 0.275133 0.0271194 0.0251719
6 0.775644 0.22743 0.0329742 0.0173906
6 0.785012 0.341891 0.0309602 0.0375625
6 0.284778 0.25393 0.0345199 0.0438906
6 0.814906 0.274688 0.021897 0.0255625
6 0.207763 0.29693 0.0481733 0.0597969
6 0.226511 0.168883 0.0504918 0.0411406
6 0.926874 0.362508 0.0291569 0.0352031
6 0.172576 0.263172 0.040281 0.0345312
6 0.211452 0.207102 0.0677283 0.0294531
6 0.749251 0.261016 0.0473536 0.0219688
6 0.526756 0.263336 0.0325293 0.0297969
6 0.537752 0.3455 0.0377518 0.04325
6 0.562459 0.225422 0.0350351 0.023375
6 0.37377 0.343859 0.0255738 0.02925
6 0.486323 0.220062 0.0283841 0.0343437
6 0.58281 0.361695 0.0163934 0.0260156
6 0.847611 0.260328 0.0400468 0.02475
6 0.446218 0.283586 0.0229274 0.0341094
6 0.779918 0.255672 0.0210539 0.0287813
6 0.16493 0.367383 0.0378689 0.0482969
6 0.628349 0.285406 0.0325761 0.0293438
6 0.739438 0.365617 0.0523185 0.0405781
6 0.732881 0.297461 0.0321311 0.0289219
6 0.85466 0.217641 0.0592506 0.0148125
6 0.528829 0.244297 0.0492272 0.0235313
6 0.21103 0.387305 0.0374707 0.0426719
6 0.662752 0.255375 0.040726 0.0237813
6 0.516066 0.291172 0.0255269 0.0440313
6 0.109426 0.369922 0.0384778 0.0559063
6 0.277213 0.347898 0.0294145 0.0357344
6 0.918232 0.312344 0.0139813 0.0273438
6 0.341089 0.381227 0.0384309 0.0451094
6 0.575621 0.198891 0.0571429 0.0191875
6 0.724415 0.322453 0.0373536 0.0359063
6 0.197611 0.307375 0.0240281 0.035
6 0.132131 0.235227 0.0546604 0.0310156
6 0.336897 0.236039 0.0320141 0.0299219
6 0.727424 0.275797 0.0378923 0.02425
6 0.673852 0.320195 0.0421311 0.0357344
6 0.382225 0.272633 0.0225293 0.0329531
6 0.480796 0.307883 0.0148009 0.0234531
6 0.23007 0.399531 0.031007 0.0587812
6 0.859871 0.281578 0.0383372 0.01975
6 0.119953 0.336961 0.0578454 0.0441406
6 0.854052 0.330234 0.0430913 0.0339687
6 0.63952 0.379398 0.0293911 0.0488906
6 0.462553 0.284445 0.0318033 0.0367656
6 0.16048 0.393109 0.0531382 0.0489687
6 0.149754 0.717406 0.0319672 0.0255312
6 0.179848 0.716938 0.0347775 0.0285
6 0.498009 0.266375 0.0283841 0.0385313
6 0.567119 0.303867 0.0531616 0.0305469
6 0.266347 0.258555 0.0394379 0.0450469
6 0.917166 0.367766 0.0264637 0.0349375
6 0.450902 0.357242 0.0240047 0.0349531
6 0.462974 0.307414 0.0218267 0.0279219
6 0.319602 0.273211 0.027541 0.0442656
6 0.361745 0.396281 0.0281265 0.0372188
6 0.508548 0.366227 0.0244028 0.0496406
6 0.0872365 0.192625 0.0309602 0.0292812
6 0.294192 0.173031 0.0484778 0.0426562
6 0.316827 0.310547 0.0418033 0.0525625
6 0.40555 0.28625 0.0277283 0.0300625
6 0.165117 0.299953 0.0503747 0.0430938
6 0.36192 0.242008 0.0380796 0.0350156
6 0.876194 0.279797 0.0215222 0.0181875
6 0.667916 0.296719 0.0469321 0.0265625
6 0.55534 0.205156 0.0425761 0.02625
6 0.237986 0.184609 0.0177049 0.03825
6 0.314813 0.247297 0.0321546 0.0402187
6 0.312459 0.168977 0.0528806 0.0329531
6 0.902307 0.306977 0.0274707 0.0353906
6 0.47774 0.276414 0.0625527 0.0329531
6 0.374848 0.3205 0.0323185 0.0312812
6 0.892143 0.367547 0.0225059 0.0437813
6 0.682166 0.252062 0.0298595 0.0169063
6 0.233782 0.336297 0.0312646 0.0304063
6 0.286499 0.321719 0.0421311 0.0521563
6 0.221944 0.230891 0.0540515 0.0348125
6 0.302951 0.128211 0.0290398 0.0239219
6 0.223747 0.161086 0.0488993 0.0248281
6 0.819368 0.22968 0.0204684 0.0210781
6 0.533724 0.201797 0.0348478 0.0255
6 0.804438 0.341953 0.0196019 0.0411562
6 0.762073 0.244188 0.0384309 0.0225625
6 0.854801 0.22618 0.0394379 0.0196094
6 0.660164 0.221883 0.0315691 0.0115469
6 0.57041 0.272742 0.0492037 0.0332969
6 0.202014 0.700672 0.0271194 0.0120938
6 0.60315 0.262305 0.031452 0.0188594
6 0.195468 0.341023 0.0480796 0.0427344
6 0.917213 0.256883 0.0334426 0.0285156
6 0.222728 0.359625 0.040726 0.0143437
6 0.137822 0.155609 0.0151288 0.023
6 0.421499 0.301867 0.0225761 0.0168594
6 0.641546 0.258703 0.03274 0.0291875
6 0.623279 0.257711 0.0227166 0.0300469
6 0.838185 0.243695 0.0233489 0.0210156
6 0.32445 0.153141 0.0254333 0.0245312
6 0.425796 0.393883 0.020726 0.0329531
6 0.149403 0.688906 0.0511241 0.0335312
6 0.145585 0.265477 0.0411007 0.0372656
6 0.646499 0.303516 0.0319672 0.0295312
6 0.739087 0.225141 0.0390632 0.0183125
6 0.611335 0.384461 0.0278689 0.0473281
6 0.116628 0.175289 0.0239813 0.0222656
6 0.854696 0.295164 0.030281 0.0247656
6 0.886183 0.287539 0.017377 0.0300781
6 0.132576 0.291492 0.058267 0.0386719
6 0.289778 0.27907 0.0335597 0.0388906
6 0.709977 0.220609 0.0309133 0.0169687
6 0.106593 0.261602 0.0577752 0.0325469
6 0.254883 0.221859 0.0245199 0.0242812
6 0.759239 0.325578 0.0160422 0.0175
6 0.344379 0.311641 0.0214988 0.0342187
6 0.557342 0.346477 0.0448478 0.0437969
6 0.0918735 0.173688 0.0258548 0.0141875
6 0.778103 0.280281 0.0187354 0.0239063
6 0.476663 0.248281 0.0189461 0.0305
6 0.402014 0.305156 0.0157845 0.012375
6 0.208525 0.716047 0.0444028 0.0232812