59 0.767961 0.19028 0.231328 0.347506
59 0.650742 0.0899068 0.235172 0.179814
59 0.536891 0.18472 0.232281 0.330047
42 0.853641 0.629639 0.0926562 0.0840326
42 0.844828 0.480839 0.0927813 0.0656876
42 0.557234 0.890629 0.114312 0.139394
42 0.304063 0.22641 0.111969 0.134779
42 0.178609 0.278228 0.131438 0.1931
42 0.279172 0.340221 0.14975 0.140256
42 0.686258 0.424149 0.0877656 0.0833566
42 0.877188 0.942005 0.113813 0.0569231
42 0.384469 0.287343 0.122 0.159021
42 0.926602 0.616783 0.0764531 0.0594872
42 0.232711 0.445233 0.0681719 0.0842191
42 0.951937 0.836107 0.0509063 0.0628904
8 0.628891 0.444709 0.0419375 0.0420513
8 0.444375 0.469242 0.0492812 0.0594172
8 0.836742 0.882273 0.0817344 0.0682284
8 0.374734 0.125012 0.280062 0.249091
8 0.864812 0.577179 0.0377813 0.0323077
8 0.834297 0.709744 0.0465625 0.0404196
8 0.650367 0.839033 0.0421094 0.0443124
8 0.232789 0.655455 0.0498281 0.0481585
8 0.82 0.60866 0.0245625 0.0292541
8 0.612242 0.602995 0.0246406 0.0462238
8 0.685484 0.724499 0.0712812 0.0515618
8 0.73082 0.468042 0.0219844 0.0391608
8 0.710906 0.472844 0.0297187 0.0333333
8 0.632211 0.563345 0.0497969 0.0332168
8 0.333812 0.490699 0.0373437 0.0412587