11 0.689273 0.7087 0.0659844 0.101288
11 0.266445 0.597131 0.117922 0.175293
11 0.171469 0.201768 0.0427812 0.0630679
11 0.705305 0.109871 0.0550469 0.0930913
11 0.359602 0.240621 0.121609 0.122459
11 0.123508 0.237693 0.0430781 0.0692506
11 0.209461 0.855176 0.125234 0.139859
11 0.0462266 0.0704801 0.0487969 0.06274
11 0.0631562 0.383197 0.126312 0.216604
11 0.266734 0.338396 0.0451875 0.0568384
11 0.585602 0.228864 0.101703 0.133841
11 0.479594 0.133677 0.0725625 0.0718501
11 0.46432 0.320855 0.101391 0.0819438