11 0.740648 0.623323 0.127922 0.154646
11 0.647602 0.453969 0.114078 0.126438
11 0.540945 0.700698 0.0840469 0.153979
11 0.639469 0.706125 0.041375 0.0699167
11 0.702547 0.493812 0.111688 0.119917
11 0.493609 0.53476 0.111437 0.155438
11 0.845734 0.61501 0.0723437 0.0771458
11 0.924078 0.661969 0.068125 0.106854
11 0.790992 0.632365 0.0150469 0.0542292
38 0.356172 0.140063 0.049 0.0329583
38 0.0833359 0.235823 0.136391 0.121854
1 0.373422 0.646979 0.141125 0.193042
1 0.358813 0.521823 0.1365 0.148938
1 0.216453 0.536073 0.128094 0.147104
1 0.240211 0.625042 0.142016 0.191208