50 0.278907 0.51621 0.23488 0.57822
43 0.549653 0.74334 0.0399467 0.05608
43 0.59932 0.48427 0.0539467 0.05078
43 0.60148 0.39873 0.0618933 0.07882
43 0.382693 0.61158 0.0337067 0.03932
43 0.365813 0.66619 0.03536 0.05142
43 0.587307 0.54548 0.0560533 0.03712
43 0.38632 0.46182 0.0564267 0.07728
43 0.60928 0.65987 0.0474667 0.04394
43 0.261213 0.43721 0.03704 0.03442
43 0.392547 0.39011 0.0416267 0.08374
43 0.38808 0.54952 0.0279467 0.03552
43 0.577267 0.71918 0.0337867 0.04224
43 0.604267 0.59148 0.07488 0.04304
43 0.364227 0.58015 0.0473333 0.03702