8 0.683302 0.734695 0.0408125 0.0335781
8 0.510854 0.807516 0.0374583 0.0232812
8 0.313271 0.726609 0.0424583 0.0334688
8 0.32724 0.776477 0.0615208 0.0305469
8 0.728229 0.673164 0.0305417 0.0145156
8 0.623396 0.727148 0.051625 0.0294844
8 0.391302 0.67857 0.0459792 0.0295469
8 0.442198 0.805031 0.0423958 0.0271875
8 0.394417 0.750273 0.036125 0.0227031
8 0.842031 0.859742 0.0410208 0.0317969
8 0.235729 0.819156 0.0444583 0.024875
8 0.24051 0.700313 0.0437708 0.0210313
8 0.484448 0.642656 0.0263125 0.01225
8 0.175458 0.756203 0.0405 0.0274063
8 0.59275 0.862203 0.0372083 0.021625
8 0.214552 0.753766 0.0288125 0.0187187
8 0.171229 0.715625 0.0409583 0.0246562
8 0.745229 0.801914 0.0388333 0.0263594
8 0.653667 0.672141 0.0492083 0.017625
8 0.689167 0.6795 0.026 0.0184687
8 0.697781 0.667219 0.0423542 0.0197188
8 0.67351 0.76518 0.0242708 0.0205156
8 0.157458 0.687734 0.041 0.0294375
8 0.784792 0.7115 0.03775 0.01575
8 0.608198 0.750391 0.0458958 0.0262188
8 0.251115 0.671633 0.0345625 0.0138594
8 0.487927 0.685898 0.0478542 0.0179531
8 0.674646 0.710383 0.0416667 0.0252031
8 0.546135 0.625586 0.0345208 0.0138594
8 0.459146 0.661133 0.0460833 0.0220469
8 0.665771 0.834961 0.0359583 0.0292344
8 0.283479 0.756797 0.0294167 0.01975
8 0.143458 0.843766 0.0245 0.0296563
8 0.299 0.65143 0.020125 0.0148281
8 0.725437 0.845703 0.0333333 0.0180312
8 0.351917 0.75882 0.0424583 0.0271094
8 0.58001 0.666227 0.0283125 0.0126406
8 0.449135 0.672906 0.0381875 0.013625
8 0.801417 0.752047 0.0273333 0.027125
8 0.326469 0.868719 0.0256458 0.0210313
8 0.709083 0.811523 0.0499167 0.0222969
8 0.520156 0.763422 0.0382708 0.0146563
8 0.314354 0.659539 0.0300833 0.0169219
8 0.21074 0.783336 0.0423958 0.0230781
8 0.453271 0.780484 0.021875 0.0117813
8 0.836063 0.721922 0.0280417 0.0171875
8 0.737406 0.827055 0.0160625 0.0192344
8 0.700365 0.65175 0.0310625 0.0206563
8 0.302896 0.725047 0.0300833 0.00896875
8 0.196021 0.664844 0.0198333 0.0138437
8 0.154135 0.833734 0.0198125 0.0140937