11 0.799891 0.626643 0.0569375 0.127324
11 0.867969 0.551385 0.112094 0.213192
11 0.845422 0.329225 0.110906 0.173662
11 0.716203 0.282864 0.0804375 0.132629
11 0.761539 0.573944 0.166234 0.239249
11 0.627859 0.135141 0.170063 0.208592
11 0.790648 0.396984 0.139234 0.158192
11 0.798148 0.166972 0.123359 0.187465
12 0.500797 0.117101 0.118313 0.173404
12 0.396172 0.108228 0.128906 0.189836
12 0.729469 0.874014 0.129438 0.19939
12 0.687969 0.677418 0.0965938 0.213052
12 0.316523 0.455716 0.211578 0.189366
12 0.264148 0.107265 0.187266 0.195094
12 0.292422 0.283322 0.167687 0.177066
12 0.382945 0.625469 0.184172 0.207042
14 0.538773 0.990153 0.0636406 0.0196948
14 0.632055 0.65108 0.0813281 0.0955399
14 0.582203 0.843803 0.104313 0.174413
14 0.510477 0.886702 0.111984 0.15993
14 0.515164 0.614601 0.0916406 0.12277
14 0.609695 0.968638 0.0928906 0.0601878
14 0.654719 0.917793 0.0956875 0.164413
14 0.645961 0.778204 0.0818906 0.122042
14 0.406719 0.845892 0.121875 0.186901
14 0.461086 0.746655 0.0920469 0.12777
14 0.606484 0.713521 0.0708438 0.0977465
14 0.533359 0.759531 0.086625 0.114883
14 0.550672 0.658204 0.0848437 0.111385