44 0.5412 0.579027 0.16404 0.247067
44 0.66753 0.33984 0.13466 0.214933
44 0.64888 0.531387 0.16232 0.07136
44 0.40562 0.619493 0.09404 0.16768
44 0.66028 0.65808 0.16784 0.141173
44 0.41839 0.463667 0.16626 0.178053
44 0.6605 0.5742 0.1448 0.07176
44 0.52409 0.331587 0.21298 0.20552
44 0.59443 0.725307 0.08726 0.06544
44 0.36258 0.449747 0.07104 0.110053
44 0.50083 0.66188 0.12934 0.2252
44 0.65835 0.450987 0.1735 0.170507
41 0.27041 0.791027 0.10166 0.224613
41 0.85567 0.470453 0.11338 0.291147
41 0.5398 0.79204 0.10572 0.141627
41 0.54527 0.941013 0.19726 0.116267
41 0.54867 0.08384 0.12142 0.111093
41 0.37596 0.87632 0.1414 0.21936
41 0.72371 0.885907 0.21914 0.129787
41 0.39538 0.258293 0.08712 0.07712
41 0.34262 0.19068 0.08876 0.103547
41 0.55312 0.232 0.16796 0.185547
41 0.71887 0.162813 0.0973 0.1964
41 0.82899 0.278827 0.0383 0.0730667
41 0.4531 0.771573 0.07744 0.166987
41 0.77298 0.169147 0.025 0.107947
41 0.21491 0.676453 0.08154 0.168213
41 0.20105 0.453507 0.0911 0.228987
41 0.81385 0.67432 0.17138 0.1888
6 0.77735 0.278507 0.10634 0.11552
6 0.27959 0.398267 0.09114 0.151893
6 0.41311 0.785733 0.09162 0.123147
6 0.54626 0.441907 0.1094 0.155173
6 0.81832 0.37448 0.13488 0.126933
6 0.4194 0.16972 0.09764 0.12472
6 0.57667 0.88356 0.10342 0.135227
6 0.2942 0.62696 0.10264 0.114773
6 0.77787 0.62184 0.14346 0.16
6 0.47982 0.872787 0.09056 0.129627
6 0.23951 0.527893 0.10318 0.14976
6 0.79982 0.498547 0.12768 0.12248
6 0.60932 0.136347 0.09644 0.14352
6 0.75208 0.757667 0.12944 0.155173
6 0.32008 0.28384 0.10768 0.113333
6 0.33191 0.728973 0.12018 0.132293
6 0.64287 0.813093 0.1103 0.149333
6 0.49855 0.109773 0.09766 0.116187
6 0.69516 0.189787 0.10268 0.157013