11 0.0987578 0.134217 0.197516 0.268435
11 0.739672 0.287535 0.296594 0.196519
11 0.412141 0.584685 0.366344 0.3575
11 0.488391 0.294591 0.272125 0.329463
11 0.206617 0.213435 0.195734 0.149252
11 0.0846094 0.384357 0.169219 0.315537
11 0.13618 0.739065 0.272359 0.372056
11 0.680844 0.189895 0.232625 0.195724
11 0.339141 0.15028 0.442406 0.300561
11 0.24782 0.429439 0.289359 0.311215
12 0.810656 0.417138 0.156438 0.205864
12 0.943031 0.404965 0.113937 0.244089
12 0.79818 0.671647 0.207016 0.395164
12 0.661047 0.471916 0.21125 0.288551
12 0.929828 0.608388 0.140344 0.268925
12 0.643422 0.787804 0.244438 0.371075
12 0.403164 0.79493 0.230922 0.329439