1 0.800778 0.18182 0.398443 0.220172
1 0.847571 0.435742 0.304858 0.314641
1 0.637347 0.630086 0.444693 0.293672
1 0.608526 0.0957734 0.224835 0.105672
1 0.111238 0.585227 0.208278 0.135516
1 0.790684 0.736289 0.418113 0.124359
1 0.136026 0.73432 0.272052 0.231578
1 0.554245 0.225867 0.27684 0.171891
1 0.537182 0.374195 0.36941 0.206328
1 0.0564505 0.07625 0.112901 0.1525
1 0.0300354 0.507102 0.0569104 0.193078
1 0.926698 0.0406406 0.146604 0.0812812
1 0.144788 0.416922 0.280283 0.190781
1 0.0970165 0.256695 0.190024 0.116797
1 0.24329 0.134258 0.310825 0.207797
1 0.920696 0.680805 0.13908 0.0657344
1 0.991085 0.662148 0.0178302 0.128859
1 0.852382 0.2625 0.271792 0.166375