44 0.522313 0.37425 0.08025 0.102625
44 0.297203 0.535396 0.0933125 0.112458
44 0.327758 0.676083 0.130609 0.181167
44 0.540953 0.438719 0.0855625 0.0651458
44 0.599883 0.364792 0.0806719 0.087625
44 0.465187 0.321833 0.0541875 0.0895
44 0.2415 0.616656 0.130812 0.152896
44 0.203547 0.528021 0.101844 0.136042
44 0.102789 0.591375 0.127578 0.135542
44 0.358609 0.403552 0.092125 0.124229
44 0.332477 0.364958 0.0855156 0.0970833
44 0.458641 0.449875 0.0909688 0.0469167
44 0.404953 0.305698 0.0827187 0.113854
44 0.499484 0.315531 0.0459062 0.0545625
44 0.593578 0.421823 0.0768438 0.0742708
44 0.173352 0.484729 0.0831719 0.092875
44 0.910203 0.570187 0.118063 0.1305
44 0.403414 0.446583 0.0465469 0.0464167
44 0.487336 0.422385 0.0367344 0.0482292
44 0.549891 0.297177 0.0788438 0.109229
44 0.305688 0.423729 0.0354063 0.055875
44 0.442 0.386844 0.0899062 0.104271