46 0.0586094 0.687521 0.113094 0.153787
46 0.214023 0.751328 0.114953 0.138975
46 0.017875 0.623389 0.03575 0.15364
46 0.0707734 0.552573 0.0931094 0.136192
46 0.0247812 0.119623 0.0495625 0.106485
46 0.254383 0.675795 0.0964531 0.105105
46 0.138102 0.498567 0.0404219 0.0661715
46 0.212641 0.889571 0.192875 0.198431
14 0.414906 0.0635879 0.1245 0.123368
14 0.902719 0.337354 0.0855937 0.161192
14 0.933336 0.186538 0.123422 0.224121
14 0.212414 0.178902 0.0510156 0.0692259
14 0.139063 0.723504 0.0810312 0.127218
14 0.445102 0.546506 0.0924844 0.220084
11 0.0921172 0.862856 0.181891 0.267887