11 0.597477 0.555063 0.0798594 0.168542
11 0.239312 0.964104 0.064625 0.065625
11 0.532367 0.641073 0.0697344 0.174563
11 0.184687 0.941854 0.078875 0.116292
11 0.762703 0.606479 0.129375 0.16425
11 0.65957 0.492083 0.111734 0.170833
11 0.747297 0.456667 0.0540312 0.09025
11 0.946812 0.512104 0.106375 0.257167
11 0.306188 0.391615 0.166031 0.123979
11 0.278445 0.297896 0.0651406 0.0930417
11 0.56032 0.748563 0.133609 0.186792
11 0.311062 0.683469 0.111937 0.326354
11 0.483359 0.728104 0.0359063 0.102625
11 0.834289 0.516313 0.125828 0.119875
11 0.244211 0.538177 0.115859 0.163354
11 0.421727 0.346375 0.138828 0.223542
11 0.0632344 0.909542 0.125 0.169083
11 0.468594 0.509104 0.0448125 0.0817917
11 0.42 0.565073 0.144156 0.237396
11 0.0956562 0.47599 0.191312 0.216979
11 0.938148 0.917646 0.123047 0.161958
52 0.305719 0.390437 0.165031 0.12525
52 0.610523 0.878312 0.160922 0.125542
52 0.0996016 0.321781 0.109234 0.134438
52 0.945875 0.769198 0.10825 0.177604
52 0.334984 0.902177 0.254812 0.193062
52 0.422914 0.779885 0.155547 0.249271
52 0.600734 0.667396 0.142187 0.187292
52 0.556805 0.436594 0.160578 0.265396
52 0.0964922 0.699521 0.177328 0.307708
52 0.195414 0.58026 0.140141 0.259062
52 0.782336 0.778302 0.268859 0.210687
52 0.70243 0.838875 0.207891 0.192958
52 0.205367 0.317271 0.135078 0.228667
59 0.216305 0.100833 0.312672 0.201667
59 0.846492 0.612656 0.269359 0.172312
59 0.50125 0.135958 0.306125 0.271917
59 0.149477 0.185188 0.198641 0.247042
59 0.777398 0.276583 0.166953 0.2695
59 0.920547 0.242 0.156031 0.245167
59 0.320805 0.0644688 0.179078 0.124479
59 0.848945 0.429042 0.137766 0.149208
59 0.446805 0.0284167 0.110578 0.0557917
59 0.76293 0.0855 0.188484 0.171
59 0.691813 0.326927 0.130781 0.185646
59 0.0678438 0.190531 0.0913125 0.172813
59 0.653844 0.222604 0.170219 0.180917
59 0.64807 0.0474792 0.0562344 0.0949583