6 0.367345 0.105817 0.139853 0.204673
6 0.482337 0.0847549 0.221601 0.16951
56 0.567672 0.731773 0.0632843 0.0665196
56 0.0770588 0.726266 0.0465359 0.0439052
56 0.0546732 0.674477 0.0604902 0.053268
56 0.575147 0.821348 0.0690196 0.0658007
56 0.0307026 0.648105 0.0614052 0.0614052
56 0.525989 0.764371 0.0729248 0.0640033
56 0.0899346 0.683219 0.0538562 0.0466013
56 0.503562 0.819158 0.0550654 0.0639706
56 0.0226225 0.726225 0.0452451 0.0973856
56 0.46018 0.85741 0.0465359 0.0515196
56 0.460474 0.915376 0.0674837 0.0639216
56 0.496961 0.882565 0.0575817 0.0588235
56 0.0219608 0.823962 0.0439216 0.0624346
56 0.535605 0.848595 0.059281 0.0641176
56 0.5571 0.790155 0.0584804 0.0603105
56 0.485719 0.73844 0.0284967 0.0351797
56 0.0501634 0.778243 0.0642157 0.052598