11 0.143937 0.300156 0.272906 0.316531
23 0.904445 0.567141 0.191109 0.491281
23 0.924586 0.673094 0.149297 0.54
23 0.965219 0.829805 0.0678438 0.165703
23 0.837813 0.547961 0.216656 0.475016
59 0.0629062 0.552383 0.125812 0.195484
59 0.121617 0.66125 0.157641 0.159688
59 0.0826484 0.767406 0.165297 0.224781
59 0.334008 0.505477 0.130359 0.175359
59 0.196461 0.499602 0.211828 0.201422
59 0.267055 0.673992 0.189797 0.198328
42 0.739234 0.156266 0.0423437 0.0505313
42 0.787102 0.160062 0.0778906 0.0759688
42 0.646914 0.197523 0.0675781 0.0609844
42 0.775734 0.247664 0.0746875 0.0738594
42 0.730773 0.276367 0.0772969 0.0454531
42 0.678539 0.220234 0.0651719 0.0765938
42 0.632461 0.24707 0.0387031 0.0488594
42 0.738828 0.213234 0.0824063 0.0723437
42 0.658695 0.270469 0.0683281 0.0557187
43 0.332422 0.856359 0.168531 0.15325
43 0.385898 0.75018 0.111578 0.252109
43 0.212047 0.835133 0.148313 0.140391