6 0.805727 0.0376719 0.128891 0.0753438
6 0.617266 0.0974844 0.0799688 0.193531
6 0.536555 0.0921094 0.104734 0.155062
41 0.54332 0.613023 0.493828 0.498984
57 0.665102 0.980641 0.0756406 0.0387188
57 0.341336 0.854266 0.0734844 0.08375
57 0.878313 0.888406 0.115062 0.115062
57 0.288648 0.933016 0.115859 0.129344
57 0.634984 0.887797 0.159656 0.161906
57 0.277734 0.864172 0.0790937 0.06475
57 0.402695 0.918258 0.125891 0.125641
57 0.561797 0.937531 0.141219 0.124937
57 0.95207 0.936156 0.0958594 0.127688
57 0.218852 0.947828 0.0894844 0.104344
57 0.462141 0.879984 0.077125 0.0644062
57 0.33125 0.765875 0.0631562 0.07275
57 0.359727 0.980414 0.0440781 0.0391719
57 0.408914 0.83575 0.0531094 0.0420625
57 0.792891 0.940375 0.121625 0.11925
57 0.701766 0.945141 0.0650625 0.109719
57 0.447242 0.94818 0.137766 0.103641
57 0.903273 0.967594 0.108141 0.0648125
51 0.263711 0.378992 0.523703 0.756297
44 0.688117 0.220242 0.154703 0.131641
44 0.794047 0.123086 0.148313 0.161172
44 0.921695 0.124414 0.156609 0.181828
1 0.812719 0.225445 0.137156 0.0825781
1 0.545016 0.227563 0.154938 0.160562
1 0.606633 0.281766 0.165109 0.0655937
1 0.428469 0.273648 0.148719 0.0943594