11 0.603734 0.20123 0.04475 0.0931323
11 0.500539 0.695789 0.0997656 0.156497
11 0.591297 0.891984 0.0451875 0.0422042
11 0.684578 0.43297 0.138875 0.156241
11 0.430383 0.18949 0.0345469 0.0839907
11 0.534094 0.909919 0.0326562 0.0294896
11 0.383664 0.617181 0.0380156 0.057935
11 0.718219 0.650104 0.0831875 0.102019
11 0.326133 0.516531 0.0227969 0.0294896
11 0.445625 0.880197 0.035875 0.0459629
11 0.257125 0.541067 0.0509063 0.0875638
11 0.52218 0.497459 0.0368281 0.0602552
11 0.454391 0.422506 0.0417812 0.150534
11 0.487852 0.282761 0.0885156 0.162459
11 0.558688 0.217552 0.0814688 0.0968677
11 0.353805 0.412784 0.0669531 0.152854
11 0.326773 0.425661 0.0347656 0.0333179
59 0.467203 0.539385 0.03475 0.0720418
59 0.319398 0.285023 0.0467344 0.07
59 0.375953 0.214281 0.0415 0.0730626
59 0.629133 0.842749 0.0314531 0.0484687
59 0.625164 0.477297 0.0449219 0.0802552
59 0.420719 0.313434 0.032125 0.0454756
59 0.687352 0.253225 0.0688594 0.110905
59 0.592203 0.579571 0.057625 0.101369
59 0.405164 0.737401 0.0416094 0.0695592
59 0.452289 0.781752 0.0430156 0.0768677
59 0.737906 0.752877 0.060125 0.0794896
59 0.717242 0.809408 0.0261094 0.0506032
59 0.269977 0.703515 0.0283281 0.0586775
59 0.507477 0.924745 0.0333594 0.0489791
59 0.723891 0.842923 0.0386875 0.0459397
59 0.558398 0.811624 0.0381094 0.123805
59 0.475859 0.171415 0.0440625 0.0474246
59 0.641492 0.928422 0.0341094 0.0514617
59 0.763687 0.534258 0.069875 0.0555684
59 0.597742 0.840974 0.0375469 0.0521114
59 0.766484 0.566798 0.0713125 0.0864965
59 0.407281 0.225278 0.0249062 0.0996984
14 0.292836 0.464246 0.0314844 0.302831
14 0.736859 0.318794 0.04925 0.0660325
14 0.500719 0.385406 0.0964688 0.109002
14 0.496344 0.84848 0.125469 0.242251
14 0.271789 0.375626 0.0274531 0.0783991
14 0.287102 0.361369 0.0274531 0.1
14 0.340727 0.624385 0.0545469 0.0958701
14 0.558922 0.814014 0.0369375 0.119814
14 0.58107 0.520035 0.0691719 0.0223434
14 0.766359 0.567471 0.0719375 0.0856613
14 0.626023 0.52877 0.0210781 0.0687239
14 0.419875 0.23906 0.03275 0.0714385
14 0.706867 0.512483 0.0383594 0.0474246