14 0.51573 0.85808 0.02382 0.0210667
14 0.43965 0.643387 0.0175 0.0208
14 0.64756 0.6742 0.0232 0.0134133
14 0.67014 0.83784 0.0384 0.06432
14 0.69833 0.887027 0.0873 0.0977867
14 0.66074 0.782307 0.02852 0.0340533
14 0.8888 0.840947 0.07256 0.08136
14 0.67651 0.755187 0.06502 0.0171467
14 0.43126 0.917267 0.03944 0.0841867
14 0.66897 0.672453 0.0703 0.05536
14 0.48789 0.454213 0.00978 0.0227733
14 0.91167 0.78728 0.12022 0.0619733
14 0.66487 0.679093 0.05654 0.0253867
14 0.49825 0.921933 0.01058 0.01
14 0.74832 0.783507 0.08732 0.181787
14 0.50545 0.337333 0.00758 0.01728
14 0.48172 0.929533 0.02708 0.0433333
14 0.60693 0.738987 0.01986 0.04592
14 0.93454 0.725787 0.12336 0.122347
14 0.59383 0.621413 0.0179 0.0248533
14 0.57222 0.72544 0.02212 0.0184533
14 0.68614 0.757827 0.08424 0.0458933
14 0.32217 0.865427 0.0567 0.0276
14 0.38189 0.640133 0.0409 0.0271467
14 0.59413 0.9838 0.0217 0.03096
14 0.36181 0.576453 0.01422 0.0266667
14 0.36886 0.532227 0.01612 0.05608
14 0.33251 0.742053 0.02142 0.0192533
14 0.69118 0.93596 0.05952 0.0623733
14 0.68619 0.710813 0.0929 0.0280267
14 0.67133 0.90804 0.02082 0.0262667
14 0.4429 0.47928 0.00856 0.01504
14 0.51431 0.682533 0.0283 0.01216
14 0.65117 0.647187 0.01682 0.01144
14 0.25704 0.782307 0.04636 0.018
14 0.36336 0.594293 0.01788 0.03872
14 0.41934 0.281373 0.00832 0.0145333
14 0.33835 0.275133 0.00578 0.0179467
14 0.28797 0.907867 0.10898 0.12944
14 0.44345 0.692933 0.06326 0.0130667
14 0.33393 0.762173 0.02078 0.02488
14 0.33935 0.8182 0.0175 0.0379467
14 0.39864 0.963333 0.0296 0.0615467
14 0.4157 0.61268 0.0134 0.0124533
14 0.39698 0.929907 0.02604 0.04328
14 0.59749 0.8644 0.02918 0.0446933
14 0.5693 0.680547 0.01068 0.01448
14 0.33856 0.701587 0.00576 0.0230667
14 0.67099 0.7022 0.0697 0.0568267
14 0.89826 0.711187 0.108 0.06984
14 0.3963 0.160387 0.02552 0.0307467
14 0.37352 0.407387 0.0346 0.0557333
14 0.34546 0.894773 0.01072 0.03104
14 0.43583 0.922667 0.0129 0.0242133
14 0.4656 0.897867 0.012 0.016
14 0.46345 0.934773 0.02118 0.0280533
14 0.32596 0.672467 0.02864 0.03912
14 0.53294 0.93584 0.02708 0.0152
14 0.66946 0.894667 0.02164 0.0232533
14 0.62222 0.881093 0.02176 0.0298133
14 0.32668 0.925813 0.05672 0.0661333