57 0.629916 0.529992 0.0391632 0.0469219
57 0.512218 0.480711 0.0348117 0.0457031
57 0.440377 0.448797 0.0408787 0.0459375
57 0.609676 0.525852 0.0342469 0.0347031
57 0.621506 0.488594 0.0336402 0.03975
57 0.585962 0.502508 0.0401674 0.0525781
9 0.547437 0.496273 0.0429079 0.0381406
9 0.538347 0.458594 0.0253975 0.0125625
9 0.661203 0.525828 0.0315272 0.0334375
9 0.392615 0.429914 0.0329289 0.0252344
9 0.281862 0.381477 0.0241423 0.0160781
9 0.325188 0.395227 0.0333054 0.0282031
9 0.816527 0.659344 0.0510879 0.0389062