11 0.366687 0.556932 0.199531 0.224543
11 0.304172 0.408759 0.169625 0.0869789
11 0.137359 0.446042 0.05575 0.101546
11 0.235359 0.491042 0.178125 0.198618
11 0.4205 0.447623 0.152875 0.206112
11 0.172445 0.34267 0.117172 0.117799
11 0.321617 0.303665 0.155047 0.108876
52 0.401125 0.227365 0.0315 0.0477049
52 0.457289 0.214028 0.0332031 0.0415457
52 0.484656 0.243326 0.0689687 0.074192
52 0.471063 0.305246 0.0895937 0.128384
52 0.534719 0.291534 0.046375 0.0140749
52 0.357016 0.256464 0.071875 0.0613115
52 0.41875 0.194461 0.055 0.064192
52 0.465914 0.189567 0.0651406 0.0366042
52 0.584969 0.18041 0.038125 0.0599766
52 0.378461 0.207307 0.0425781 0.0470258
52 0.499352 0.206628 0.0219219 0.0224356
52 0.523906 0.271382 0.0421562 0.0406557
52 0.588703 0.238056 0.0378125 0.0587354