14 0.497977 0.467562 0.115766 0.0710417
14 0.534641 0.541875 0.0865313 0.0598333
14 0.671156 0.439573 0.0705625 0.146604
14 0.628437 0.498125 0.039625 0.05125
14 0.430664 0.845677 0.111109 0.0532708
14 0.594383 0.705146 0.0722344 0.1085
14 0.49893 0.612823 0.0769219 0.108729
14 0.556523 0.457302 0.0221094 0.0356458
14 0.446555 0.37926 0.0218906 0.0356042
14 0.428398 0.272708 0.0681406 0.070875
14 0.582367 0.602656 0.0534844 0.105271
14 0.480547 0.545167 0.0293438 0.0265417
14 0.614867 0.63549 0.0326406 0.0573958