14 0.583083 0.664281 0.0680833 0.222062
14 0.62949 0.60607 0.252021 0.447672
14 0.512323 0.18518 0.0665208 0.0352344
14 0.352344 0.613672 0.302271 0.399469
14 0.622958 0.190328 0.0377083 0.0330937
14 0.74524 0.189883 0.0341042 0.0280469
14 0.549833 0.187219 0.0785 0.040375
14 0.44575 0.701031 0.076125 0.285344
14 0.467083 0.618188 0.139833 0.461656
14 0.467896 0.183656 0.0893333 0.0366875
14 0.582594 0.188602 0.0565208 0.0383281
14 0.659792 0.18825 0.0425833 0.0403125
14 0.65275 0.694352 0.0942917 0.473703
14 0.387677 0.705211 0.145187 0.394391
14 0.702063 0.188773 0.036 0.0322031
4 0.488885 0.290922 0.517479 0.0507812
4 0.58676 0.215078 0.405479 0.0371875
4 0.501781 0.262422 0.486896 0.0503125
4 0.609 0.243828 0.368583 0.0286563
4 0.492083 0.27632 0.448708 0.0342656
4 0.545417 0.257453 0.357 0.0241875
4 0.56126 0.252062 0.420312 0.0406562