15 0.883095 0.314102 0.0545963 0.0237969
15 0.776149 0.324438 0.0598344 0.0238125
15 0.603219 0.312516 0.0473499 0.0320937
15 0.557433 0.352164 0.0631884 0.0453281
15 0.79205 0.300563 0.0573913 0.0361875
15 0.68528 0.330914 0.104555 0.0284531
15 0.65852 0.295508 0.122091 0.0666719
15 0.695756 0.277945 0.082029 0.0380781
15 0.579855 0.332391 0.0534161 0.0347812
15 0.209317 0.359617 0.0652588 0.0247656
59 0.485424 0.49393 0.185921 0.141859
59 0.498292 0.436461 0.151491 0.0386094
59 0.695611 0.482594 0.147288 0.0861563
59 0.333416 0.486875 0.120538 0.069875
59 0.223385 0.444445 0.0957143 0.0317344
59 0.154834 0.475898 0.188675 0.0702031
59 0.680518 0.445211 0.149896 0.0343281
43 0.0585197 0.334984 0.117039 0.057875
43 0.0678778 0.321273 0.135176 0.0656094
43 0.120041 0.357305 0.0638509 0.00795313
43 0.209627 0.359617 0.0638509 0.0233281
17 0.581687 0.940828 0.14234 0.109469
17 0.497277 0.856766 0.165114 0.171
17 0.228458 0.929203 0.143416 0.141594
17 0.100631 0.940312 0.150828 0.115375
17 0.100652 0.546359 0.194969 0.139625
17 0.713923 0.761945 0.264907 0.355578
17 0.163085 0.849016 0.189358 0.138437
17 0.570714 0.618391 0.259027 0.313969
17 0.0903727 0.612125 0.180745 0.169187
17 0.282588 0.65175 0.396729 0.316969
17 0.160663 0.669805 0.321325 0.409609
17 0.345652 0.786672 0.234203 0.426656
17 0.206294 0.972859 0.212298 0.0523438
17 0.628582 0.964641 0.131988 0.0707187
17 0.741335 0.981391 0.0960455 0.0344687
17 0.041118 0.8795 0.0780124 0.102375
17 0.674203 0.6995 0.282195 0.377844
17 0.408416 0.730508 0.243872 0.371797
17 0.033913 0.505727 0.0678261 0.0411094
17 0.0331988 0.959516 0.0663975 0.0809688
17 0.49353 0.964516 0.137702 0.0709687
17 0.707174 0.952695 0.101222 0.0520469
11 0.863561 0.429055 0.21942 0.104953
11 0.910352 0.592242 0.179296 0.159328
11 0.959948 0.482742 0.0788199 0.0843594
11 0.813106 0.514117 0.23913 0.0941719