8 0.639039 0.473181 0.113484 0.0715258
8 0.537055 0.284155 0.0642969 0.0621127
8 0.553094 0.355282 0.0264375 0.0574178
8 0.422125 0.389953 0.107094 0.0546009
8 0.583367 0.545329 0.179922 0.0975587
8 0.532852 0.449554 0.0956406 0.0867136
8 0.650906 0.374988 0.0543125 0.0400235
8 0.580414 0.372746 0.0210156 0.0197653
8 0.711719 0.510129 0.0657188 0.0619953
8 0.406469 0.279237 0.0976562 0.0426995
8 0.293141 0.383697 0.116688 0.0840141
8 0.539359 0.498509 0.0885937 0.0445775
8 0.437375 0.32993 0.059375 0.0504225
8 0.619609 0.298239 0.0288438 0.0230516
8 0.540602 0.30142 0.0432031 0.0326056
8 0.476078 0.309718 0.00725 0.0368545
8 0.424547 0.406596 0.105719 0.0319718
8 0.624578 0.321244 0.0486562 0.0599531
8 0.642391 0.348087 0.0715313 0.03777
8 0.270984 0.467711 0.100844 0.0875352
8 0.397484 0.558498 0.0938125 0.111925
8 0.382523 0.457242 0.0632031 0.0946714
43 0.39718 0.538075 0.0837656 0.0938498
43 0.661914 0.318521 0.0558594 0.0440845
43 0.658516 0.423627 0.020625 0.0296479
43 0.473187 0.56108 0.0660937 0.0335211
43 0.371477 0.369648 0.0348906 0.039108
43 0.316969 0.632535 0.0883125 0.0721596
43 0.475156 0.431796 0.0105313 0.0245305
43 0.374055 0.384143 0.0194219 0.0273005
43 0.677438 0.33912 0.0190937 0.00838028
43 0.399422 0.353568 0.0316875 0.0261972
43 0.336227 0.320904 0.0246094 0.0582864
43 0.400148 0.463568 0.0929531 0.0905634
43 0.398164 0.464061 0.0533281 0.0653991
43 0.663148 0.297171 0.0203281 0.0435915
43 0.595539 0.449131 0.0476719 0.0350704
43 0.613633 0.47784 0.0746719 0.0262911
43 0.587703 0.274718 0.01425 0.0319718
43 0.31682 0.438451 0.0437344 0.0593897
43 0.474125 0.584707 0.062125 0.040446
43 0.718641 0.443638 0.0297187 0.0223474
43 0.501445 0.405728 0.0451094 0.05277
43 0.627641 0.467829 0.0363438 0.0207746
43 0.474953 0.618697 0.0445 0.0442019
43 0.373664 0.3677 0.0140469 0.00676056
43 0.541141 0.340786 0.0185937 0.0430282
43 0.527656 0.357077 0.028375 0.0433099
43 0.509852 0.320047 0.0625781 0.0183099
43 0.43543 0.287101 0.0547344 0.0339202
43 0.498313 0.373498 0.0203125 0.0281221
43 0.433953 0.349683 0.0214688 0.0260798
43 0.535148 0.447477 0.0565781 0.0453286
43 0.486344 0.385822 0.0133437 0.0305164
43 0.534414 0.463286 0.0646094 0.0261033
43 0.654695 0.416984 0.0596406 0.0379108
43 0.274453 0.525927 0.0804062 0.0265023
43 0.281562 0.514777 0.0525625 0.0288028
43 0.594211 0.391315 0.0622969 0.0310798
43 0.605766 0.40581 0.0334688 0.030446
43 0.595336 0.507324 0.0727031 0.0378404