38 0.85907 0.697661 0.0429844 0.0658716
38 0.889328 0.6893 0.0322188 0.0717202
38 0.892516 0.589369 0.0715313 0.109014
46 0.287109 0.224312 0.00825 0.0109174
59 0.718227 0.542947 0.0472656 0.0697018
59 0.857734 0.672982 0.0429375 0.0686239
59 0.75525 0.472649 0.0470938 0.0370872
59 0.800016 0.662122 0.0535 0.0693349
59 0.829516 0.661319 0.0395313 0.066445
59 0.732539 0.5268 0.0390469 0.0739679
59 0.718984 0.483165 0.0343437 0.0329358
59 0.86157 0.596479 0.0536406 0.0431881
59 0.788656 0.500642 0.0310937 0.0567431
59 0.690117 0.509633 0.0491406 0.0516514
59 0.755812 0.512878 0.04275 0.072133
59 0.870359 0.588521 0.0555625 0.0418578
59 0.835281 0.620849 0.0509687 0.0406422
59 0.873469 0.634851 0.0451562 0.0693807
24 0.806367 0.721353 0.0299531 0.0491284
24 0.670937 0.628979 0.0369688 0.0424541
24 0.653383 0.545011 0.0423281 0.0230505
24 0.700398 0.541456 0.0218906 0.0269954
24 0.766102 0.722901 0.0322344 0.0459404
24 0.82418 0.71461 0.0266406 0.0445413
24 0.654391 0.612225 0.038125 0.053211
24 0.788484 0.685562 0.0340312 0.0442431
24 0.74093 0.724828 0.0464844 0.0463532
24 0.697078 0.571709 0.0322812 0.0399312
24 0.828203 0.703842 0.0305625 0.032133
24 0.646969 0.571067 0.039 0.047133
24 0.675383 0.539404 0.0313906 0.0318349
24 0.689219 0.596846 0.0280938 0.0509404
24 0.771242 0.696388 0.0402031 0.0426376
24 0.724383 0.737913 0.0401406 0.0372018
24 0.666523 0.589576 0.0393906 0.0372706
24 0.783234 0.731755 0.0389375 0.047867
24 0.672898 0.564725 0.0272656 0.0224312