28 0.216352 0.397587 0.0276406 0.0269697
28 0.197586 0.482657 0.0197969 0.03669
28 0.127148 0.500688 0.0192031 0.0271562
28 0.638977 0.595175 0.0254219 0.0303963
28 0.615992 0.599604 0.0248906 0.051049
28 0.280953 0.485932 0.0296563 0.0252448
28 0.847781 0.628776 0.0188437 0.0223543
28 0.557359 0.497867 0.0184375 0.0275291
28 0.647563 0.562366 0.01525 0.0215152
28 0.383828 0.408951 0.0274687 0.0296503
28 0.299914 0.482669 0.0188281 0.0163403
28 0.433828 0.680641 0.0171875 0.0247319
28 0.688586 0.649545 0.0208594 0.0280886
28 0.517062 0.538275 0.0294063 0.0221911
28 0.287336 0.434872 0.0282969 0.0185082
28 0.524164 0.410443 0.0186406 0.0204662
28 0.35718 0.421911 0.0325156 0.04