1 0.690625 0.913607 0.208656 0.172787
1 0.562203 0.961815 0.120844 0.0751054
43 0.355367 0.491663 0.0699219 0.105902
43 0.607586 0.447658 0.0559219 0.139157
43 0.301891 0.531534 0.0370625 0.0858314
43 0.65157 0.295539 0.0498281 0.143958
43 0.309891 0.606276 0.0229062 0.0281967
43 0.285328 0.43 0.085125 0.105621
43 0.283031 0.439754 0.0414687 0.0847073
43 0.328031 0.610258 0.014875 0.0297424
43 0.331844 0.468513 0.076875 0.108267
43 0.738141 0.372436 0.0425625 0.0459016
43 0.308828 0.648923 0.0217812 0.0363934
43 0.616242 0.466511 0.0284844 0.0681499
43 0.659164 0.283431 0.0280781 0.0645199
43 0.382211 0.568618 0.0213906 0.049274
43 0.612258 0.362869 0.0285156 0.0780562
43 0.254102 0.567108 0.0642344 0.0602576
43 0.206578 0.530328 0.0135 0.0423419
43 0.211055 0.431405 0.0640781 0.052459
43 0.309133 0.578876 0.0174531 0.0284778
43 0.626539 0.408302 0.0206406 0.0557143
43 0.270461 0.489508 0.0851719 0.0476347
43 0.257258 0.587822 0.0917969 0.0879625
43 0.708437 0.403255 0.0235313 0.024918
43 0.291258 0.449426 0.0300781 0.0403513
43 0.333578 0.61911 0.02325 0.0238407
8 0.713141 0.448115 0.153344 0.188735
8 0.694781 0.273735 0.0918438 0.155293
8 0.676773 0.388232 0.100391 0.197026
8 0.765164 0.345141 0.0414219 0.0490164
52 0.416211 0.363993 0.325703 0.386768