14 0.174773 0.52939 0.174987 0.07722
14 0.77332 0.95873 0.256773 0.06254
14 0.860413 0.65115 0.0772533 0.02642
14 0.622173 0.83036 0.343707 0.0412
14 0.472427 0.91989 0.3344 0.04582
14 0.725667 0.65163 0.32024 0.07094
14 0.854333 0.73539 0.164453 0.03898
14 0.773907 0.42206 0.404453 0.24
14 0.07268 0.68403 0.14536 0.05202
14 0.49256 0.89354 0.542027 0.07044
14 0.538893 0.53515 0.186533 0.11094
14 0.920693 0.65108 0.156587 0.1036
14 0.43908 0.80255 0.384667 0.11638
14 0.91028 0.59989 0.17944 0.11174
14 0.955013 0.77518 0.0875733 0.04952
14 0.440453 0.50629 0.459467 0.22666
14 0.89336 0.95115 0.21328 0.0977
14 0.79104 0.92752 0.40624 0.13756
14 0.798187 0.64897 0.176747 0.1523
14 0.72736 0.87445 0.271307 0.0507
14 0.63052 0.57198 0.0970933 0.07924
14 0.120973 0.56221 0.143973 0.06018
14 0.371733 0.58541 0.44032 0.26166
14 0.634533 0.5388 0.20832 0.07892
14 0.461493 0.48871 0.181493 0.09154
14 0.399587 0.64554 0.339653 0.18344
14 0.60208 0.50123 0.363413 0.15626
14 0.929987 0.8259 0.140027 0.09076
14 0.51464 0.76426 0.42768 0.10676
14 0.156467 0.40987 0.289573 0.11462
14 0.715067 0.78068 0.2872 0.13552
14 0.933333 0.73872 0.131947 0.07488
14 0.903533 0.77509 0.181627 0.14994
14 0.6976 0.406 0.423573 0.2328
14 0.795733 0.58998 0.0639467 0.06224
14 0.9758 0.72512 0.0484 0.05436
14 0.65092 0.86902 0.333733 0.06288
14 0.160107 0.62725 0.14336 0.08078
14 0.942973 0.98244 0.114053 0.03512
14 0.868147 0.82567 0.13896 0.07098
14 0.291267 0.43013 0.16456 0.08538
14 0.685533 0.69878 0.248613 0.08808
14 0.76916 0.51687 0.359707 0.11334
14 0.6564 0.55275 0.12096 0.11318
14 0.88472 0.76595 0.06224 0.03014
14 0.665133 0.63146 0.218107 0.13668
14 0.893053 0.67423 0.07864 0.02846
14 0.457013 0.58843 0.41984 0.22314
14 0.150307 0.70512 0.283547 0.04352