11 0.741141 0.335656 0.0485625 0.0606042
11 0.583953 0.10051 0.0488438 0.0673958
11 0.314 0.490552 0.0489687 0.0493125
11 0.399617 0.230281 0.0218594 0.0368958
11 0.522062 0.618573 0.064125 0.0819792
11 0.650062 0.164448 0.0421875 0.0605625
11 0.407398 0.0958333 0.0445781 0.0417083
11 0.618359 0.445 0.0544375 0.0681667
11 0.270703 0.64926 0.0509063 0.0522292
11 0.346703 0.733531 0.0488125 0.0724792
11 0.173578 0.725146 0.0237813 0.032125
11 0.634687 0.26949 0.0602188 0.0616458
11 0.343477 0.157625 0.0423594 0.048125
11 0.344625 0.498615 0.0451562 0.0611042
11 0.811195 0.625625 0.0450469 0.0495833
11 0.876023 0.521448 0.0488906 0.0698542
11 0.640531 0.668323 0.0495937 0.0710625
11 0.480281 0.111354 0.0540937 0.058875
11 0.450289 0.683292 0.0454531 0.0721667
11 0.838266 0.460052 0.0347187 0.0380208
11 0.563984 0.590396 0.0296563 0.0374167
11 0.448406 0.273021 0.0610313 0.0595417
11 0.742188 0.24601 0.04175 0.0578542
11 0.488508 0.793979 0.0257969 0.0379583
11 0.280617 0.297927 0.0566094 0.0790625
11 0.550805 0.304396 0.0463281 0.0717917
11 0.235297 0.625677 0.0333437 0.0427292
11 0.533062 0.774208 0.0659375 0.0832083
11 0.370234 0.194281 0.0199688 0.0253542
11 0.704477 0.538979 0.0427656 0.085125
11 0.258961 0.601458 0.0363594 0.0575417
11 0.579094 0.36301 0.0296563 0.0298125
11 0.421961 0.366646 0.0493594 0.0620833
11 0.482227 0.555302 0.0273594 0.0336042
11 0.260859 0.78425 0.05925 0.0592083
11 0.47818 0.160125 0.0258906 0.037
11 0.5595 0.205042 0.0556875 0.0750833
11 0.771484 0.698583 0.0167813 0.0289167
11 0.4925 0.36774 0.0268437 0.0376458
11 0.768156 0.494208 0.057625 0.0561667
11 0.374047 0.269292 0.04125 0.0556667
11 0.665422 0.676552 0.0079375 0.00989583
11 0.201625 0.583448 0.048625 0.0703542
11 0.679766 0.211292 0.0278125 0.0317083
11 0.52225 0.469427 0.02075 0.0325625
11 0.307375 0.188229 0.0273438 0.0364583
11 0.733664 0.60049 0.0267969 0.0446042
11 0.452633 0.168708 0.0231719 0.0305417
11 0.388672 0.314052 0.0280938 0.0462708
11 0.40582 0.285812 0.0235469 0.03225
11 0.688102 0.180188 0.0251406 0.032
11 0.359531 0.318302 0.032625 0.0347292
11 0.331359 0.835656 0.0317188 0.0621875
42 0.261156 0.3855 0.0824375 0.094375
42 0.503211 0.495094 0.0358906 0.0331042
42 0.753148 0.634625 0.0357031 0.0397083
42 0.671789 0.762802 0.0426719 0.0642292
42 0.778492 0.323583 0.0251406 0.0379167
42 0.652836 0.323625 0.0302969 0.046125
42 0.54193 0.113052 0.0241719 0.0220208
42 0.718828 0.484979 0.0226875 0.0206667
42 0.612852 0.174792 0.0247969 0.0316667
42 0.50832 0.333719 0.0230156 0.0233542
42 0.426086 0.331188 0.0627969 0.05675
42 0.629984 0.48925 0.032 0.0402083
42 0.620063 0.726771 0.023375 0.0495417
42 0.719773 0.21874 0.0254219 0.0655625
42 0.689758 0.341833 0.00879687 0.0194167
42 0.500156 0.158458 0.0287187 0.0385833
42 0.553836 0.531344 0.0682656 0.0408542
42 0.778125 0.594396 0.0269688 0.0475417
42 0.812742 0.477427 0.0264844 0.0342708
42 0.343648 0.234042 0.0264844 0.0374167
42 0.273664 0.576458 0.0256719 0.0317083
42 0.448313 0.209458 0.0275313 0.0296667
42 0.403359 0.161208 0.0628125 0.039125
42 0.614398 0.315156 0.0361719 0.0209375
42 0.669031 0.474104 0.0334375 0.0593333
42 0.808773 0.50799 0.0236406 0.0238125
42 0.330305 0.539333 0.0653281 0.0452083
42 0.472586 0.652375 0.0380469 0.055125
42 0.670789 0.281156 0.0254531 0.0392292
42 0.525453 0.297115 0.0285 0.0223125
42 0.687609 0.140271 0.0364063 0.048125
42 0.385914 0.229958 0.0164844 0.019875
42 0.562453 0.669917 0.0280625 0.0367083
42 0.54057 0.251844 0.0239219 0.0354792
42 0.382547 0.585698 0.0119063 0.0373958
42 0.30125 0.566802 0.0204063 0.0498958
42 0.381812 0.692302 0.0272188 0.0559792
42 0.752445 0.552625 0.0385781 0.0335
42 0.434805 0.7715 0.0254219 0.0360833
42 0.41432 0.125771 0.0333906 0.0300417
42 0.584648 0.726167 0.0427656 0.044625
42 0.336297 0.284854 0.0324375 0.054
42 0.2145 0.635542 0.054125 0.05125
42 0.204648 0.498854 0.0177344 0.0167917
42 0.712734 0.440594 0.0304687 0.0219792
42 0.265953 0.52975 0.0293438 0.0495833
42 0.726922 0.562448 0.01975 0.0338542
42 0.559961 0.106333 0.0322344 0.039125
42 0.633453 0.12049 0.0194375 0.0215208
42 0.29318 0.226635 0.0244219 0.0392292
42 0.524117 0.687083 0.0183906 0.02625
42 0.312852 0.315073 0.0158594 0.0553958
42 0.650555 0.214333 0.0274844 0.041875
42 0.719727 0.634531 0.0156406 0.0264375
42 0.527898 0.08475 0.0442969 0.036
42 0.45307 0.234125 0.0241719 0.0156667
42 0.332508 0.321802 0.0121406 0.0214375
42 0.408031 0.188833 0.0547813 0.0514167
42 0.546398 0.645281 0.0551719 0.0461458