33 0.81854 0.957013 0.03632 0.0676267
33 0.84969 0.894613 0.01522 0.119307
33 0.94231 0.77088 0.02786 0.0134933
33 0.91614 0.875867 0.03324 0.126667
33 0.97899 0.864587 0.0375 0.0119467
33 0.93341 0.907293 0.0593 0.156187
33 0.85883 0.819627 0.05426 0.04176
33 0.9032 0.912427 0.00972 0.09264
33 0.97282 0.813693 0.05352 0.01816
33 0.94528 0.889333 0.035 0.0385067
33 0.95267 0.85956 0.01702 0.0217867
33 0.92689 0.801853 0.02066 0.0307467
33 0.93067 0.969293 0.01346 0.0590133
33 0.87513 0.7954 0.06854 0.06024
33 0.91276 0.84592 0.01756 0.0845867
33 0.92528 0.811213 0.01772 0.0130933
33 0.94572 0.670307 0.04008 0.0187467
33 0.94795 0.7856 0.03854 0.04128
33 0.93235 0.83268 0.0329 0.125627
33 0.95382 0.74516 0.03616 0.0156
33 0.97526 0.769053 0.01796 0.0712267
33 0.98333 0.67716 0.03334 0.0385333
33 0.96581 0.796453 0.02094 0.0897067
33 0.95737 0.70104 0.05218 0.01152
33 0.95795 0.903733 0.02546 0.0639467
33 0.98149 0.822587 0.0155 0.0755733
33 0.97255 0.67252 0.04758 0.0545333
33 0.98832 0.592427 0.02308 0.0559467
33 0.9941 0.927933 0.0118 0.0233867
33 0.91669 0.948547 0.00954 0.0237067
33 0.97566 0.637187 0.03884 0.02536
33 0.8903 0.875987 0.01884 0.191387
33 0.87342 0.791733 0.07304 0.0781867
33 0.98542 0.902413 0.02916 0.0417333
33 0.95707 0.709853 0.08362 0.0243467
33 0.87406 0.975253 0.0832 0.0494933
33 0.87061 0.93172 0.04586 0.0726133
33 0.97712 0.94784 0.03008 0.0889067
33 0.92784 0.976907 0.02992 0.0461867
33 0.98766 0.752667 0.01136 0.02752
33 0.87435 0.974133 0.01386 0.0221867
33 0.93201 0.71128 0.02842 0.0710933
33 0.95717 0.703053 0.00806 0.00552
33 0.90812 0.802867 0.11236 0.11656
33 0.99203 0.90604 0.01594 0.0462667
33 0.98634 0.937293 0.02732 0.0579467
33 0.99231 0.747813 0.01054 0.05872
33 0.9871 0.685827 0.02532 0.0270133
33 0.90304 0.80696 0.062 0.0987733
33 0.82457 0.990213 0.00958 0.0195733
33 0.85965 0.980573 0.0155 0.0239733
33 0.94659 0.9462 0.06614 0.106
33 0.98639 0.862133 0.02574 0.0408
33 0.95936 0.952347 0.0056 0.0131733
33 0.98962 0.785693 0.013 0.0186933
33 0.93098 0.832533 0.02184 0.0231467
33 0.95321 0.975227 0.02114 0.0314667
33 0.87134 0.88856 0.03884 0.103147
33 0.98072 0.722867 0.037 0.0270133
15 0.83267 0.332387 0.11382 0.10424
15 0.74196 0.31664 0.10776 0.104
15 0.60293 0.0805333 0.11214 0.116427
15 0.9309 0.373493 0.1382 0.135573
15 0.87111 0.276853 0.10206 0.10192
15 0.78277 0.242853 0.09514 0.0943467
15 0.54711 0.153533 0.08474 0.0972
15 0.36969 0.182893 0.11214 0.15432
15 0.67302 0.0230267 0.09936 0.0460533
15 0.61322 0.215107 0.1604 0.197733
15 0.92546 0.163547 0.08972 0.0813333
15 0.82035 0.03916 0.11758 0.07832
15 0.8983 0.0757733 0.08956 0.0856267
15 0.52292 0.21824 0.08972 0.0940267
11 0.96373 0.128027 0.07254 0.0546133
11 0.98265 0.18804 0.0347 0.0445067
11 0.86076 0.108307 0.09592 0.12696
11 0.99119 0.0983333 0.01762 0.0466933
11 0.95384 0.0784133 0.08216 0.08856
11 0.0735 0.174067 0.05592 0.0710133
11 0.10313 0.297493 0.0663 0.0832
11 0.84365 0.171053 0.07446 0.0374667
11 0.15651 0.231133 0.01774 0.0181067
14 0.40637 0.623747 0.02998 0.0830133
14 0.12983 0.590373 0.04818 0.2496
14 0.23655 0.59032 0.07954 0.105653
14 0.26074 0.532693 0.07772 0.0976
14 0.28413 0.598947 0.08526 0.270853
14 0.52915 0.46496 0.04682 0.221227
14 0.28624 0.722093 0.03308 0.06472
14 0.44384 0.4938 0.05 0.188133
14 0.40212 0.337427 0.05352 0.134747
14 0.40732 0.552107 0.02572 0.158507
14 0.09889 0.599053 0.04862 0.126267
14 0.1805 0.70896 0.0674 0.08848
14 0.21838 0.712547 0.053 0.0961867
14 0.14715 0.626667 0.02902 0.31376
14 0.38515 0.535093 0.02546 0.2568
14 0.20463 0.714587 0.03714 0.05296
14 0.22933 0.50068 0.09686 0.08232
14 0.34877 0.357147 0.0571 0.0865067
14 0.29343 0.366933 0.0653 0.05344
14 0.11927 0.51232 0.10082 0.176587
14 0.36788 0.59968 0.01824 0.169067
14 0.25656 0.766973 0.03132 0.05704
14 0.43187 0.521693 0.06314 0.142533
14 0.37083 0.383827 0.0283 0.04504
14 0.25171 0.544947 0.14706 0.233733
14 0.45365 0.4228 0.06162 0.165013
14 0.4814 0.47064 0.02016 0.120587
14 0.49548 0.475387 0.02756 0.152053
14 0.36347 0.530573 0.0277 0.117893
14 0.19291 0.65496 0.03038 0.0283733
14 0.11141 0.622333 0.02358 0.0970933
14 0.16819 0.53432 0.01918 0.158027
14 0.32967 0.649 0.06682 0.09048
14 0.51222 0.443213 0.01764 0.12664
14 0.22854 0.487067 0.16948 0.161013
14 0.36398 0.35152 0.07004 0.106347
14 0.37551 0.297307 0.09642 0.0848533
14 0.29919 0.70712 0.0707 0.22848
14 0.17872 0.431547 0.01752 0.02336
14 0.39208 0.25892 0.03252 0.01672
14 0.45325 0.31904 0.03658 0.1152
14 0.10966 0.507227 0.0808 0.13664
14 0.29489 0.612107 0.08422 0.17504
14 0.42012 0.337867 0.0576 0.134187
14 0.3154 0.32352 0.15588 0.116107
14 0.4239 0.442613 0.01324 0.0483733
14 0.42052 0.35944 0.04616 0.0966933
14 0.20502 0.46512 0.03068 0.0791467
14 0.33417 0.34884 0.0879 0.07624
14 0.32748 0.502973 0.05348 0.1268
14 0.13874 0.577107 0.01516 0.10216
14 0.26205 0.737653 0.0617 0.106293
14 0.18826 0.47852 0.00908 0.0573067
14 0.23798 0.753253 0.03236 0.0528533
14 0.21968 0.47352 0.01264 0.02864
14 0.47897 0.43484 0.05402 0.222747
14 0.54919 0.422507 0.04786 0.10992
14 0.34329 0.60164 0.07342 0.372613
14 0.45417 0.391587 0.10194 0.11976
14 0.22681 0.82288 0.08986 0.25744