23 0.284141 0.122615 0.424094 0.121771
23 0.370063 0.210896 0.290125 0.0945
23 0.4 0.0391667 0.329156 0.0783333
23 0.227867 0.179469 0.115078 0.0805208
1 0.123109 0.461625 0.242062 0.383625
1 0.268805 0.396542 0.105578 0.168875
1 0.376281 0.457958 0.258344 0.327583
11 0.766961 0.40275 0.207109 0.142958
11 0.706086 0.552896 0.272828 0.1985
56 0.375953 0.926635 0.0595 0.0974375
56 0.391289 0.815281 0.0894844 0.126688
56 0.0760469 0.91625 0.0983437 0.0787917
56 0.0825547 0.821063 0.0889844 0.106292
56 0.0574844 0.970469 0.0877187 0.0590625
56 0.322008 0.946208 0.0992969 0.107583
56 0.209297 0.914125 0.0725937 0.091375
56 0.195555 0.734927 0.0711406 0.0739375
56 0.0335391 0.876792 0.0670781 0.106083
56 0.262508 0.849813 0.0697656 0.0939167
56 0.284109 0.752635 0.0822187 0.0845208
56 0.261461 0.780292 0.0694219 0.0640833
56 0.411 0.914896 0.0735625 0.128875
56 0.271188 0.928813 0.0715 0.0939167
56 0.466055 0.860615 0.0593594 0.0665625
56 0.324492 0.844802 0.0827344 0.0979375
56 0.11368 0.749938 0.0834219 0.100667
56 0.199883 0.772417 0.0737656 0.0530833
56 0.480406 0.818906 0.0377813 0.0691458
56 0.46957 0.947844 0.0784219 0.104313
56 0.443914 0.785073 0.0699219 0.0982292
56 0.147078 0.948969 0.103188 0.100229
56 0.23068 0.979563 0.0845469 0.040875
56 0.18293 0.835594 0.0505156 0.0526875
56 0.348633 0.772458 0.0654219 0.0853333
10 0.867398 0.684365 0.0844531 0.0948542
10 0.868477 0.867656 0.116547 0.121896
10 0.78418 0.709323 0.0858281 0.108271
10 0.782484 0.861052 0.0833125 0.100021
10 0.943602 0.94874 0.112797 0.102521
10 0.677258 0.957865 0.0615156 0.0835208
10 0.844164 0.80124 0.0816406 0.0876458
10 0.96275 0.73124 0.0745 0.113646
10 0.83475 0.744906 0.0735625 0.0523542
10 0.937664 0.849885 0.0507656 0.0914375
10 0.916586 0.70275 0.0484531 0.0681667
10 0.763125 0.789792 0.0819062 0.0869167
10 0.681188 0.910594 0.053625 0.0426042
10 0.965055 0.807875 0.0592344 0.0732083
10 0.880133 0.94775 0.0358906 0.0305
10 0.988859 0.67176 0.0222812 0.0289375
10 0.793727 0.952958 0.0530156 0.0940833
10 0.694383 0.87499 0.0406406 0.0359792
10 0.911 0.791094 0.03575 0.0513542