24 0.47928 0.3636 0.62448 0.135
24 0.37099 0.4886 0.52702 0.1409
24 0.66989 0.4654 0.53134 0.2033
24 0.08914 0.44185 0.17408 0.10515
24 0.4611 0.2279 0.59116 0.1509
24 0.68439 0.574025 0.0405 0.0832
24 0.17261 0.91505 0.07446 0.0864
5 0.89174 0.565488 0.2146 0.206575
5 0.09419 0.652562 0.18622 0.209825
5 0.821 0.787138 0.1938 0.073925
5 0.29949 0.762088 0.18158 0.193675
5 0.73895 0.875625 0.0953 0.0753
5 0.95045 0.896725 0.0991 0.07525
14 0.56183 0.778262 0.04186 0.120475
14 0.09066 0.257713 0.05392 0.082025
14 0.05695 0.256 0.0677 0.11015
14 0.00916 0.0952625 0.01832 0.064625
14 0.57097 0.69415 0.0731 0.13245
14 0.51469 0.685925 0.01406 0.1136
14 0.06392 0.143125 0.073 0.11705
14 0.03203 0.11795 0.06318 0.0959
14 0.55254 0.742888 0.04472 0.144625
14 0.0218 0.236487 0.0436 0.098975
14 0.12599 0.188087 0.05214 0.147025
14 0.56061 0.648337 0.0647 0.101525
14 0.0854 0.1689 0.03036 0.0559
14 0.53387 0.615187 0.0263 0.055675
14 0.01285 0.288338 0.0257 0.044725
14 0.01741 0.170875 0.03158 0.06055
14 0.04658 0.217738 0.06216 0.062575