42 0.632 0.447562 0.00884375 0.0161667
42 0.669625 0.419958 0.0118438 0.0244167
42 0.611258 0.700271 0.0175781 0.019875
42 0.717758 0.443844 0.00582812 0.00922917
42 0.715953 0.393448 0.0121875 0.0267708
42 0.674141 0.467458 0.0130312 0.027625
42 0.713969 0.423792 0.0161563 0.0195
42 0.644609 0.407104 0.0136562 0.0217917
8 0.623625 0.153917 0.0401875 0.034875
8 0.654789 0.706031 0.0667344 0.0361458
8 0.577562 0.653177 0.0517813 0.0936458
8 0.667383 0.722406 0.0375469 0.0274375
8 0.638648 0.651729 0.0205156 0.0580833
8 0.55768 0.705521 0.0351406 0.03125
8 0.604242 0.133135 0.0530156 0.0401042
8 0.656281 0.138198 0.0301875 0.0343542
8 0.522008 0.705125 0.0353906 0.025125
8 0.687695 0.7255 0.0230156 0.0325417
8 0.91768 0.499104 0.0121094 0.0161667
8 0.607398 0.179167 0.0411719 0.0310833
8 0.806344 0.564583 0.0139375 0.0169583
8 0.634141 0.111188 0.0424062 0.0210833
8 0.657391 0.158208 0.0323125 0.05025
8 0.697828 0.740844 0.0217188 0.0238542
8 0.647359 0.204437 0.0199063 0.0350417