14 0.77207 0.66778 0.0126094 0.0243925
14 0.754805 0.686157 0.0264219 0.0117991
14 0.753133 0.695304 0.0211719 0.0169159
14 0.742828 0.708236 0.00628125 0.00899533
14 0.733812 0.698318 0.0115312 0.0241121
14 0.73007 0.690304 0.0107031 0.0188318
14 0.756773 0.660315 0.00479687 0.00871495
14 0.751969 0.678949 0.0161563 0.011215
14 0.756789 0.668505 0.0126406 0.0135514
14 0.765102 0.669614 0.0106406 0.0259112
14 0.742453 0.703668 0.00903125 0.023271
14 0.726992 0.700187 0.00601563 0.00948598
14 0.705211 0.671974 0.00926562 0.0053972
43 0.367758 0.506542 0.00676562 0.0109346
43 0.372117 0.515 0.00601563 0.00845794
43 0.382375 0.505631 0.00609375 0.00845794
43 0.351172 0.50757 0.0053125 0.00588785
43 0.354516 0.502617 0.0054375 0.00733645
43 0.353594 0.496203 0.006 0.0071729
43 0.378305 0.510888 0.00720313 0.011028
43 0.378031 0.501472 0.00565625 0.01
43 0.387664 0.50757 0.00582812 0.00845794
38 0.664555 0.654685 0.0168906 0.0246028
38 0.678789 0.671273 0.0221719 0.0301168
38 0.69125 0.654229 0.0240313 0.0253738
38 0.638586 0.636086 0.0274531 0.0298832
38 0.649531 0.639159 0.0165 0.0117757
8 0.777977 0.706799 0.0157969 0.0141121
8 0.838375 0.692991 0.0115625 0.0209346
8 0.769016 0.703458 0.00953125 0.011028
8 0.825375 0.68847 0.0209375 0.031285
8 0.777031 0.687173 0.012875 0.0174299
8 0.792992 0.682313 0.0193906 0.021028
1 0.579484 0.521145 0.00640625 0.00957944
1 0.520891 0.584147 0.00571875 0.00525701
1 0.404648 0.518014 0.00642188 0.00892523
1 0.425516 0.54597 0.0110625 0.0112383
1 0.427852 0.525794 0.00570312 0.0100935
1 0.532687 0.578902 0.00875 0.0115421
1 0.422469 0.523119 0.00665625 0.00974299
1 0.593602 0.51354 0.00698437 0.00848131