33 0.598812 0.600427 0.0213438 0.0195208
33 0.374234 0.815635 0.0258437 0.0234792
33 0.353937 0.79174 0.0333437 0.0125208
33 0.252992 0.881823 0.0258906 0.0569792
33 0.335609 0.802948 0.00865625 0.0130625
33 0.440117 0.829052 0.0315156 0.0128125
33 0.394602 0.811198 0.0183594 0.0151875
33 0.364453 0.783104 0.01775 0.00654167
33 0.253172 0.915771 0.0123125 0.015625
33 0.401867 0.799875 0.0230781 0.01
33 0.589266 0.596792 0.0101875 0.00845833
33 0.200102 0.888208 0.00689063 0.0215417
33 0.234648 0.837312 0.0381719 0.00845833
33 0.18182 0.924354 0.0142344 0.035625
33 0.38757 0.809417 0.00629688 0.00545833
33 0.227703 0.89275 0.0105313 0.00658333
33 0.235484 0.884635 0.0261875 0.00964583
33 0.388273 0.832042 0.0210781 0.00958333
33 0.427477 0.787521 0.00998438 0.00983333
33 0.44093 0.798354 0.0133594 0.0303333
33 0.628031 0.606135 0.0161875 0.0158958
33 0.222789 0.911333 0.0147656 0.0169583
33 0.354164 0.814813 0.0182969 0.0320833
33 0.375188 0.855552 0.0125 0.0312292
33 0.220938 0.85976 0.03075 0.0128958