17 0.659727 0.834368 0.0419219 0.083911
17 0.649508 0.894333 0.0615156 0.0622014
17 0.518648 0.350656 0.0878281 0.140703
17 0.0664766 0.816944 0.0611719 0.0400234
17 0.0647734 0.865785 0.0328906 0.0624356
17 0.804898 0.867717 0.0663594 0.0655504
17 0.0246328 0.504028 0.0450469 0.0662763
17 0.843383 0.620808 0.0386406 0.0340749
17 0.831727 0.798981 0.0550469 0.0805386
17 0.0205547 0.893806 0.0411094 0.0736534
17 0.974672 0.654496 0.0360625 0.0876815
17 0.262898 0.940984 0.0562031 0.0697892
17 0.788734 0.774649 0.0357813 0.0789461
17 0.393461 0.591089 0.0527031 0.0722951
17 0.750437 0.89096 0.0451562 0.0745199
17 0.686953 0.377541 0.0538125 0.0775176
17 0.632734 0.368642 0.066125 0.0656674
17 0.683797 0.551464 0.045875 0.108923
17 0.248922 0.754215 0.0651562 0.0654333
17 0.421852 0.497986 0.0591719 0.107963
17 0.527242 0.443302 0.0444219 0.0483372
17 0.377312 0.9376 0.0364375 0.0590867
17 0.496109 0.985843 0.0369063 0.0283138
17 0.685867 0.935258 0.0371406 0.0477049
14 0.414797 0.367096 0.0859688 0.081171
14 0.267836 0.30034 0.0694219 0.11904
14 0.440984 0.900726 0.036625 0.0313349
14 0.0265 0.41719 0.053 0.117424
14 0.176516 0.515632 0.0703438 0.0933724
14 0.652477 0.695773 0.0522656 0.0790398
14 0.228367 0.387717 0.0908594 0.107424
14 0.233016 0.866663 0.0509063 0.0867681
14 0.16668 0.639251 0.0568281 0.0913817
14 0.88743 0.592037 0.0532344 0.0994848
14 0.919359 0.703197 0.0942187 0.169532
14 0.350555 0.597143 0.0375469 0.0878689
14 0.785656 0.660527 0.0510312 0.107377
14 0.356219 0.500785 0.0347812 0.135855
14 0.562961 0.461593 0.0811719 0.109696
14 0.392164 0.250995 0.0783281 0.088548
14 0.907352 0.483513 0.0383594 0.101358
14 0.716797 0.560738 0.0778125 0.149063
14 0.117922 0.732974 0.0309063 0.0463232
14 0.279891 0.488489 0.032 0.049719
14 0.200281 0.736042 0.0690937 0.0615457
14 0.144586 0.314941 0.0484219 0.0665105
14 0.570391 0.55808 0.0456562 0.0616393
14 0.442375 0.311042 0.0793125 0.122131
14 0.829742 0.577927 0.0605781 0.0509368
14 0.304586 0.929707 0.0857656 0.0745902
14 0.0806484 0.766393 0.0651406 0.0674941
14 0.647914 0.150246 0.0402969 0.0464871
14 0.234766 0.641112 0.0537188 0.0839578
14 0.0250547 0.341487 0.0481094 0.123255
14 0.725367 0.798255 0.0584219 0.119321
14 0.710453 0.695785 0.0689063 0.144403
14 0.862805 0.615398 0.0382031 0.0735129
14 0.856039 0.473817 0.0348281 0.0674941
14 0.760773 0.444122 0.0729844 0.111663
14 0.794453 0.492073 0.0989688 0.0885948
14 0.402539 0.924918 0.0448594 0.0791101
14 0.85518 0.517646 0.0841406 0.0408197
14 0.333633 0.98144 0.0678281 0.0371194