33 0.444417 0.795516 0.135708 0.0310312
33 0.266792 0.671875 0.151375 0.0654375
33 0.45974 0.27968 0.126354 0.0220156
33 0.3755 0.514773 0.083875 0.0296719
33 0.666094 0.761086 0.131354 0.0623906
33 0.50574 0.772594 0.116437 0.03475
33 0.176677 0.397508 0.112396 0.0210781
33 0.770823 0.49757 0.0228958 0.0469219
33 0.470906 0.286586 0.122729 0.0633281
33 0.172958 0.581539 0.02975 0.0591719
33 0.683094 0.38343 0.0771875 0.0699219
33 0.600146 0.520063 0.132 0.05775
33 0.143052 0.46282 0.0358958 0.0343594
33 0.441437 0.491297 0.122458 0.0420937
33 0.57825 0.513172 0.119292 0.0578125
33 0.771458 0.422547 0.0166667 0.0330937
33 0.147917 0.546789 0.0752083 0.0930781
33 0.749313 0.378 0.053 0.0374375
33 0.339146 0.722633 0.151792 0.0665156
33 0.350219 0.394945 0.0423958 0.0166719
33 0.124979 0.485555 0.0290417 0.0318281
33 0.1515 0.456828 0.0254167 0.0219375
33 0.622927 0.760023 0.103354 0.0320781
33 0.158688 0.583555 0.0395417 0.0733594
33 0.207469 0.673602 0.111562 0.0862344
33 0.257448 0.614531 0.0608542 0.0987187
33 0.218073 0.638141 0.0876875 0.0645
33 0.122729 0.568844 0.0215417 0.0135937