8 0.30644 0.68396 0.07044 0.22504
8 0.5836 0.728893 0.08696 0.12936
8 0.34639 0.541373 0.04002 0.02552
8 0.55365 0.85452 0.0739 0.10728
8 0.4503 0.7074 0.0278 0.0718133
8 0.43015 0.511813 0.04006 0.0332267
24 0.18245 0.555547 0.11146 0.105707
59 0.58246 0.730227 0.08984 0.129467
59 0.34715 0.542013 0.03926 0.0256267
59 0.72298 0.545093 0.04008 0.102827
59 0.31455 0.435467 0.04006 0.114507
59 0.45028 0.70736 0.02784 0.0717867
59 0.38694 0.532547 0.04824 0.02104
59 0.30765 0.6828 0.0671 0.220587
59 0.55333 0.85228 0.07406 0.108027
38 0.18925 0.639253 0.13026 0.16544
38 0.27782 0.647267 0.09376 0.113467
38 0.34935 0.8192 0.1899 0.247093
38 0.36766 0.941413 0.0884 0.0364267
38 0.39869 0.709253 0.0835 0.0851733
38 0.49965 0.781093 0.0789 0.09664
38 0.25929 0.523133 0.0825 0.0907467
38 0.22147 0.781973 0.12518 0.216053