6 0.421563 0.661198 0.242844 0.351271
6 0.688742 0.674552 0.217766 0.260437
6 0.498758 0.58826 0.270266 0.506271
6 0.351719 0.50026 0.175063 0.167604
6 0.319234 0.611698 0.326031 0.258729
40 0.614766 0.401844 0.126844 0.156354
40 0.438172 0.490312 0.0442188 0.0779583
40 0.512891 0.341625 0.122313 0.155375
44 0.612617 0.402594 0.123609 0.154812
44 0.438828 0.490563 0.0445938 0.0769167
44 0.511703 0.34126 0.120719 0.155979
1 0.743156 0.344958 0.197188 0.275792
1 0.43882 0.490833 0.0449531 0.0774583
1 0.370797 0.348854 0.165125 0.230417
1 0.664273 0.550417 0.151609 0.207083
1 0.613656 0.20049 0.194594 0.248146