24 0.963852 0.413653 0.0698906 0.147073
24 0.712562 0.0941335 0.118781 0.049719
24 0.745094 0.381874 0.0504062 0.0751288
24 0.6825 0.196897 0.126375 0.13445
24 0.987937 0.196874 0.024125 0.0356206
24 0.880711 0.171429 0.0546094 0.104309
24 0.889398 0.120925 0.0638906 0.0425527
59 0.884234 0.355105 0.1315 0.264028
59 0.688711 0.155621 0.186109 0.136721
59 0.958281 0.259157 0.0834375 0.170164
59 0.953922 0.181756 0.0921562 0.0914286
59 0.769742 0.297541 0.146047 0.171429
59 0.812172 0.0905855 0.129344 0.081452