11 0.0419062 0.456694 0.0826563 0.117967
11 0.742914 0.560864 0.0454219 0.0795794
11 0.702133 0.0672664 0.0523594 0.0560748
11 0.889797 0.741367 0.104344 0.141425
11 0.828258 0.681694 0.0591719 0.0739486
11 0.79107 0.621881 0.0768906 0.0758645
11 0.486398 0.722103 0.0518281 0.0540654
11 0.772617 0.545607 0.0590469 0.0553271
11 0.631578 0.38014 0.0269375 0.030514
11 0.144344 0.107827 0.061625 0.0464019
11 0.780242 0.25604 0.0241719 0.0206308
42 0.543328 0.664147 0.0581875 0.116706
42 0.253789 0.580946 0.0452344 0.0742757
42 0.455516 0.662687 0.0910625 0.138879
42 0.249102 0.658446 0.0795469 0.102313
42 0.485336 0.506554 0.0728906 0.199509
42 0.151609 0.305222 0.040625 0.0653972
42 0.235875 0.146157 0.0525312 0.0328271
42 0.490172 0.15771 0.0819062 0.0942991
42 0.660742 0.384486 0.0763281 0.0598598
42 0.426586 0.423505 0.0643906 0.141168
42 0.728227 0.423026 0.0833906 0.123715
42 0.325133 0.710537 0.0958281 0.205561
42 0.95993 0.423458 0.0782656 0.13514
42 0.190883 0.13611 0.0722031 0.0505841
42 0.633773 0.0760748 0.0707031 0.0530841
42 0.570883 0.259778 0.0338594 0.0723598
42 0.0578047 0.299229 0.0636719 0.126682
42 0.210758 0.479416 0.109109 0.113364
42 0.582539 0.068715 0.0664531 0.113692
42 0.191539 0.284428 0.0435156 0.0773131
42 0.915297 0.506379 0.0695313 0.105654
42 0.388977 0.672804 0.0541406 0.091215
42 0.468797 0.079778 0.0426875 0.0643224
42 0.793414 0.0986332 0.0559219 0.0460047
42 0.404258 0.370257 0.0332969 0.060514
42 0.391016 0.354124 0.0239063 0.0253972
42 0.208141 0.63521 0.0671875 0.139299
42 0.149211 0.438388 0.0798281 0.136636
42 0.0911797 0.184486 0.0378594 0.0380374
42 0.0964453 0.508446 0.0482344 0.079743
42 0.902898 0.188458 0.0614531 0.0938318
59 0.314422 0.201157 0.0385 0.0570794
59 0.0481016 0.552769 0.0819844 0.127921
59 0.362711 0.0954322 0.0308906 0.0540888
59 0.557461 0.548995 0.0631719 0.12229
59 0.43007 0.311227 0.0818281 0.0900701
59 0.50443 0.251787 0.0268906 0.0646963
59 0.468492 0.393201 0.0374219 0.0915421
59 0.0201094 0.397068 0.0294063 0.0804907
59 0.198555 0.0713084 0.0528281 0.0453738
59 0.484625 0.244381 0.0278125 0.0367523
59 0.565438 0.379089 0.0342812 0.0566355
59 0.655039 0.736554 0.0691719 0.0722196
59 0.633945 0.639451 0.0675156 0.0704439
59 0.161594 0.549089 0.0410313 0.040514
59 0.249484 0.0980958 0.0252188 0.0209579
59 0.536133 0.336075 0.0370469 0.0739252
59 0.884227 0.806285 0.0652344 0.0730841
59 0.105633 0.625386 0.0998906 0.125631
59 0.871258 0.600012 0.106109 0.163341
59 0.96393 0.791822 0.0567969 0.104112