15 0.149875 0.367635 0.0918125 0.144354
15 0.0723516 0.382927 0.107578 0.127312
15 0.0349531 0.444875 0.0674375 0.107875
15 0.15568 0.23675 0.102016 0.068875
15 0.683594 0.47475 0.111125 0.125125
15 0.0762812 0.306698 0.144625 0.178062
42 0.342641 0.714292 0.232469 0.36525
42 0.511094 0.622969 0.384969 0.348438
14 0.415367 0.385344 0.166422 0.194271
62 0.665641 0.777396 0.533062 0.445208
11 0.28793 0.50925 0.252141 0.259083
11 0.368805 0.179833 0.204953 0.224958
11 0.291414 0.298458 0.216672 0.283042
59 0.182375 0.594354 0.183688 0.252625
59 0.200883 0.250875 0.0556094 0.0677917