11 0.49675 0.621083 0.040125 0.0397917
11 0.457 0.8325 0.0360938 0.0428333
11 0.381852 0.758125 0.0289219 0.0319583
11 0.411977 0.822677 0.0513906 0.0607292
11 0.480289 0.819823 0.0714219 0.0691875
11 0.553242 0.722729 0.0221094 0.036625
11 0.463367 0.683917 0.0325469 0.045625
11 0.375969 0.72001 0.029 0.0291875
11 0.353773 0.67975 0.0294844 0.0469583
11 0.577633 0.707823 0.0386406 0.0544375
11 0.450555 0.776177 0.0411094 0.0520625
11 0.521008 0.766521 0.0278906 0.0454583
11 0.393656 0.637948 0.0206563 0.0255625
11 0.407609 0.739906 0.033875 0.0606042
11 0.462023 0.614323 0.0235469 0.0313958
11 0.36982 0.693865 0.0376094 0.0338958
11 0.509656 0.692667 0.0340312 0.0296667
11 0.496836 0.781125 0.0349219 0.0603333
11 0.419102 0.651229 0.0438594 0.03325
11 0.430898 0.684208 0.0383281 0.0419583
11 0.423766 0.768083 0.0283438 0.04125
11 0.472555 0.706615 0.0268594 0.0374792
11 0.401586 0.644635 0.0163594 0.0266458
11 0.436703 0.621198 0.0276563 0.0510625
11 0.458609 0.652781 0.0293125 0.0297292
11 0.517414 0.634656 0.0356719 0.0397708
11 0.479187 0.758625 0.0326875 0.034875
11 0.550172 0.761688 0.0317188 0.0403333
11 0.432273 0.719 0.0322344 0.0468333
11 0.487961 0.654385 0.0311094 0.0374792
11 0.528453 0.819281 0.039875 0.0512292
11 0.353438 0.780854 0.0357188 0.0625417
11 0.561219 0.649448 0.0333437 0.0344375
11 0.387406 0.819073 0.0265937 0.0244375
11 0.57732 0.772937 0.0292031 0.0485
11 0.582914 0.74749 0.0379844 0.0338958
11 0.514414 0.73525 0.0379844 0.0414583
11 0.517211 0.72151 0.0380781 0.0290208
11 0.397141 0.677271 0.0334688 0.0355417
11 0.549984 0.799583 0.04925 0.0459167
11 0.373578 0.681667 0.0325937 0.0514583
11 0.386875 0.790885 0.0344375 0.0422292
11 0.413555 0.702479 0.0142656 0.0193333
11 0.341805 0.764188 0.0223281 0.033125
11 0.542914 0.660229 0.0270156 0.03175
11 0.485352 0.722333 0.0162969 0.01425
11 0.338117 0.734625 0.0324531 0.0420833
11 0.568336 0.732865 0.0127031 0.0228958
11 0.521031 0.614927 0.0125 0.0126042
11 0.442047 0.740115 0.0490938 0.0279792
11 0.358625 0.628667 0.00746875 0.00995833
61 0.121375 0.18424 0.0347187 0.0335208
61 0.0170938 0.185333 0.0189687 0.0351667
61 0.0905859 0.192208 0.0416406 0.0327917
61 0.0352422 0.186187 0.0249531 0.030875
61 0.0944766 0.150823 0.0152031 0.0181042
61 0.0710391 0.199365 0.0325469 0.0347708
61 0.0557656 0.204667 0.0385313 0.0345417
61 0.0871094 0.137917 0.0145625 0.014125
61 0.0657188 0.146344 0.020375 0.0211875
61 0.112742 0.148208 0.0179844 0.0137917
61 0.155219 0.181302 0.0345937 0.0349792
61 0.131664 0.176135 0.0139844 0.0194792
61 0.0990156 0.146042 0.0098125 0.008375
61 0.0846484 0.160604 0.0204531 0.033625
61 0.0392891 0.155094 0.0210781 0.0258958
61 0.104609 0.190021 0.0406875 0.0349583
61 0.0552578 0.146521 0.0192344 0.016375
61 0.0784297 0.140469 0.0201719 0.0182708
61 0.163203 0.178521 0.0306875 0.0309583
61 0.0388125 0.210875 0.02075 0.0400833
61 0.12625 0.18026 0.0225 0.0271875
61 0.0672734 0.201802 0.0370781 0.0335625
61 0.106781 0.15474 0.017 0.0173958
61 0.130297 0.160865 0.0208125 0.0197292
61 0.0305234 0.156667 0.0314219 0.0325
57 0.974648 0.0525833 0.0294219 0.042875
57 0.916344 0.0567396 0.028375 0.0406875
57 0.950766 0.0287813 0.0287187 0.0371875
57 0.945477 0.0676458 0.0319531 0.0397083
57 0.908789 0.0278333 0.0172344 0.0379167
57 0.924602 0.0190104 0.0245781 0.0363958
57 0.983078 0.0150104 0.0338437 0.0300208