55 0.348859 0.754594 0.114 0.254812
55 0.255344 0.712333 0.172875 0.26425
55 0.330812 0.552302 0.165781 0.167646
11 0.508625 0.585354 0.064625 0.0647083
52 0.781617 0.4845 0.0458281 0.0608333
52 0.955313 0.528312 0.089375 0.128
52 0.860672 0.595865 0.0769688 0.0883125
52 0.861328 0.45674 0.076375 0.0990208
52 0.935469 0.39325 0.0935938 0.107167
52 0.799414 0.430604 0.0542031 0.063
52 0.880266 0.539948 0.070875 0.0821042
52 0.913266 0.602542 0.0339062 0.0685833
52 0.927836 0.456521 0.0596094 0.0598333
52 0.814523 0.528854 0.0732031 0.0988333
52 0.86382 0.416094 0.0806406 0.0518125