42 0.553563 0.335977 0.0768333 0.0418906
42 0.807167 0.429719 0.056375 0.0371563
42 0.343458 0.368055 0.06425 0.0468906
42 0.44401 0.596234 0.0976458 0.050625
42 0.395354 0.482758 0.0784583 0.0599219
42 0.647896 0.688219 0.0874167 0.0629687
42 0.389552 0.619867 0.0895625 0.0546094
42 0.392365 0.691727 0.0941875 0.0553906
42 0.640823 0.532297 0.105646 0.0485625
42 0.489354 0.380656 0.0782917 0.0593125
42 0.567854 0.390805 0.0824583 0.0203281
42 0.676635 0.349437 0.0617292 0.0380313
42 0.56274 0.631102 0.107354 0.0577031
42 0.61624 0.708906 0.0858958 0.0351562
42 0.755875 0.390477 0.0784583 0.0696406
42 0.678365 0.675773 0.0927292 0.0669844
42 0.316365 0.474258 0.0433542 0.0311719
42 0.72374 0.360148 0.0515208 0.0386406
42 0.403438 0.391008 0.087875 0.0456406
42 0.468458 0.423172 0.0405833 0.0466875
42 0.347375 0.341453 0.069375 0.0361563
42 0.823396 0.537047 0.078625 0.0674375
42 0.771677 0.426289 0.0458125 0.0373281
42 0.748875 0.528062 0.087375 0.0361875
42 0.500323 0.503969 0.0676875 0.0361563
42 0.505177 0.438898 0.0410208 0.0341094
42 0.358021 0.42757 0.0617917 0.0431719
42 0.814792 0.600617 0.0327083 0.0457969
42 0.593979 0.668211 0.0760417 0.0423594
42 0.770052 0.562852 0.111687 0.0483281
42 0.380604 0.586453 0.0711667 0.0315625
42 0.742448 0.48975 0.0673542 0.0738437
11 0.628906 0.603508 0.141937 0.0777344
11 0.602948 0.361055 0.133646 0.0525781
11 0.676646 0.408805 0.104333 0.0759844
11 0.813771 0.478453 0.132583 0.0964375
11 0.424938 0.363586 0.0984583 0.0717969
11 0.733563 0.627117 0.125708 0.0847344
11 0.285552 0.543562 0.157271 0.114375
11 0.14949 0.503641 0.0871875 0.084625
11 0.308188 0.400672 0.0942917 0.0735625
11 0.43276 0.645773 0.143354 0.0797031
11 0.567229 0.477586 0.162333 0.132234
11 0.423708 0.442797 0.140875 0.0773438
11 0.503573 0.354359 0.0858125 0.0635938
11 0.390812 0.541766 0.0997917 0.0670625
11 0.568677 0.570172 0.169771 0.0888125
11 0.195521 0.614539 0.111458 0.107422
11 0.436052 0.499617 0.0943542 0.0822969
11 0.299312 0.646844 0.150417 0.105906
11 0.229833 0.378641 0.0865 0.0710313
11 0.252094 0.445187 0.0822708 0.09375
11 0.20724 0.507117 0.0858125 0.0313281
11 0.343677 0.477742 0.0485625 0.0671719
11 0.671135 0.49875 0.0853542 0.0547813
11 0.480313 0.537945 0.0745417 0.0758906
11 0.288323 0.441914 0.0748542 0.0554219
11 0.561823 0.411688 0.154104 0.0445313
11 0.503927 0.687484 0.118979 0.0887187
11 0.227792 0.478508 0.10475 0.0467344
11 0.709115 0.44782 0.109396 0.104359