6 0.965719 0.430031 0.0495625 0.0998958
6 0.990234 0.423969 0.0195312 0.0638542
6 0.815578 0.292365 0.0515312 0.117438
6 0.759836 0.277177 0.0392344 0.0820625
6 0.786477 0.27101 0.0147031 0.0623958
6 0.849602 0.293073 0.0240469 0.0928125
6 0.905031 0.449104 0.0123125 0.055125
6 0.90982 0.3615 0.0428281 0.0725833
6 0.898266 0.303385 0.0211562 0.0743542
6 0.736367 0.27875 0.00957812 0.027
6 0.817773 0.338208 0.0353906 0.116917
6 0.864156 0.275406 0.0200313 0.100396
6 0.968578 0.547219 0.0628438 0.0436458
6 0.832352 0.27276 0.0390781 0.0640625
6 0.783172 0.317104 0.019625 0.0679583
6 0.979086 0.488 0.0415156 0.0770833
6 0.860391 0.360188 0.031 0.0641667
6 0.963391 0.336729 0.0324062 0.0605
6 0.978758 0.539333 0.0424844 0.0197083
6 0.944727 0.479771 0.0519844 0.1045
6 0.899711 0.368771 0.0361406 0.094375
6 0.888156 0.425896 0.045375 0.107708
6 0.94518 0.429531 0.0248281 0.0867708
6 0.918945 0.436323 0.0822031 0.145646
6 0.989945 0.500458 0.0193594 0.0515833
6 0.99282 0.335792 0.0125469 0.0704167
6 0.927609 0.483885 0.0394062 0.102521
6 0.800914 0.334021 0.0246094 0.107958
6 0.836484 0.291906 0.0414375 0.102188
6 0.859109 0.400948 0.034625 0.0812708
6 0.938352 0.432052 0.0568906 0.138896
6 0.777867 0.302948 0.0255781 0.0469375
6 0.849313 0.360635 0.0361563 0.0858958
6 0.987023 0.344927 0.0230781 0.0789792
6 0.889422 0.27001 0.0187187 0.0435208
6 0.771906 0.281917 0.0248125 0.07975
6 0.927484 0.352563 0.0259688 0.0835833
6 0.976203 0.436344 0.0374063 0.0534792
6 0.862156 0.345354 0.0137187 0.0287917
6 0.853187 0.388 0.0274375 0.0379583
6 0.916695 0.335281 0.0218281 0.0373542
6 0.88643 0.363073 0.0196094 0.0743542
6 0.875273 0.346021 0.00654688 0.0279583
6 0.98268 0.407698 0.0342344 0.0728125
6 0.954891 0.36949 0.0492187 0.0861458
6 0.887781 0.290969 0.0394375 0.100188
6 0.904422 0.310385 0.0109687 0.0510208
48 0.11268 0.731781 0.0743281 0.0820625
48 0.170453 0.295229 0.0325937 0.045375
48 0.0268281 0.259479 0.0466562 0.0717917
48 0.105578 0.438375 0.0561875 0.113375
48 0.0406875 0.737333 0.0759688 0.0770417
48 0.132906 0.310552 0.0517188 0.0808542
48 0.0766719 0.493156 0.0573125 0.0479375
48 0.088875 0.543646 0.0787812 0.0857083
48 0.0203047 0.307031 0.0406094 0.0906875
48 0.171156 0.356563 0.0394688 0.0451667
48 0.14175 0.493604 0.0517813 0.0575833
48 0.177109 0.256469 0.0386562 0.0441042
48 0.178609 0.41426 0.0655312 0.0588125
48 0.141102 0.256844 0.0439219 0.0840208
48 0.0584687 0.221802 0.024875 0.0615208
48 0.130836 0.598812 0.0657344 0.0771667
48 0.134328 0.365563 0.06 0.075625
48 0.104945 0.417063 0.0660781 0.04575
48 0.0368047 0.423656 0.0602031 0.0578958
48 0.104813 0.30276 0.0483438 0.0431042
48 0.0677266 0.636677 0.0753906 0.151521
48 0.105086 0.375896 0.0269219 0.0517917
48 0.0508516 0.346417 0.0532656 0.065125
48 0.152484 0.22099 0.0379688 0.0659375
48 0.0635391 0.291458 0.0468281 0.0567917
48 0.141711 0.43199 0.0135469 0.0232708
48 0.0565 0.603667 0.0861875 0.0444583
48 0.110633 0.253229 0.0400469 0.0468333
48 0.0819141 0.248896 0.0428594 0.046
48 0.0121563 0.465896 0.0243125 0.101958
48 0.0116094 0.382625 0.0232187 0.0709583
44 0.722648 0.530656 0.0538281 0.0631458
44 0.588727 0.584656 0.0708906 0.0925625
44 0.263492 0.491042 0.0771094 0.10225
44 0.611141 0.350125 0.0367188 0.0495
44 0.525563 0.70025 0.0851875 0.106667
44 0.732063 0.391615 0.0436563 0.0607708
44 0.436078 0.490927 0.0749375 0.107063
44 0.717969 0.306542 0.045375 0.064875
44 0.698922 0.412948 0.0625 0.0792292
44 0.361133 0.24801 0.0476406 0.0635208
44 0.737195 0.497698 0.0672969 0.100521
44 0.579984 0.343208 0.04325 0.0560417
44 0.761703 0.357938 0.0524687 0.0707083
44 0.362766 0.402302 0.0480312 0.0634792
44 0.631969 0.539563 0.0473438 0.045375
44 0.599211 0.490948 0.0722969 0.106396
44 0.826914 0.527948 0.0601406 0.0614792
44 0.497484 0.408615 0.0526875 0.0661875
44 0.461914 0.581281 0.0755781 0.104104
44 0.331352 0.296521 0.0477656 0.0563333
44 0.257414 0.401458 0.0671094 0.0879167
44 0.409219 0.407521 0.0675937 0.0907083
44 0.915984 0.645031 0.0699063 0.0963542
44 0.284375 0.253042 0.0262812 0.0304167
44 0.654258 0.415458 0.0389219 0.0566667
44 0.527195 0.346021 0.0577031 0.0833333
44 0.440391 0.289208 0.0420625 0.0568333
44 0.574648 0.264719 0.0428281 0.0596875
44 0.377617 0.477667 0.0594219 0.0755833
44 0.261094 0.278708 0.0545625 0.074875
44 0.622297 0.632052 0.0736563 0.0861458
44 0.231102 0.238385 0.0242969 0.0333958
44 0.380367 0.558844 0.0767344 0.102813
44 0.217188 0.475031 0.0544687 0.0898125
44 0.537594 0.544229 0.0690313 0.095125
44 0.236914 0.69975 0.0868594 0.122958
44 0.714789 0.578104 0.0600156 0.0809167
44 0.696703 0.345979 0.0492187 0.059375
44 0.885789 0.571646 0.0640781 0.0824583
44 0.430492 0.702021 0.0896094 0.1175
44 0.486344 0.617958 0.0853437 0.115708
44 0.474234 0.251208 0.0501875 0.065375
44 0.416812 0.608458 0.0573125 0.055375
44 0.872352 0.487479 0.0688594 0.0933333
44 0.456578 0.538594 0.0711563 0.0674375
44 0.316812 0.706187 0.085 0.115917
44 0.670492 0.245833 0.0219219 0.03025
44 0.29293 0.24349 0.0317344 0.0494375
44 0.2185 0.282177 0.0325 0.0571875
44 0.295594 0.285823 0.0197813 0.0442292
44 0.251141 0.246823 0.0445 0.0516042
44 0.776133 0.56074 0.0634531 0.0589375
44 0.403109 0.339146 0.0580625 0.0742083
44 0.915273 0.546667 0.0494219 0.0938333
44 0.97218 0.681583 0.0556406 0.098875
44 0.23632 0.342865 0.0443594 0.0674792
44 0.558734 0.306406 0.044625 0.0425625
44 0.711789 0.480021 0.0349844 0.0625417
44 0.793461 0.389156 0.0413594 0.0356458
44 0.655633 0.603437 0.0821406 0.124333
44 0.547055 0.419354 0.0682656 0.0817917
44 0.443945 0.404083 0.0272969 0.0626667
44 0.505797 0.295323 0.0526875 0.0760208
44 0.619719 0.702302 0.0812812 0.107938
44 0.310422 0.403479 0.0475 0.0630833
44 0.780609 0.473531 0.0501875 0.0712292
44 0.789727 0.687083 0.0879531 0.1085
44 0.22518 0.29975 0.0232656 0.0482083
44 0.700367 0.681406 0.0832656 0.116146
44 0.274422 0.604281 0.0882813 0.120271
44 0.473828 0.349187 0.0534375 0.0698333
44 0.283008 0.339719 0.0638281 0.0840208
44 0.268406 0.212125 0.0434063 0.0536667
44 0.649102 0.351667 0.0521406 0.0755417
44 0.540148 0.479542 0.0602344 0.0645417
44 0.610398 0.29974 0.0498594 0.0654792
44 0.818219 0.494792 0.045375 0.0479583
44 0.294297 0.560937 0.0583438 0.0535
44 0.816789 0.429958 0.0582969 0.0793333
44 0.65568 0.266437 0.0215469 0.02675
44 0.564266 0.219094 0.0413437 0.0474375
44 0.299984 0.467562 0.037125 0.0438333
44 0.773281 0.615771 0.0624062 0.0848333
44 0.688828 0.275458 0.0233437 0.0247917
44 0.300867 0.428385 0.0430781 0.0705208
44 0.536391 0.245 0.0239688 0.0397917
44 0.968109 0.589625 0.063375 0.0961667
44 0.614516 0.405271 0.0515 0.0675417
44 0.365695 0.442094 0.0425469 0.0606458
44 0.691141 0.249229 0.0275 0.035375
44 0.563203 0.401833 0.0455 0.0589167
44 0.709539 0.263208 0.0252031 0.0335833
44 0.839641 0.451083 0.0520938 0.0472083
44 0.664898 0.477302 0.0592344 0.0792292
44 0.487406 0.666583 0.08 0.0669167
44 0.646156 0.315875 0.032 0.0191667
44 0.313391 0.534354 0.0614375 0.0952917
44 0.658328 0.737271 0.0480312 0.05125
44 0.544312 0.260385 0.029625 0.0402708
44 0.597969 0.25249 0.026375 0.0341042
44 0.326477 0.625115 0.0445469 0.0789375
44 0.855773 0.68525 0.0717656 0.10225
44 0.758117 0.407844 0.0471719 0.0342292
44 0.833055 0.600823 0.0757656 0.109229
44 0.505039 0.476198 0.0473594 0.0806875
44 0.383461 0.295969 0.0552969 0.0714375
44 0.471516 0.730885 0.0745625 0.0699375
44 0.580125 0.447667 0.0234688 0.0315417
44 0.216164 0.571396 0.0694844 0.0990833
44 0.680719 0.371906 0.0326875 0.0346042
44 0.350555 0.346552 0.0508281 0.0677708
44 0.467586 0.301073 0.0286406 0.0446042