46 0.355148 0.157604 0.00789063 0.00750547
46 0.284445 0.190153 0.00601563 0.00582057
46 0.285141 0.11721 0.00615625 0.00698031
46 0.346148 0.174234 0.00714063 0.00693654
46 0.255508 0.163042 0.00545313 0.00564551
46 0.245289 0.145317 0.00814063 0.00971554
46 0.268477 0.175558 0.00585938 0.00538293
46 0.366563 0.155635 0.00475 0.0061488
46 0.292016 0.170656 0.0095625 0.00512035
46 0.313359 0.173589 0.00934375 0.00870897
46 0.341891 0.102943 0.0056875 0.00667396
46 0.363656 0.134792 0.00890625 0.00691466
46 0.239102 0.136718 0.00751562 0.0102407
46 0.304125 0.186871 0.0084375 0.0141794
46 0.218531 0.139453 0.0055 0.00442013
46 0.263922 0.123129 0.00659375 0.00665208
46 0.340477 0.130547 0.00435938 0.00673961
46 0.357031 0.141411 0.0094375 0.00873085
46 0.314914 0.0950328 0.00582812 0.00888403
46 0.366289 0.118807 0.00348438 0.00461707
46 0.292148 0.104573 0.00751562 0.00564551
46 0.307688 0.107998 0.0075625 0.00925602
46 0.319672 0.172768 0.00309375 0.00330416
46 0.362172 0.145438 0.00978125 0.010744
46 0.333367 0.167046 0.0102656 0.0105033