43 0.33784 0.660253 0.05588 0.0527733
43 0.37029 0.675893 0.05854 0.0234667
43 0.60006 0.600307 0.04856 0.0636
43 0.6492 0.59988 0.06188 0.0676
43 0.56229 0.624747 0.02634 0.0264
43 0.70935 0.611173 0.02698 0.0242133
43 0.48484 0.5786 0.0154 0.0366667
43 0.4282 0.582147 0.02852 0.03768
43 0.45798 0.643907 0.05756 0.0490933
43 0.40616 0.64964 0.03936 0.04664
43 0.41698 0.611307 0.01136 0.04144
43 0.59599 0.603773 0.05382 0.0883467
43 0.48999 0.639093 0.02326 0.0346133
43 0.55022 0.598653 0.05644 0.0796533
43 0.63857 0.61096 0.02194 0.0405867
43 0.63202 0.62336 0.03464 0.0296533
43 0.40236 0.611747 0.02112 0.0366667
43 0.44074 0.643627 0.0252 0.0281067
43 0.5083 0.624107 0.0618 0.0616
43 0.45831 0.58644 0.0223 0.0469067