59 0.3815 0.792547 0.15508 0.213893
59 0.48152 0.640133 0.14712 0.185387
59 0.52878 0.818347 0.15132 0.20416
14 0.60623 0.431027 0.2877 0.38152
14 0.71302 0.5632 0.25404 0.564373
10 0.33653 0.18912 0.01814 0.0299733
10 0.35695 0.16088 0.05046 0.05952
10 0.27918 0.204987 0.04024 0.0421333
10 0.45956 0.156787 0.03788 0.0484533
10 0.31327 0.518587 0.04706 0.05856
10 0.40026 0.488187 0.04456 0.0643733
10 0.4224 0.1614 0.04304 0.0525067
10 0.29974 0.294453 0.0306 0.0358933
10 0.34223 0.268947 0.04586 0.05672
10 0.47567 0.364587 0.0545 0.0664
10 0.44348 0.395013 0.0464 0.052
10 0.3869 0.19348 0.0392 0.0547467
10 0.30336 0.154627 0.05884 0.05128
10 0.41208 0.3664 0.04768 0.0608
10 0.31296 0.192933 0.04364 0.0613333
10 0.38566 0.410947 0.03112 0.04472
10 0.42046 0.43448 0.055 0.0746133
10 0.3653 0.373027 0.04612 0.0682933
10 0.37693 0.457347 0.03994 0.0601867
10 0.34479 0.41772 0.0461 0.0527733
10 0.4838 0.298267 0.04316 0.0613333
10 0.46439 0.202067 0.04658 0.0493067
10 0.45224 0.10336 0.05112 0.0633067
10 0.29638 0.414853 0.0454 0.04896
10 0.33857 0.475973 0.05086 0.0671467
10 0.46952 0.2598 0.04404 0.0569333
10 0.44019 0.332573 0.04358 0.0683467
10 0.52018 0.34368 0.04452 0.0667733
10 0.29464 0.36488 0.05096 0.0482133
10 0.46319 0.44352 0.03922 0.0571733
10 0.32888 0.384667 0.04548 0.0569067
10 0.32125 0.295573 0.01942 0.0253867
10 0.26507 0.279627 0.02958 0.0397333
10 0.42572 0.218773 0.03576 0.0389867
10 0.30963 0.25816 0.0353 0.0411733
10 0.38888 0.138853 0.03808 0.0546133
10 0.51985 0.285053 0.0325 0.0484533
6 0.22557 0.45784 0.24114 0.724693