8 0.875914 0.489625 0.0412969 0.0647307
8 0.102828 0.553103 0.02925 0.0594145
8 0.768016 0.28863 0.0281875 0.0318267
8 0.211008 0.695515 0.0869531 0.091452
8 0.831 0.473665 0.0600938 0.0619438
8 0.249594 0.78726 0.0931562 0.0958782
8 0.115742 0.850047 0.0497344 0.151429
8 0.599711 0.728115 0.0907656 0.0891569
8 0.291336 0.254169 0.0405156 0.0488056
8 0.303711 0.287471 0.0229219 0.0241218
8 0.775383 0.278876 0.0534844 0.0439813
8 0.593719 0.568232 0.0213438 0.0780094
8 0.156609 0.836019 0.0252812 0.0777049
8 0.227117 0.447026 0.0456406 0.0935363
8 0.563344 0.568466 0.0844688 0.112155