38 0.731508 0.297835 0.0737344 0.0729916
38 0.320297 0.583609 0.0425625 0.0287657
38 0.31893 0.598368 0.0552031 0.0479079
38 0.365828 0.911747 0.128688 0.176506
38 0.645141 0.769634 0.0337187 0.056046
38 0.475195 0.131663 0.0641406 0.130481
38 0.689844 0.746569 0.116031 0.114854
38 0.348445 0.600157 0.0242031 0.0279289
38 0.141469 0.553483 0.072 0.0252092
38 0.482352 0.715659 0.110141 0.0966318
38 0.269148 0.551433 0.0270469 0.0212762
38 0.726016 0.329571 0.113656 0.0565481
38 0.562523 0.680262 0.157172 0.109351