52 0.12612 0.60086 0.119547 0.156
52 0.600467 0.20319 0.112987 0.08958
52 0.2094 0.46886 0.0876533 0.05928
52 0.12152 0.42227 0.132427 0.1549
52 0.420693 0.36289 0.158987 0.15802
52 0.36244 0.39308 0.234267 0.26
52 0.238667 0.57987 0.164373 0.11194
52 0.352213 0.61189 0.140427 0.12494
52 0.281453 0.30325 0.24056 0.1623
52 0.20284 0.28523 0.179387 0.20074
52 0.554 0.37142 0.29344 0.08712
52 0.15836 0.35444 0.208453 0.1576
52 0.264293 0.24461 0.14336 0.12974
52 0.425133 0.57654 0.09368 0.1454
52 0.442187 0.23992 0.0782933 0.06128
52 0.75736 0.33052 0.09248 0.05744
52 0.23028 0.41618 0.0963467 0.09264
52 0.21692 0.54027 0.0602933 0.07178
52 0.544053 0.30698 0.150347 0.13392
52 0.47228 0.48225 0.18808 0.2007
52 0.387147 0.44577 0.0909333 0.10026
52 0.121067 0.50209 0.177227 0.15774
52 0.42044 0.47888 0.14376 0.13768