14 0.120596 0.55211 0.17185 0.24814
14 0.0310502 0.54617 0.0621003 0.15174
14 0.0218495 0.60489 0.0223197 0.04302
14 0.0228213 0.49033 0.0346082 0.11394
14 0.0167398 0.46837 0.0334796 0.21718
55 0.483072 0.05842 0.0692163 0.11176
55 0.873668 0.62375 0.117053 0.17982
55 0.363339 0.14344 0.059906 0.02932
55 0.38384 0.19289 0.0991536 0.06458
55 0.420925 0.15106 0.0476176 0.03276
55 0.440893 0.21568 0.187743 0.099
55 0.3571 0.1595 0.0457994 0.03968
55 0.38547 0.135 0.141724 0.10824
55 0.348699 0.14066 0.0790909 0.07444
55 0.417759 0.16902 0.0649216 0.13472
55 0.430596 0.22163 0.106834 0.12186
55 0.471583 0.20633 0.0397806 0.0281
55 0.942586 0.61353 0.114013 0.17222
55 0.523417 0.13757 0.174734 0.04742
55 0.584122 0.13397 0.235204 0.26794
43 0.313903 0.40231 0.258339 0.22862
43 0.323056 0.41752 0.360721 0.25088
43 0.343511 0.42184 0.106019 0.06284
11 0.247696 0.586 0.29627 0.2016
11 0.506944 0.46778 0.169498 0.12924
11 0.767633 0.4725 0.236019 0.23024
11 0.676693 0.60114 0.25094 0.1914
17 0.735972 0.2076 0.0414734 0.1146
17 0.617884 0.22679 0.141975 0.12378
17 0.261097 0.12551 0.315172 0.25102
17 0.781411 0.10336 0.248903 0.20672
17 0.839232 0.11817 0.188245 0.14966
17 0.950282 0.09006 0.0939812 0.18012
17 0.868558 0.08957 0.180125 0.17862
17 0.170658 0.84018 0.0763009 0.09292
17 0.0782759 0.15224 0.15605 0.12984
17 0.816818 0.84288 0.0603448 0.0578