11 0.607617 0.281796 0.0882344 0.148673
11 0.610484 0.423924 0.104469 0.0903661
11 0.675125 0.516945 0.084 0.110595
11 0.730461 0.161945 0.0550469 0.0791762
11 0.565719 0.858581 0.0797188 0.183066
11 0.582977 0.379039 0.0925469 0.105538
11 0.456867 0.802346 0.0995156 0.125195
11 0.773789 0.219153 0.101516 0.0867277
11 0.312766 0.492494 0.084625 0.14595
11 0.553047 0.327174 0.0563125 0.0791533
11 0.377328 0.635114 0.03025 0.0937986
11 0.511813 0.244302 0.0708125 0.0943707
11 0.64075 0.491476 0.09025 0.0993822
11 0.639305 0.793776 0.0771094 0.131259
11 0.756977 0.280595 0.0471094 0.0918993
11 0.710039 0.287517 0.0982969 0.153066
11 0.568445 0.217986 0.0902344 0.149245
11 0.643148 0.673902 0.121516 0.181762
11 0.652977 0.270309 0.0231719 0.039611
11 0.753359 0.381133 0.0972812 0.113661
11 0.384242 0.753398 0.0562344 0.13627
11 0.338898 0.382414 0.0718594 0.107941
11 0.675367 0.384119 0.110016 0.127277
11 0.726391 0.600961 0.0904688 0.104073
11 0.639289 0.597014 0.0896094 0.081762
11 0.377766 0.413478 0.0756563 0.120046
11 0.457648 0.489188 0.100672 0.103089
11 0.692148 0.177677 0.0632031 0.108261
11 0.548219 0.578913 0.0975625 0.116819
11 0.758938 0.479771 0.0994063 0.117437
11 0.693867 0.447277 0.0307656 0.0459954
11 0.603187 0.246419 0.0593437 0.098238
11 0.444492 0.294233 0.0773906 0.0924027
11 0.608875 0.558467 0.0400625 0.0456751
11 0.745602 0.55222 0.108922 0.14357
11 0.510891 0.583375 0.0350937 0.0416705
11 0.405109 0.608078 0.0459375 0.106087
11 0.658859 0.139851 0.08225 0.0824943
11 0.704141 0.746327 0.0672813 0.222998
11 0.562945 0.681545 0.0540469 0.0670252
11 0.446266 0.671613 0.0875937 0.190686
11 0.647211 0.194794 0.0328281 0.0326087
11 0.374219 0.725904 0.0505313 0.109611
11 0.512648 0.848146 0.0867969 0.162883
11 0.465 0.534703 0.0790312 0.11746
11 0.406695 0.372895 0.0506719 0.100435
11 0.386469 0.517426 0.106406 0.118421
11 0.435953 0.408261 0.0601875 0.120503
11 0.541664 0.457208 0.101797 0.165034
11 0.553383 0.41087 0.0889219 0.0777574
11 0.494828 0.376796 0.09375 0.132494
11 0.505812 0.679783 0.102188 0.165057
11 0.562133 0.763616 0.0316719 0.0508009