59 0.537876 0.242631 0.147745 0.147745
59 0.235196 0.494142 0.182647 0.162206
59 0.278497 0.352296 0.164869 0.156225
59 0.583145 0.59549 0.186258 0.181863
59 0.390882 0.653717 0.143595 0.148448
59 0.739583 0.386462 0.156422 0.151846
59 0.470343 0.441413 0.124085 0.12969
59 0.384796 0.661593 0.0525327 0.0445915
14 0.337761 0.220433 0.109641 0.0919771
14 0.442761 0.590588 0.0355556 0.0546078
14 0.52406 0.708513 0.0978922 0.0967647
14 0.124289 0.36768 0.127631 0.110065
14 0.861413 0.601879 0.125768 0.112451
14 0.259232 0.766544 0.143431 0.100833
14 0.783864 0.723505 0.13799 0.124199
14 0.499126 0.79259 0.13835 0.107402
14 0.749583 0.652614 0.122958 0.103824
14 0.647549 0.78174 0.150261 0.118971
14 0.893603 0.489167 0.0532843 0.0627778
14 0.0857598 0.503619 0.108186 0.112958
14 0.487949 0.18692 0.108709 0.0825654
14 0.410245 0.352181 0.0894771 0.081781
14 0.746029 0.278178 0.0872876 0.039232
14 0.291569 0.7429 0.126993 0.107598
14 0.145057 0.655752 0.131683 0.155327
14 0.212557 0.262516 0.141029 0.10817