24 0.725656 0.901667 0.0359688 0.0305
24 0.704789 0.915313 0.0269219 0.02025
24 0.524102 0.914479 0.0336719 0.0451667
24 0.603422 0.902385 0.0267812 0.0191875
24 0.579023 0.831542 0.0286406 0.0128333
24 0.758555 0.879479 0.0423594 0.01725
24 0.601359 0.77426 0.039125 0.0369375
24 0.764359 0.925667 0.017875 0.0120417
24 0.574297 0.906865 0.0487812 0.0226458
24 0.741992 0.927344 0.0354844 0.0288958
24 0.596531 0.804906 0.0492187 0.0373542
24 0.5875 0.843406 0.0352813 0.0118542
24 0.879008 0.856156 0.0393906 0.0307708
24 0.575531 0.845583 0.044125 0.0171667
24 0.556391 0.859344 0.03075 0.0246042
24 0.584234 0.860187 0.03175 0.0145417
24 0.77225 0.866552 0.0392188 0.0344792
24 0.991016 0.937469 0.0179687 0.0150625
24 0.61018 0.833073 0.0394219 0.0179375
24 0.772984 0.941979 0.0377813 0.02575
24 0.842727 0.855854 0.0384844 0.066625
24 0.566234 0.887823 0.0451875 0.0258958
24 0.607055 0.841344 0.0353594 0.0134792
24 0.812359 0.895448 0.08 0.0588958
24 0.758375 0.895823 0.0394375 0.0207708
24 0.758141 0.912927 0.0350937 0.0201458