11 0.150516 0.234792 0.296531 0.46
11 0.910148 0.51624 0.179703 0.402604
11 0.917312 0.758781 0.164219 0.287438
11 0.42843 0.278021 0.169484 0.0980833
11 0.467828 0.536031 0.685312 0.614646
11 0.817492 0.702438 0.122547 0.365792
11 0.0208125 0.42925 0.0394062 0.150792
11 0.396391 0.889479 0.425281 0.221042
11 0.730266 0.210302 0.186719 0.418979
11 0.808203 0.436906 0.1235 0.198396
11 0.141133 0.708615 0.282266 0.347687
11 0.677367 0.909792 0.307547 0.17575
11 0.8995 0.924104 0.143844 0.151792
11 0.822648 0.177135 0.132266 0.354271