11 0.875555 0.618219 0.0519531 0.0622292
11 0.951703 0.521552 0.0655625 0.0764792
11 0.906086 0.625635 0.0242344 0.0338542
11 0.937594 0.555052 0.0361563 0.0351458
11 0.988602 0.5265 0.0227969 0.0391667
11 0.974758 0.567656 0.0491719 0.0432292
11 0.855461 0.564615 0.0557656 0.0676875
11 0.960102 0.647385 0.0525781 0.0361875
11 0.903211 0.550635 0.0507656 0.0628125
11 0.986062 0.633 0.027875 0.055625
11 0.922656 0.634667 0.0275313 0.034625
11 0.9345 0.591135 0.0640312 0.0484792
11 0.965016 0.683094 0.051375 0.0579375
26 0.686164 0.402385 0.101859 0.114146
26 0.43568 0.476219 0.106734 0.117771
26 0.517117 0.45326 0.0479531 0.0515625
26 0.642734 0.514042 0.06025 0.07675
26 0.674773 0.493594 0.0715781 0.0988542
26 0.422141 0.544479 0.108594 0.155167
26 0.594758 0.398375 0.0382656 0.0633333
26 0.552336 0.535 0.0777656 0.105167
26 0.605813 0.528208 0.0460625 0.0764167
26 0.636891 0.443073 0.0967812 0.0721042
26 0.544242 0.437521 0.0915781 0.108167
24 0.0850234 0.68701 0.0435469 0.0669375
24 0.141461 0.595833 0.130547 0.126333
24 0.0326406 0.609448 0.0652812 0.0799792
24 0.0575234 0.487771 0.0421719 0.0908333
24 0.0418672 0.657927 0.0827344 0.132021
24 0.0877187 0.639073 0.0860625 0.100479
24 0.0953828 0.610156 0.170891 0.190229
24 0.123867 0.686531 0.0457031 0.0455208
24 0.0309922 0.693167 0.0602031 0.0893333
24 0.0186953 0.474833 0.0365469 0.0479583
24 0.0484375 0.437229 0.0293438 0.028625
3 0.641859 0.254479 0.0623125 0.09
3 0.523484 0.127396 0.0771875 0.108083
3 0.715664 0.246917 0.0569219 0.085125
3 0.412078 0.206365 0.08 0.0955625
3 0.473305 0.17901 0.0714844 0.0838958
3 0.520289 0.25949 0.0727656 0.0956458
3 0.683844 0.256667 0.0507812 0.0766667
3 0.587844 0.116219 0.0555625 0.0620208
3 0.461969 0.259552 0.0908438 0.0981875
3 0.368445 0.12875 0.0659531 0.116167
3 0.572617 0.18449 0.0691094 0.0861875
3 0.625875 0.192333 0.0459062 0.0554583
3 0.584297 0.253729 0.069625 0.109167
3 0.52818 0.203219 0.0410469 0.0569792
3 0.618633 0.159281 0.0561406 0.0471875
3 0.67 0.196365 0.0591563 0.0622292
3 0.442227 0.112031 0.0977344 0.0930625
14 0.855609 0.210583 0.0356563 0.135292
14 0.972734 0.173125 0.0505 0.0715833
14 0.886234 0.159583 0.0800937 0.08425
14 0.936875 0.203365 0.0854062 0.137896
14 0.892352 0.233479 0.0315469 0.0615417
14 0.977367 0.242198 0.0247969 0.0309375
14 0.901047 0.197917 0.0692813 0.129042
14 0.98275 0.217052 0.0336875 0.0592292
14 0.919891 0.162948 0.0376875 0.0602708
14 0.905992 0.263979 0.0396094 0.0669167
14 0.962961 0.25825 0.0344219 0.04
14 0.885375 0.206458 0.0635938 0.1415
14 0.941883 0.265167 0.0206406 0.04525
14 0.889344 0.234969 0.0719063 0.152312
14 0.940453 0.257656 0.0437188 0.0566458
14 0.987461 0.216479 0.0236094 0.0350417
14 0.988789 0.179615 0.0221094 0.0397292
14 0.969664 0.203885 0.0606719 0.100729
14 0.994945 0.256094 0.00942187 0.0123125
14 0.912719 0.247833 0.0164687 0.0349583
14 0.968961 0.144938 0.0617969 0.05675
14 0.903516 0.214635 0.0525937 0.113229
14 0.872687 0.244021 0.026625 0.0847917
14 0.831781 0.178562 0.0266875 0.0741667
14 0.935492 0.181406 0.0222344 0.0587708
14 0.968219 0.186208 0.0635625 0.0928333
14 0.953695 0.291344 0.0585781 0.0738125
14 0.880812 0.12476 0.0400625 0.0372708
4 0.519383 0.876708 0.0250469 0.206625
4 0.640641 0.874125 0.0160313 0.176625
4 0.423187 0.72199 0.0270312 0.0400208
4 0.284328 0.845771 0.029375 0.100875
4 0.243352 0.855635 0.0146094 0.157437
4 0.481859 0.666198 0.0135 0.0365625
4 0.339047 0.907 0.0398437 0.181167
4 0.503789 0.883458 0.0155781 0.2105
4 0.490164 0.648115 0.0137656 0.0304792
4 0.40675 0.722656 0.0198125 0.0112708
4 0.351367 0.916927 0.0302969 0.166146
4 0.702016 0.882146 0.090875 0.132542
4 0.471211 0.63651 0.00814063 0.0163958
4 0.416055 0.816333 0.00845313 0.0540833
4 0.527047 0.701927 0.00634375 0.0341042
4 0.398094 0.932531 0.020875 0.128854
4 0.368773 0.848635 0.0110156 0.123104
4 0.465703 0.846823 0.0108125 0.111896
4 0.618883 0.88075 0.0286406 0.190583
4 0.533961 0.824927 0.0386719 0.196854
4 0.68457 0.821188 0.0405781 0.107708
4 0.327641 0.798646 0.012125 0.064
4 0.464781 0.661656 0.026375 0.0448958
4 0.497102 0.717823 0.0109531 0.0828125
4 0.411289 0.938917 0.0148594 0.118917
4 0.586906 0.736917 0.0109687 0.163083
4 0.693641 0.891 0.0775 0.112792
4 0.558945 0.674406 0.0178906 0.0810208
4 0.539656 0.80849 0.009625 0.119854
4 0.43068 0.948635 0.0150156 0.0798125
4 0.555195 0.675573 0.0182656 0.0925625
4 0.312039 0.750906 0.00910937 0.0316875
4 0.372773 0.704292 0.00985938 0.0221667
4 0.418531 0.93175 0.0107188 0.131208
4 0.412266 0.730656 0.0402813 0.0183958
4 0.544078 0.675406 0.025 0.0910208
4 0.395109 0.92326 0.0210938 0.150896
4 0.577484 0.831531 0.0167187 0.209229
4 0.353805 0.731302 0.0144844 0.0117708
4 0.629328 0.902104 0.02 0.141042
4 0.604531 0.751719 0.013625 0.191688
4 0.488656 0.736563 0.00815625 0.0622917
4 0.550586 0.844792 0.0248281 0.198417
4 0.339602 0.787052 0.0121094 0.0315208
4 0.527344 0.874573 0.0185 0.193771
4 0.421336 0.812083 0.00485937 0.054875
4 0.395375 0.788583 0.00865625 0.02025
4 0.29943 0.926562 0.0253281 0.146417
4 0.611305 0.734937 0.0200156 0.173208
4 0.283945 0.901281 0.0130781 0.125146
4 0.402328 0.932813 0.0204375 0.134375
4 0.392391 0.708333 0.015375 0.0284583
4 0.376055 0.841552 0.0294219 0.0594792
4 0.367938 0.731583 0.00884375 0.0361667
4 0.405195 0.819625 0.0166406 0.0626667
4 0.572633 0.847708 0.0172344 0.172417
4 0.700367 0.910937 0.0171719 0.026
4 0.396016 0.693 0.012 0.0165
4 0.26582 0.884656 0.0191094 0.197271
4 0.712531 0.755885 0.0200938 0.0269792
4 0.59582 0.75026 0.0163281 0.211104
4 0.589695 0.783719 0.0206094 0.163271
4 0.488367 0.934896 0.0144219 0.130208
4 0.46018 0.892823 0.0152031 0.214354
4 0.334281 0.746198 0.00728125 0.0243542
4 0.474617 0.660948 0.0182656 0.0489792
4 0.475086 0.892052 0.0119219 0.214854
4 0.342898 0.756417 0.0102344 0.02075
4 0.429469 0.856719 0.0076875 0.0369375
4 0.501148 0.673906 0.00979688 0.0263958
4 0.430969 0.962688 0.0075 0.0730833
4 0.541906 0.626281 0.0073125 0.0181875
4 0.698055 0.822667 0.0359219 0.067875
4 0.309375 0.915625 0.0219688 0.165667
4 0.579281 0.738615 0.00875 0.157271
4 0.648156 0.864708 0.0138437 0.181458
4 0.42332 0.84675 0.00657812 0.0197083
4 0.450469 0.87 0.0091875 0.179583
4 0.566242 0.828437 0.0215469 0.1855
4 0.302414 0.802229 0.0151094 0.0755
4 0.674289 0.788469 0.0255781 0.0410208
4 0.503945 0.718323 0.00898437 0.0416875
4 0.528375 0.969135 0.0558438 0.0482292
4 0.290867 0.844542 0.0271406 0.0769583
4 0.474313 0.746792 0.010375 0.0566667
4 0.376648 0.729625 0.00714063 0.028875
4 0.683625 0.799271 0.0412813 0.110458
4 0.41018 0.693333 0.0140469 0.0195
4 0.631852 0.789344 0.00479687 0.0262708
4 0.290625 0.847385 0.0137813 0.153104
4 0.325867 0.756854 0.0105781 0.01
4 0.48518 0.876927 0.0121094 0.201021
4 0.275961 0.757646 0.00773437 0.0301667
4 0.435625 0.725021 0.017375 0.0239583
4 0.387961 0.920646 0.0192344 0.154625
4 0.252867 0.75926 0.00595313 0.0169375
4 0.703062 0.826927 0.0490312 0.0687292
4 0.409281 0.778729 0.0103125 0.0199583
4 0.533172 0.894625 0.0133437 0.138958
4 0.536133 0.680521 0.0255781 0.074875
4 0.699984 0.860385 0.0782812 0.105896
4 0.427578 0.697177 0.0215312 0.0569375
4 0.658984 0.82351 0.0135625 0.0930208
4 0.687109 0.832917 0.0470313 0.09675
4 0.442102 0.917052 0.0132656 0.162312
4 0.3275 0.91574 0.0415937 0.168521
4 0.359031 0.817625 0.0089375 0.0347083
4 0.278164 0.907292 0.0163906 0.185417
4 0.422266 0.766948 0.0104063 0.0353542
4 0.344945 0.877219 0.00742187 0.0335625
4 0.409945 0.929063 0.0220781 0.141875
4 0.568016 0.662021 0.009625 0.0735833
4 0.510352 0.770729 0.00942187 0.0217917
4 0.387359 0.809688 0.0119063 0.0505833
4 0.305938 0.762563 0.0109063 0.0288333
4 0.429203 0.901458 0.0170625 0.0939167
4 0.275852 0.777948 0.0115469 0.0112708
4 0.407719 0.714938 0.013125 0.021375
4 0.417156 0.786208 0.005125 0.011875
4 0.256617 0.853458 0.00923437 0.07975
4 0.465469 0.726417 0.0223125 0.0769167
4 0.628406 0.868812 0.0258437 0.214875
4 0.450828 0.74699 0.00696875 0.0156042