11 0.425195 0.24826 0.112109 0.139479
11 0.271195 0.602115 0.107047 0.138771
11 0.686813 0.52825 0.101344 0.129833
59 0.565656 0.732938 0.0535 0.0663333
59 0.626758 0.389948 0.0562969 0.0575208
59 0.320945 0.453865 0.0423906 0.0695208
59 0.673359 0.624406 0.0498125 0.0618958
59 0.378891 0.31674 0.0447188 0.0563125
59 0.246375 0.43926 0.0361563 0.0525625
59 0.455516 0.77726 0.0417812 0.0536042
59 0.219117 0.467594 0.0435781 0.0604375
59 0.343773 0.720719 0.0514531 0.0576875
59 0.537641 0.25249 0.0394375 0.0581458
59 0.325523 0.351448 0.0471719 0.0625208
14 0.565367 0.732979 0.0541719 0.0670417
14 0.67268 0.624833 0.0495156 0.06425
14 0.324992 0.350656 0.0467344 0.0625625
14 0.537406 0.251948 0.0401875 0.0566042
14 0.343984 0.720417 0.0514063 0.0576667
14 0.218891 0.467167 0.0443438 0.0602083
14 0.356922 0.285573 0.026875 0.0369375
14 0.456234 0.777948 0.04 0.0523125
14 0.246602 0.43925 0.0357969 0.0525
14 0.615539 0.388552 0.0323906 0.0552292
14 0.379422 0.31425 0.04525 0.05525
14 0.641297 0.385177 0.0302187 0.0440208
14 0.320898 0.453854 0.0423906 0.0695
42 0.674266 0.440646 0.0961562 0.07
42 0.619484 0.739323 0.0564063 0.111687
42 0.417008 0.572937 0.0550781 0.0667917
42 0.569977 0.271844 0.0767031 0.104438
42 0.462859 0.53476 0.0419062 0.0927292
42 0.573562 0.410667 0.0277813 0.06275
42 0.319406 0.290958 0.0676563 0.0593333
42 0.242391 0.475646 0.106156 0.084625
42 0.381969 0.781885 0.0650625 0.129187