14 0.912906 0.886271 0.0545312 0.0830833
14 0.729156 0.744792 0.35575 0.510417
14 0.508258 0.506896 0.187078 0.265625
14 0.361945 0.89424 0.172547 0.181479
14 0.532477 0.735354 0.104359 0.501583
14 0.269453 0.22699 0.0639687 0.145896
14 0.403883 0.193729 0.275078 0.117125
14 0.398289 0.338125 0.0898906 0.266333
14 0.686008 0.759021 0.0485781 0.104792
14 0.46375 0.914354 0.110125 0.137708
14 0.396805 0.853115 0.0279219 0.106646
14 0.131352 0.860865 0.0824219 0.187021
14 0.140469 0.938979 0.0697812 0.122042
14 0.493719 0.486292 0.173844 0.0911667
14 0.488984 0.375406 0.0359063 0.111146
14 0.259039 0.966625 0.111047 0.0618333
14 0.473734 0.365781 0.397094 0.419146
14 0.456461 0.337375 0.0822344 0.12975
14 0.343117 0.80501 0.0271406 0.0762708
14 0.500609 0.605958 0.0933438 0.172792