14 0.552336 0.207977 0.152047 0.118797
14 0.735273 0.16657 0.0802344 0.0623594
14 0.348422 0.168242 0.134875 0.125891
14 0.700859 0.245867 0.091375 0.106859
14 0.589711 0.256039 0.173703 0.113672
14 0.667594 0.180617 0.0784062 0.0578594
14 0.91618 0.252094 0.0902344 0.0846875
14 0.83693 0.190055 0.0930781 0.0446094
14 0.466508 0.154133 0.120797 0.0997031
14 0.506961 0.119883 0.108516 0.0675781
14 0.818727 0.22893 0.122609 0.0795781
14 0.798328 0.282297 0.150375 0.128875
14 0.378484 0.20357 0.190531 0.0898906
11 0.261055 0.412172 0.449641 0.517563
11 0.739195 0.48732 0.353203 0.367891
11 0.501375 0.613953 0.681344 0.631344
11 0.0782812 0.390656 0.104406 0.411
11 0.176258 0.225172 0.233391 0.142562