43 0.64682 0.607359 0.126078 0.0988028
43 0.270609 0.503146 0.0904062 0.0908451
43 0.58632 0.346784 0.0862969 0.136244
43 0.7315 0.412606 0.0177187 0.036385
43 0.586898 0.357453 0.0341406 0.119554
43 0.423461 0.334777 0.0231406 0.0208216
8 0.863125 0.434554 0.0449688 0.0650235
8 0.46943 0.658862 0.174609 0.171385
8 0.338461 0.365927 0.0770469 0.117254
8 0.755305 0.438521 0.0542031 0.0638498
8 0.442133 0.436948 0.0964531 0.0551643
8 0.470422 0.409742 0.079125 0.061784
8 0.313023 0.1527 0.0882969 0.137183
8 0.504641 0.458134 0.0592188 0.0780986
8 0.529117 0.380528 0.0277656 0.0414319
8 0.361656 0.479754 0.0398437 0.153545
8 0.399352 0.4452 0.0548594 0.0771127
8 0.189109 0.290376 0.0860937 0.181596
8 0.308797 0.260106 0.074625 0.107113