56 0.388367 0.707437 0.0902031 0.118958
56 0.215086 0.660187 0.0902969 0.0974583
56 0.162562 0.578021 0.096125 0.121292
59 0.583047 0.417417 0.0881875 0.11775
59 0.528836 0.328219 0.0788906 0.129271
59 0.846898 0.320219 0.0766719 0.0958542
59 0.44107 0.196906 0.0762969 0.0613958
59 0.664352 0.183781 0.0822031 0.0927292
10 0.291156 0.72976 0.0670625 0.0806875
10 0.345617 0.643885 0.0545781 0.0588542
10 0.28757 0.66325 0.0683281 0.0767917
10 0.214422 0.604406 0.0525 0.0292292
38 0.792727 0.32 0.0721719 0.175042
38 0.468789 0.383229 0.146734 0.176542
38 0.669867 0.503208 0.172297 0.183083
38 0.781336 0.487167 0.105391 0.078
38 0.72682 0.329229 0.0755781 0.0533333
38 0.436359 0.463406 0.0943125 0.0805208
38 0.759719 0.285177 0.0700625 0.152354
38 0.577937 0.52275 0.06 0.0782083