14 0.631383 0.300021 0.0207656 0.028125
14 0.0799297 0.272729 0.0609844 0.0370833
14 0.759938 0.395323 0.0238125 0.0517292
14 0.0720547 0.255427 0.0767344 0.0402292
14 0.788062 0.561667 0.0426875 0.055625
14 0.902945 0.380677 0.0267344 0.0115625
14 0.618156 0.506021 0.0134687 0.0212917
14 0.659445 0.360771 0.0155156 0.0299583
14 0.712898 0.375031 0.0187031 0.0220208
14 0.848273 0.538687 0.0230781 0.0233333
14 0.725664 0.50774 0.0186719 0.0338542
14 0.910703 0.400156 0.0169063 0.0286875
14 0.719984 0.382948 0.0075 0.0146042
32 0.208883 0.161031 0.0365469 0.0528125
32 0.268047 0.122052 0.0342812 0.0541875
32 0.222766 0.0245208 0.03675 0.0490417
32 0.31032 0.0414062 0.0446406 0.0496042
32 0.253266 0.0399167 0.0385937 0.0477917
32 0.246633 0.0114583 0.0378906 0.0217917
32 0.255 0.0847917 0.0385 0.0484167
32 0.24707 0.164333 0.0373906 0.05325
32 0.237188 0.11901 0.039125 0.0485625
32 0.287602 0.0736354 0.0431406 0.0545625
32 0.191836 0.103615 0.0266094 0.0450625
32 0.199984 0.0624271 0.0379063 0.0495208
32 0.277562 0.0244688 0.0367188 0.0473542
32 0.201375 0.0102083 0.0324688 0.01975
32 0.200695 0.120469 0.0372031 0.0525625
32 0.333688 0.0203542 0.0321562 0.0375833
32 0.306133 0.102948 0.0455781 0.0494792
20 0.679852 0.858073 0.0445469 0.164687
20 0.705664 0.948187 0.0484844 0.0846667
20 0.569766 0.787667 0.0276875 0.053