6 0.258931 0.651227 0.137472 0.0286406
6 0.520458 0.592875 0.100417 0.105719
6 0.768458 0.46582 0.12575 0.129453
6 0.249681 0.702 0.121083 0.0834688
6 0.900236 0.416266 0.05875 0.0955
6 0.259889 0.285547 0.262889 0.153344
6 0.420736 0.731195 0.140361 0.0798594
6 0.599264 0.448664 0.112861 0.116516
6 0.132236 0.534898 0.0879167 0.0501406
6 0.640931 0.497492 0.173139 0.0918594
6 0.279792 0.207969 0.125361 0.089625
6 0.119431 0.570375 0.0574167 0.03525
6 0.640514 0.595359 0.190083 0.120875
6 0.751361 0.64968 0.253111 0.0618594
6 0.188833 0.605727 0.118056 0.0723281
6 0.846097 0.239398 0.0983611 0.0667656
6 0.106097 0.253977 0.0591944 0.0946094
6 0.902375 0.347117 0.06875 0.0946094
6 0.216375 0.734563 0.209472 0.0467813
6 0.723222 0.695172 0.182611 0.0525937
6 0.267208 0.240305 0.180361 0.101203
6 0.26725 0.55507 0.144167 0.0898594
6 0.28925 0.379961 0.278778 0.0987344
6 0.741917 0.793844 0.172167 0.0359063
6 0.337681 0.722828 0.140917 0.0880313
6 0.83575 0.514359 0.0742222 0.025125
6 0.818542 0.565836 0.09525 0.107234
6 0.669222 0.806094 0.261111 0.0664687
6 0.391083 0.796719 0.164389 0.0707187
6 0.710736 0.747219 0.278194 0.0669375
6 0.388306 0.274406 0.106111 0.138281
6 0.731361 0.587437 0.161389 0.115219
6 0.501472 0.670125 0.097 0.0776875
6 0.641361 0.16657 0.0847778 0.0763594
6 0.715986 0.415562 0.141194 0.135625
6 0.382944 0.471711 0.124611 0.0408906
6 0.868056 0.55193 0.0707222 0.0644531
6 0.695694 0.172727 0.107 0.0743594
6 0.281917 0.534211 0.290222 0.0837344
6 0.477556 0.307867 0.100889 0.162109
6 0.152431 0.608672 0.115417 0.0593437
6 0.536486 0.740672 0.0911944 0.074125
6 0.170139 0.685484 0.0542778 0.03075
6 0.692431 0.355695 0.0560278 0.0420469
6 0.437903 0.815766 0.0564722 0.0510312
6 0.765278 0.160875 0.236278 0.1715
6 0.383472 0.573211 0.171278 0.0792344
6 0.263778 0.454734 0.280556 0.113469
6 0.642694 0.670844 0.221444 0.073125
6 0.607819 0.161977 0.0209722 0.0510156
6 0.855111 0.363461 0.0737778 0.0920469
6 0.310139 0.777305 0.206333 0.0484531
6 0.105972 0.490305 0.0761667 0.0830469
6 0.70775 0.702063 0.278667 0.0745313
6 0.11875 0.217531 0.0478889 0.0325312
6 0.283153 0.677562 0.292417 0.0607812
6 0.385167 0.187563 0.0615 0.0433438
6 0.788472 0.609953 0.18 0.0715625
6 0.294083 0.462562 0.192889 0.0774375
6 0.339875 0.452117 0.191972 0.0531719
6 0.387375 0.425312 0.124806 0.0274375
6 0.549972 0.832023 0.0577222 0.0472344
6 0.601306 0.760672 0.143389 0.109187
6 0.513764 0.476687 0.0833056 0.156313
6 0.259403 0.492383 0.305417 0.0821406
6 0.246972 0.336141 0.297944 0.106031
6 0.781125 0.263922 0.336972 0.113469
6 0.795889 0.216539 0.197667 0.108984
6 0.845306 0.451281 0.092 0.101531
6 0.390847 0.614227 0.174028 0.129141
6 0.6255 0.357156 0.0578889 0.0436563
6 0.492847 0.788719 0.0838056 0.113844
6 0.0995972 0.334633 0.0378611 0.0674844
6 0.183153 0.712086 0.0820833 0.0128594
6 0.756333 0.162203 0.100444 0.0865
6 0.311639 0.617266 0.223333 0.0813438
6 0.812792 0.386867 0.0773056 0.101516