44 0.361719 0.977948 0.0740313 0.0441042
44 0.343117 0.901885 0.0682344 0.0888958
44 0.154219 0.979292 0.0605938 0.0414167
44 0.391313 0.859594 0.05975 0.0800625
44 0.242922 0.913583 0.0573125 0.0835833
44 0.0937734 0.780823 0.0728594 0.0948125
44 0.972961 0.756417 0.0471719 0.0797083
44 0.109172 0.859615 0.0688438 0.0792292
44 0.235508 0.837344 0.0647969 0.0863958
44 0.381062 0.930021 0.0530625 0.069375
44 0.11075 0.94551 0.0575625 0.0926458
44 0.334359 0.752146 0.0444375 0.074375
44 0.299023 0.96174 0.0593594 0.0754792
44 0.981437 0.994729 0.032125 0.00558333
44 0.971063 0.951594 0.0476875 0.0723125
44 0.127102 0.794 0.0280781 0.0633333
44 0.995766 0.972948 0.00846875 0.0481875
44 0.321437 0.819375 0.0627812 0.0832083
44 0.988383 0.898458 0.0232344 0.0717917
44 0.245141 0.74451 0.0495937 0.0952292
44 0.0617266 0.709906 0.0602656 0.0818125
44 0.0536563 0.823479 0.05625 0.0892083
44 0.978305 0.691458 0.0409531 0.0705
44 0.310391 0.717896 0.0241875 0.0636667
44 0.211055 0.764802 0.0740469 0.0976875
44 0.0603672 0.911667 0.0609531 0.085375
44 0.0510469 0.969354 0.0526875 0.0612917
44 0.298023 0.882896 0.0509531 0.0913333
44 0.194391 0.905208 0.0738125 0.0882083
44 0.0650781 0.990896 0.0540312 0.0171667
44 0.976164 0.831917 0.0476719 0.0732917
44 0.995148 0.796917 0.00732813 0.0523333
44 0.172297 0.929667 0.046 0.07275
44 0.125656 0.719615 0.0488438 0.0863958
44 0.0529297 0.754458 0.0406719 0.05125
44 0.217039 0.970302 0.0702031 0.0593958
44 0.976805 0.876167 0.0278906 0.0404167
44 0.164891 0.825052 0.0634687 0.109479