11 0.684539 0.81048 0.0909844 0.149625
11 0.497789 0.841733 0.112828 0.0925527
11 0.404883 0.785129 0.106484 0.173583
11 0.301781 0.777272 0.150156 0.165785
11 0.620797 0.754087 0.110062 0.114543
11 0.227336 0.748337 0.0870156 0.133583
11 0.754188 0.790398 0.0720313 0.138501
11 0.145211 0.702201 0.0697969 0.107166
11 0.600711 0.83404 0.114859 0.110656
11 0.514766 0.765176 0.138563 0.1526
14 0.306875 0.256112 0.0684687 0.0711007
14 0.327297 0.423642 0.157812 0.215105
14 0.353922 0.49397 0.087875 0.122319
14 0.172984 0.480199 0.100844 0.0867681
14 0.202695 0.483548 0.104672 0.424614
14 0.267344 0.297787 0.0879687 0.195574