6 0.521555 0.444648 0.0137969 0.0189202
6 0.355367 0.452359 0.0104219 0.0184742
6 0.344352 0.483239 0.0122031 0.0422535
6 0.371953 0.449155 0.00990625 0.0228169
6 0.505609 0.463908 0.021 0.0292254
6 0.528133 0.443134 0.0119531 0.015892
6 0.360586 0.478204 0.0119531 0.0369249
6 0.335289 0.444272 0.0114219 0.0202347
6 0.341961 0.438838 0.0139531 0.0246244
6 0.335375 0.501303 0.010875 0.0323709
6 0.351453 0.509319 0.0148125 0.0279343
6 0.353266 0.490411 0.0119063 0.0364554
6 0.350977 0.476549 0.0122969 0.03
6 0.338938 0.511033 0.019875 0.0371831
6 0.39093 0.446784 0.0134844 0.0161972
6 0.361953 0.504437 0.011125 0.022723
6 0.511367 0.452782 0.0199219 0.0172066