6 0.905359 0.542677 0.049625 0.0589792
6 0.916055 0.526333 0.0121094 0.0484583
6 0.954016 0.613896 0.0734687 0.0528333
6 0.859898 0.543385 0.0155781 0.0569375
6 0.926656 0.545594 0.042625 0.0791875
6 0.865906 0.586896 0.03675 0.0619167
6 0.971156 0.566385 0.0333437 0.0801875
6 0.959547 0.501406 0.0286563 0.0505208
6 0.866312 0.487052 0.027875 0.0682292
6 0.950055 0.500833 0.0366094 0.0641667
6 0.976789 0.507115 0.0170469 0.0569375
6 0.906195 0.528687 0.0202031 0.047625
6 0.882648 0.602302 0.0519531 0.0516042
6 0.958172 0.568771 0.029625 0.07025
6 0.949703 0.553302 0.0123125 0.0494792
6 0.966836 0.619188 0.0492656 0.059375
6 0.881617 0.507563 0.0280781 0.0689583
6 0.991586 0.640906 0.0168281 0.0302708
6 0.847977 0.495698 0.00826563 0.0194792
6 0.853609 0.53749 0.0152812 0.0548125
6 0.918234 0.49276 0.0296563 0.0427292
6 0.702672 0.551177 0.0266875 0.0410625
6 0.989687 0.488 0.020625 0.0221667
6 0.691523 0.564104 0.0205781 0.02
6 0.926352 0.488062 0.0342656 0.0495417
6 0.992555 0.529052 0.0142031 0.0808125
6 0.986773 0.460573 0.0264531 0.0521458
6 0.944867 0.613406 0.0761094 0.0496458
6 0.858164 0.573531 0.0232656 0.0438542
6 0.8475 0.576052 0.005 0.0179375
6 0.904023 0.509437 0.0150156 0.0692917
6 0.851047 0.582177 0.0111562 0.0228125
6 0.688469 0.539604 0.0318437 0.0357917
6 0.893727 0.513365 0.0225781 0.0701042
44 0.393398 0.304229 0.00789063 0.00845833
44 0.349586 0.378271 0.00842187 0.0115417
44 0.372508 0.358 0.0107656 0.0140833
44 0.523055 0.593646 0.0119219 0.03
44 0.503977 0.665635 0.0259531 0.0396458
44 0.321727 0.308896 0.00942187 0.0130833
44 0.32782 0.327177 0.00826563 0.0071875
44 0.362406 0.331479 0.0079375 0.013875
44 0.483461 0.666385 0.00945312 0.0180625
44 0.515188 0.633437 0.0284687 0.0261667
44 0.333523 0.35126 0.0100469 0.0128542
44 0.377102 0.311802 0.00826563 0.0107708
44 0.374742 0.321021 0.00923437 0.0117917
44 0.568828 0.650125 0.0098125 0.0130833
44 0.525859 0.659146 0.0203438 0.0322083
44 0.363078 0.357687 0.008 0.0120417
44 0.386031 0.302969 0.0075 0.00697917
44 0.48975 0.639406 0.0264375 0.0393125
44 0.324359 0.339104 0.0051875 0.00795833
44 0.383219 0.32024 0.00834375 0.0129792
44 0.455227 0.366021 0.00923437 0.014625
44 0.37875 0.330552 0.00971875 0.0124375
44 0.358086 0.377219 0.00782813 0.0115625
44 0.346383 0.358604 0.0114219 0.0152083
44 0.343039 0.319417 0.00876563 0.0115417
44 0.583039 0.625323 0.0217344 0.0392292
44 0.438195 0.33224 0.00901562 0.0120208
1 0.364625 0.39701 0.0102188 0.0110625
1 0.309602 0.45025 0.0115469 0.00975
1 0.0734922 0.328948 0.00557812 0.0079375
1 0.378773 0.408042 0.00979688 0.00533333
1 0.240094 0.44276 0.00653125 0.00810417
1 0.271352 0.43475 0.00620313 0.00958333
1 0.349883 0.389208 0.00789063 0.00795833
1 0.29582 0.432583 0.0111406 0.0102083
1 0.29268 0.459771 0.00842187 0.0120417
1 0.307969 0.462823 0.0165313 0.0158958
1 0.0475 0.407615 0.0071875 0.0079375
1 0.325719 0.414792 0.0109687 0.0161667
1 0.0969062 0.411281 0.0073125 0.00872917
1 0.38307 0.400469 0.0135469 0.0116458
1 0.268172 0.452021 0.0109375 0.016625
1 0.151445 0.410438 0.00789063 0.004375
1 0.410758 0.392198 0.0110156 0.0118958
1 0.0345078 0.331156 0.00960937 0.0120625
1 0.299406 0.413687 0.0105625 0.0161667
1 0.112156 0.318917 0.0100938 0.0110417
1 0.0432109 0.36924 0.00748437 0.00985417
1 0.132422 0.368385 0.0073125 0.00847917
1 0.28825 0.446792 0.00865625 0.004875
1 0.319812 0.43774 0.0138437 0.0174375
1 0.0638672 0.40451 0.00835937 0.0099375
1 0.252391 0.370125 0.00846875 0.01
1 0.285805 0.456406 0.0146094 0.0158958
1 0.300766 0.416792 0.0098125 0.0105
1 0.149008 0.323896 0.00401563 0.00366667
1 0.344516 0.38976 0.00903125 0.00527083
1 0.472578 0.389667 0.0151875 0.0125833
1 0.0699844 0.371365 0.00884375 0.0112708
1 0.0150547 0.407156 0.00939062 0.0128958
1 0.40293 0.400229 0.0138906 0.0109167
1 0.268211 0.317427 0.00692187 0.0107708
1 0.329234 0.467667 0.011125 0.0161667
1 0.371406 0.39951 0.0115312 0.0191458
1 0.320125 0.414948 0.0107188 0.0161458
1 0.104602 0.367052 0.00479687 0.00539583
1 0.256906 0.453458 0.0132812 0.0120417
1 0.24393 0.334292 0.00714063 0.0117917
1 0.0124375 0.366125 0.00840625 0.00983333
1 0.18775 0.311312 0.0079375 0.00991667
38 0.593008 0.559656 0.172922 0.122229
38 0.609602 0.830729 0.0691094 0.101667