1 0.975227 0.430937 0.0336406 0.040875
1 0.947578 0.433615 0.0293125 0.0554375
1 0.9275 0.410135 0.0250937 0.0351875
1 0.991719 0.445208 0.0165625 0.0280417
1 0.975422 0.450313 0.025625 0.0224167
1 0.991437 0.416719 0.0140313 0.0327292
6 0.828031 0.602229 0.265031 0.597083
6 0.957422 0.691125 0.0851563 0.372458
6 0.709664 0.645188 0.200984 0.5875
6 0.646836 0.525531 0.381109 0.459604
6 0.637109 0.583104 0.35125 0.527125
6 0.899727 0.812958 0.0366094 0.0532917
61 0.39182 0.352698 0.509422 0.587562
61 0.0823594 0.425542 0.164719 0.366667