11 0.674633 0.416302 0.172953 0.146229
11 0.351812 0.486677 0.0684375 0.149271
11 0.61693 0.296333 0.103078 0.127417
11 0.18818 0.429802 0.144797 0.0962292
11 0.53682 0.355552 0.111422 0.190354
11 0.593508 0.484094 0.126422 0.113021
11 0.259289 0.633073 0.188047 0.192563
62 0.215328 0.527083 0.0659062 0.109833
62 0.42793 0.610812 0.178172 0.157917
62 0.429578 0.571146 0.150969 0.108667
62 0.376617 0.336917 0.148453 0.0764167
59 0.491766 0.594354 0.0915312 0.09025
59 0.382375 0.281073 0.1125 0.0856458
59 0.524242 0.559021 0.0530781 0.0689583
59 0.318266 0.266021 0.0559063 0.07825
59 0.579391 0.333115 0.0188437 0.0348542
59 0.622297 0.40226 0.0332188 0.0258542
59 0.520141 0.509708 0.218344 0.136292
59 0.658453 0.574885 0.0865313 0.0726458
59 0.695016 0.527885 0.159062 0.0854792
59 0.524406 0.25249 0.0938438 0.0556458
59 0.525117 0.747 0.186266 0.176125