11 0.800437 0.426198 0.204406 0.300521
11 0.402359 0.440406 0.130094 0.160438
11 0.500727 0.367854 0.0867656 0.14075
11 0.540687 0.477323 0.0844688 0.0749375
11 0.546281 0.370208 0.0367813 0.0497083
11 0.63457 0.416063 0.188359 0.296333
11 0.399102 0.314312 0.116984 0.133833
11 0.483766 0.45 0.0776875 0.107167
11 0.471992 0.282823 0.0965781 0.115896
11 0.369719 0.553479 0.0437188 0.0645
11 0.655109 0.215115 0.07125 0.0825625
11 0.751828 0.25349 0.203813 0.217979
11 0.288789 0.297302 0.120266 0.167438
11 0.81182 0.600448 0.112328 0.0873125