17 0.0251641 0.364289 0.0503281 0.144578
17 0.0578594 0.311531 0.01425 0.11325
17 0.113047 0.348656 0.181969 0.368375
17 0.0483281 0.322992 0.0140937 0.133859
1 0.196227 0.556609 0.137203 0.071125
1 0.198266 0.57932 0.136563 0.0947969
1 0.159078 0.490016 0.143156 0.149375
1 0.0649141 0.586812 0.129828 0.142906
14 0.868234 0.855992 0.2235 0.0707656
14 0.896469 0.761562 0.206469 0.100063
14 0.924641 0.810359 0.146187 0.0930312
14 0.842672 0.805734 0.1395 0.06025
46 0.121969 0.806063 0.020625 0.022375
46 0.0306016 0.824008 0.0137656 0.0150156
46 0.267422 0.770422 0.010625 0.011625
46 0.293047 0.771094 0.015125 0.0112812
46 0.257063 0.767969 0.013 0.0138437
46 0.059625 0.820383 0.021125 0.0193594
46 0.138914 0.785266 0.0184219 0.0197188
46 0.162656 0.777234 0.0115625 0.0110937
46 0.0361953 0.81 0.0154531 0.0139375
46 0.305664 0.775898 0.0153281 0.0122031
46 0.201531 0.799594 0.0165625 0.0143125
46 0.174609 0.813805 0.0187187 0.00964062
46 0.215695 0.79093 0.0152031 0.0111094
46 0.156641 0.813727 0.0144063 0.0125156
46 0.170719 0.786953 0.014625 0.0168437
46 0.106578 0.815602 0.0206563 0.0183594
46 0.236195 0.791398 0.0207969 0.0203906
46 0.177516 0.775172 0.0164687 0.0166875
46 0.0916641 0.805797 0.0171094 0.00959375
46 0.208898 0.768773 0.0175156 0.00689063
46 0.247852 0.761164 0.0149219 0.0125156
46 0.277469 0.787852 0.02025 0.0115469
46 0.248859 0.796445 0.0164375 0.0122344
46 0.192828 0.808508 0.0215312 0.0134844
46 0.200281 0.785469 0.0203438 0.0146563
46 0.279766 0.762266 0.01225 0.00971875
46 0.217969 0.803086 0.0198125 0.0146094
46 0.220758 0.782383 0.0191406 0.0166406
46 0.155836 0.787844 0.0167344 0.0158438
46 0.123687 0.821234 0.0102188 0.00709375
46 0.0526406 0.80607 0.0172813 0.0131094
46 0.250406 0.785672 0.0162813 0.0152187
46 0.236758 0.760687 0.00814063 0.00940625
46 0.185852 0.79475 0.0151406 0.0135312