0 0.650219 0.383212 0.0105625 0.0243529
0 0.343875 0.595859 0.0550312 0.0317647
0 0.556688 0.347635 0.0294687 0.0824235
0 0.427961 0.747459 0.0181406 0.0302588
0 0.420727 0.604965 0.0366094 0.0852235
0 0.578945 0.510647 0.0270781 0.0705176
0 0.544039 0.401341 0.0100469 0.0348706
0 0.373453 0.446 0.0384688 0.0389647
0 0.51268 0.197188 0.0308281 0.0179529
0 0.350711 0.526047 0.0140781 0.0360941
0 0.557648 0.217588 0.0390156 0.0271294
0 0.578992 0.425718 0.0445156 0.0598588
0 0.511164 0.387624 0.0551406 0.0467294
0 0.381031 0.506706 0.021625 0.0314824
0 0.326047 0.566706 0.04775 0.0358118