38 0.479789 0.87825 0.0277344 0.0258333
38 0.42768 0.860708 0.0424844 0.052
38 0.702742 0.86225 0.0402031 0.0385417
38 0.654906 0.882229 0.0511563 0.0371667
38 0.80518 0.887177 0.0309531 0.00972917
38 0.334273 0.933698 0.0288281 0.0308125
38 0.592297 0.866917 0.0268437 0.0340833
38 0.549023 0.855521 0.0140469 0.015125
38 0.755617 0.872948 0.0719219 0.0294792
38 0.836602 0.906437 0.0219219 0.0175417
38 0.730281 0.844146 0.02525 0.018875
38 0.388328 0.914948 0.0140313 0.00897917
38 0.371156 0.957823 0.0171563 0.0118542
38 0.35718 0.952844 0.0121719 0.0243542
38 0.738328 0.857062 0.0129375 0.00708333
38 0.571781 0.853573 0.0357188 0.0224792
38 0.503445 0.876281 0.0128906 0.0197292
38 0.370438 0.912427 0.0416562 0.0238125