11 0.299211 0.238685 0.0749844 0.123662
11 0.397273 0.40696 0.0858906 0.125
11 0.381203 0.295516 0.177344 0.180751
11 0.269555 0.297054 0.101109 0.148192
11 0.325883 0.575 0.0905156 0.209484
11 0.302781 0.415998 0.0947812 0.121338
11 0.268492 0.679401 0.118859 0.253498
11 0.353094 0.378685 0.0682187 0.103991
11 0.247445 0.462934 0.116672 0.184085
11 0.262336 0.375364 0.0578906 0.074108
11 0.337469 0.211538 0.0767188 0.135892
11 0.358758 0.469225 0.112141 0.143615
11 0.311445 0.373638 0.0495781 0.0922535
5 0.57307 0.326948 0.0523906 0.0671362
5 0.624688 0.454636 0.0873437 0.176925
5 0.572141 0.504542 0.0780625 0.14392
5 0.558125 0.378732 0.06675 0.124977
5 0.512922 0.469284 0.0390625 0.0571596
5 0.595508 0.635739 0.0599219 0.100023
5 0.500359 0.273204 0.0782812 0.0806808
5 0.598602 0.53392 0.0439844 0.148122
5 0.545875 0.576901 0.0780625 0.0859155
5 0.513672 0.350716 0.0285625 0.0807277
5 0.525875 0.427864 0.07275 0.0969953
5 0.546086 0.270446 0.0524531 0.0990141