61 0.24318 0.522127 0.0374531 0.0311842
61 0.468219 0.549211 0.0465 0.046886
61 0.507961 0.553531 0.0473906 0.0575877
61 0.473906 0.521886 0.0356875 0.0153509
61 0.571641 0.581272 0.062125 0.0537719
61 0.421508 0.547752 0.0299219 0.0431798
61 0.470148 0.591809 0.0427344 0.0480044
61 0.536 0.540099 0.0511875 0.0524781
61 0.444086 0.588531 0.0355469 0.0444298
61 0.443672 0.547884 0.0293438 0.0403728
61 0.218016 0.533849 0.020875 0.0242763
61 0.42557 0.573904 0.0307969 0.0426754
61 0.399523 0.585219 0.0262656 0.0293421
61 0.27243 0.523509 0.0134531 0.0183772
61 0.235594 0.538377 0.0361563 0.0167982
61 0.498008 0.59318 0.0588281 0.0366228
61 0.489445 0.522796 0.0229531 0.0119079
61 0.222117 0.5558 0.0224531 0.0213816