59 0.316305 0.826639 0.111453 0.112576
59 0.195391 0.537307 0.0940625 0.0582201
59 0.123687 0.583782 0.088375 0.0822717
59 0.0434297 0.703501 0.0815781 0.210094
59 0.0639609 0.754297 0.0943281 0.161616
59 0.697914 0.26952 0.124859 0.0917799
59 0.105086 0.826159 0.108422 0.122576
59 0.515789 0.701944 0.0526094 0.0555972
59 0.365242 0.647834 0.0313594 0.0438642
59 0.264078 0.727365 0.0925625 0.156698
14 0.366359 0.841698 0.0610625 0.0643794
14 0.493109 0.74548 0.03175 0.0574707
14 0.384188 0.665281 0.0129688 0.0114052
14 0.175164 0.73315 0.101891 0.117213
14 0.241219 0.911792 0.0950938 0.121522