10 0.452364 0.528969 0.0538494 0.0414375
10 0.632197 0.318414 0.0536402 0.0339219
10 0.690607 0.310555 0.0433891 0.0304531
10 0.374121 0.353766 0.0410879 0.0341562
10 0.430743 0.581109 0.0597699 0.0422187
10 0.589791 0.344938 0.0533891 0.0444063
10 0.431632 0.303297 0.0533473 0.0252812
10 0.628065 0.355961 0.0540795 0.0493594
10 0.510753 0.489875 0.0405021 0.0304687
10 0.359728 0.335203 0.0428033 0.026875
10 0.623368 0.286195 0.056318 0.0403594
10 0.279498 0.452508 0.0561088 0.0398906
10 0.44727 0.282758 0.0564226 0.0384844
10 0.486067 0.43525 0.0557741 0.0416562
10 0.50296 0.333336 0.0381381 0.0276094
10 0.38204 0.316945 0.0514017 0.0277344
10 0.37204 0.396437 0.0502301 0.0311875
10 0.237521 0.427938 0.0671757 0.038
10 0.312061 0.388359 0.0319038 0.0211875
10 0.341663 0.326469 0.0394351 0.0302187
10 0.613755 0.381406 0.0457531 0.03525
10 0.506862 0.555836 0.0572385 0.0417656
10 0.397552 0.378742 0.0382008 0.0337344
10 0.492333 0.468398 0.0512762 0.0339844
10 0.362008 0.437125 0.0497071 0.0447188
10 0.649006 0.298781 0.0587657 0.0375937
10 0.360126 0.292344 0.039205 0.0305312
1 0.415209 0.457883 0.097364 0.0956719
1 0.566015 0.288984 0.0935774 0.070875
1 0.301088 0.453828 0.140042 0.118469
1 0.172845 0.461805 0.145439 0.0535781
1 0.440199 0.326992 0.107929 0.0462031
1 0.274519 0.354281 0.176736 0.0615625
1 0.195502 0.419656 0.159331 0.0940312
1 0.610994 0.430453 0.15295 0.0548438
1 0.678546 0.378508 0.116004 0.110797
1 0.717238 0.411117 0.0648117 0.0584219
1 0.496423 0.384344 0.163556 0.0731563
1 0.363086 0.446984 0.0811506 0.0884062