11 0.141992 0.277624 0.119078 0.211836
11 0.358578 0.307333 0.13375 0.185594
11 0.365242 0.776944 0.109453 0.26581
11 0.143391 0.78108 0.123594 0.189028
57 0.847867 0.588121 0.172891 0.224968
59 0.543484 0.576793 0.0857813 0.134622
59 0.749984 0.203337 0.0889687 0.124773
59 0.760047 0.462451 0.09225 0.157343
59 0.729289 0.586706 0.0853281 0.107322
59 0.629227 0.568898 0.0870781 0.124363
59 0.782477 0.141166 0.0621094 0.0718359
59 0.83132 0.177354 0.0839531 0.114492
59 0.886523 0.741717 0.0598281 0.118207
59 0.826984 0.74824 0.0865625 0.137991
59 0.739594 0.0855184 0.107563 0.115227
14 0.609086 0.437505 0.224266 0.087365
14 0.657633 0.154222 0.162734 0.099892
14 0.617109 0.424784 0.223937 0.242484
14 0.670164 0.315335 0.257453 0.137235
14 0.103867 0.509957 0.0440469 0.291706
14 0.646156 0.241026 0.247312 0.0933261
14 0.57393 0.519903 0.147516 0.0870626
14 0.527102 0.278877 0.0415781 0.060432
14 0.392625 0.564374 0.0860937 0.353197
14 0.632859 0.118045 0.117687 0.0684449
14 0.14368 0.527214 0.0681719 0.318229
14 0.657188 0.366782 0.189969 0.103153
14 0.354805 0.5546 0.0255469 0.193607