57 0.26432 0.44325 0.0388906 0.0214167
57 0.29518 0.463208 0.0377031 0.064875
57 0.217609 0.472792 0.0534687 0.0633333
57 0.245 0.488188 0.041375 0.034875
57 0.263547 0.517687 0.0576875 0.0615417
57 0.205383 0.524115 0.0563281 0.0680625
57 0.258297 0.469344 0.0365313 0.0388542
57 0.233469 0.548646 0.0425 0.0330833
5 0.240227 0.721115 0.103672 0.114188
5 0.324805 0.596885 0.0794531 0.0655625
5 0.24243 0.586417 0.0728594 0.072125
5 0.242727 0.637385 0.0952031 0.0820625
5 0.308172 0.669573 0.0755625 0.107354
8 0.835922 0.542521 0.101063 0.115417
8 0.736117 0.512854 0.106391 0.147042
8 0.767016 0.572219 0.101188 0.0902292
51 0.551141 0.274479 0.097125 0.316667
6 0.50225 0.381406 0.012125 0.0438542
6 0.41593 0.418385 0.168047 0.135187
6 0.391719 0.387562 0.1875 0.106417
6 0.403914 0.416594 0.171203 0.143021
6 0.388422 0.363094 0.185312 0.0741458
1 0.502391 0.454094 0.075125 0.102937
1 0.436453 0.486729 0.08325 0.103292
1 0.384648 0.514927 0.0519219 0.0636458
1 0.509492 0.539792 0.0844219 0.11025
1 0.554312 0.511823 0.052875 0.0612292
1 0.457453 0.540219 0.027 0.0337292
1 0.392883 0.568448 0.0767344 0.0904375
1 0.321773 0.535052 0.0715469 0.0945208