43 0.337984 0.714427 0.0554063 0.114229
43 0.405242 0.539552 0.0329219 0.163229
43 0.283531 0.616354 0.0912188 0.222458
43 0.312281 0.56049 0.0587812 0.0954375
43 0.509195 0.85501 0.0514844 0.167479
43 0.355633 0.592208 0.0134531 0.0428333
43 0.527109 0.665698 0.0863437 0.287687
43 0.327219 0.684208 0.0799062 0.264333
43 0.526234 0.6235 0.053 0.25875
43 0.377141 0.688969 0.04475 0.333062
43 0.557375 0.769219 0.061875 0.166563
43 0.616844 0.763104 0.079875 0.127292
43 0.419305 0.742719 0.0420469 0.147396
43 0.382578 0.546917 0.0138437 0.0435833
43 0.434883 0.811813 0.0821094 0.118
43 0.337922 0.633948 0.0748125 0.0558958
43 0.421273 0.844781 0.0842656 0.0416042
43 0.569852 0.849781 0.0754219 0.0499375
43 0.474602 0.625615 0.0937969 0.0767708
43 0.411109 0.589958 0.0312812 0.128958
43 0.42843 0.58501 0.0608594 0.198854
43 0.454953 0.564385 0.06025 0.144146
14 0.315859 0.397687 0.0865 0.09575
14 0.330875 0.33201 0.0676563 0.0902292
14 0.479195 0.213542 0.0719219 0.1545
14 0.439906 0.393615 0.202625 0.256688
14 0.433508 0.256146 0.0905781 0.18
14 0.518625 0.339646 0.0776563 0.09775
14 0.482469 0.343562 0.0488438 0.0989167
14 0.423859 0.463854 0.107438 0.115292
14 0.374609 0.187427 0.0513438 0.0374375