14 0.60777 0.542162 0.0595 0.0243243
14 0.62714 0.4803 0.04612 0.02997
14 0.52658 0.524474 0.0212 0.0369369
14 0.57156 0.569369 0.05672 0.0358559
14 0.54734 0.587402 0.05484 0.0424324
14 0.57713 0.481471 0.03294 0.0593994
14 0.62207 0.601667 0.03154 0.0238138
14 0.67213 0.540465 0.02274 0.0512012
14 0.5479 0.536592 0.03404 0.0582883
14 0.63799 0.554715 0.00882 0.0135135
14 0.59153 0.496727 0.03418 0.0456456
14 0.67537 0.497883 0.0477 0.0346246
14 0.63394 0.590706 0.0702 0.030961
14 0.56358 0.533033 0.02068 0.0351351
14 0.65734 0.503273 0.04052 0.0218018
14 0.58992 0.51961 0.04784 0.0755556
14 0.61225 0.45518 0.02614 0.0328228
14 0.65384 0.547162 0.01556 0.0421922
14 0.70175 0.589204 0.0599 0.0212913
14 0.59277 0.602297 0.0363 0.0245946
14 0.62281 0.547778 0.02974 0.04
14 0.62614 0.491066 0.03708 0.0203303
14 0.60389 0.56976 0.00926 0.0175375
14 0.68573 0.571261 0.03826 0.0312913
14 0.55575 0.490931 0.02346 0.0368168
14 0.55913 0.507117 0.0311 0.0228228
14 0.6893 0.536351 0.02888 0.0402703
14 0.63691 0.526997 0.02342 0.0261862
14 0.53436 0.505075 0.02296 0.0159159
14 0.61419 0.515706 0.02358 0.0338739
14 0.71286 0.563664 0.02668 0.039039
14 0.65564 0.578814 0.04956 0.0348649
14 0.6642 0.509429 0.04432 0.0216216
14 0.64815 0.472658 0.0195 0.0192492
43 0.60897 0.700661 0.03558 0.0347748
43 0.57018 0.838979 0.06764 0.0858258
43 0.5567 0.695075 0.05288 0.0395195
43 0.63484 0.821847 0.05964 0.0454354
43 0.63478 0.683048 0.04596 0.0646547
43 0.49493 0.799024 0.06266 0.0746246
43 0.68328 0.753453 0.04576 0.0625826
43 0.45443 0.622027 0.05162 0.0731231
43 0.55253 0.657688 0.05534 0.0488288
43 0.6311 0.729054 0.03572 0.0441742
43 0.55142 0.741276 0.0328 0.0481982
43 0.51585 0.677402 0.02798 0.0627327
43 0.67257 0.680706 0.05486 0.0642943
43 0.58684 0.758018 0.05428 0.0769369
43 0.62045 0.648889 0.05214 0.0312913
43 0.48982 0.723213 0.03248 0.0502703
43 0.47127 0.516607 0.0183 0.047988
43 0.38984 0.494114 0.01128 0.0108709
43 0.40378 0.496231 0.00704 0.0113814
43 0.64648 0.767733 0.02 0.0361862
43 0.52554 0.726426 0.00888 0.0171772
43 0.60511 0.680901 0.04154 0.0369369
43 0.51167 0.75048 0.05982 0.0538739
43 0.53883 0.831081 0.0625 0.0881081
43 0.42225 0.526997 0.01846 0.0236036
43 0.54902 0.712883 0.03948 0.0363964
43 0.51804 0.707508 0.03384 0.05003
43 0.5807 0.645511 0.02836 0.0459159
43 0.5894 0.723033 0.03628 0.0370571
43 0.42665 0.546667 0.00546 0.0187387
43 0.45158 0.508303 0.02256 0.0202703
43 0.40412 0.573078 0.02116 0.0294595
43 0.3661 0.534865 0.009 0.0180781
43 0.5278 0.634054 0.03512 0.0521321
43 0.55588 0.665586 0.04056 0.0291892
43 0.38981 0.539685 0.02086 0.0202703
43 0.65967 0.731877 0.06986 0.0772072
43 0.62659 0.767763 0.04162 0.0788288
43 0.56005 0.777643 0.0725 0.0569069
43 0.42812 0.496126 0.01496 0.0285285