44 0.2025 0.351016 0.0839167 0.0702187
44 0.437604 0.826961 0.223583 0.184891
44 0.7555 0.627391 0.18675 0.106594
44 0.179115 0.366875 0.0933542 0.0720625
44 0.82774 0.571297 0.179813 0.102438
44 0.502687 0.419836 0.0323333 0.0640781
44 0.246302 0.820562 0.181521 0.158219
44 0.299094 0.599672 0.183604 0.126969
44 0.605521 0.148883 0.04675 0.0139844
44 0.322 0.320586 0.0869583 0.0613594
44 0.525323 0.64475 0.188438 0.0920938
44 0.445448 0.565867 0.163479 0.112141
44 0.30949 0.707172 0.205729 0.126937
44 0.798458 0.731445 0.191708 0.140078
44 0.539062 0.313531 0.078875 0.042375
44 0.140875 0.962039 0.251 0.0753906
44 0.687875 0.398828 0.122625 0.094
44 0.301656 0.311109 0.0690208 0.07325
44 0.956479 0.567945 0.0870417 0.0908281
44 0.744115 0.274609 0.0933125 0.0498437
44 0.589552 0.351344 0.116312 0.084625
44 0.577573 0.432805 0.117979 0.0902031
44 0.491344 0.342375 0.0871042 0.0883125
44 0.629885 0.581695 0.146979 0.106016
44 0.275948 0.380867 0.0819792 0.0664844
44 0.711667 0.118734 0.0428333 0.0319375
44 0.797052 0.321836 0.0725625 0.0428594
44 0.545292 0.271102 0.106292 0.0548594
44 0.6425 0.319297 0.106792 0.0775937
44 0.37975 0.288602 0.048125 0.0237969
44 0.742292 0.365742 0.0549583 0.0677031
44 0.51424 0.726156 0.185604 0.135781
44 0.733042 0.305203 0.0984167 0.082375
44 0.208677 0.300281 0.0528958 0.0465313
44 0.528042 0.396984 0.0671667 0.0749375
6 0.67001 0.141813 0.0858958 0.0212188
6 0.687698 0.119609 0.0636042 0.0300938
6 0.671865 0.125141 0.0889375 0.0257188
6 0.687792 0.152867 0.0337083 0.00682812