44 0.222148 0.470211 0.0994531 0.165869
44 0.918031 0.581631 0.126906 0.178568
44 0.536438 0.677242 0.118875 0.19439
44 0.351437 0.173815 0.0179687 0.0254225
44 0.0407031 0.489812 0.0814062 0.140329
44 0.709539 0.550188 0.0631719 0.147324
44 0.313133 0.513779 0.0722969 0.141315
44 0.45768 0.662923 0.0762969 0.143873
44 0.556531 0.569566 0.130375 0.174249
44 0.669539 0.666338 0.0547031 0.0850704
44 0.258578 0.608685 0.100219 0.109953
44 0.0187969 0.873979 0.0375937 0.182746
44 0.921086 0.861831 0.125766 0.0826291
44 0.29232 0.215563 0.0303594 0.0443192
44 0.302031 0.941737 0.115 0.116526
44 0.405719 0.053885 0.0245312 0.0445775
44 0.430438 0.412465 0.109031 0.153662
44 0.782523 0.412887 0.116359 0.150047
44 0.843008 0.747207 0.143766 0.208638
44 0.169523 0.560481 0.0948594 0.0660329
44 0.650242 0.55946 0.108516 0.180798
44 0.0800547 0.46534 0.0315469 0.0496948
44 0.0384688 0.61412 0.0769375 0.128099
44 0.388758 0.149707 0.0245781 0.0378169
44 0.517742 0.465528 0.0774844 0.0789437
44 0.247727 0.371232 0.0863594 0.0697887
44 0.382227 0.538592 0.0549531 0.0999531
44 0.370039 0.490939 0.0497656 0.109859
44 0.618773 0.679953 0.0472344 0.0731925
44 0.608281 0.750106 0.102156 0.0981925
44 0.261914 0.183568 0.0305781 0.0325352
44 0.589727 0.466854 0.105703 0.0638028
44 0.896617 0.475505 0.0799531 0.103685
44 0.246734 0.973345 0.0927188 0.0514319
44 0.753359 0.630223 0.121469 0.135235
44 0.142086 0.498592 0.113109 0.142113
44 0.605352 0.406326 0.112078 0.135516
44 0.981484 0.783169 0.0370313 0.168451
44 0.804484 0.49642 0.131719 0.202277
44 0.150695 0.2127 0.0249844 0.0437089
44 0.605687 0.181631 0.0359688 0.0394601
44 0.0743984 0.549601 0.0494219 0.122113
44 0.460312 0.790669 0.116094 0.175563
44 0.52332 0.823838 0.114391 0.110587
44 0.454344 0.531878 0.119375 0.166291
44 0.153383 0.901608 0.146016 0.196784
44 0.704172 0.409484 0.0985625 0.162066
44 0.0278906 0.225317 0.0200938 0.0337324
44 0.156047 0.665716 0.137813 0.209225
44 0.870266 0.185657 0.0308437 0.0441315
44 0.31693 0.415587 0.0857344 0.0780751
44 0.649359 0.163122 0.0289063 0.0331455
44 0.263891 0.0727817 0.0211562 0.0292254
44 0.518328 0.382746 0.076625 0.0886385
44 0.118148 0.173286 0.0214219 0.0333333
44 0.263766 0.704343 0.102563 0.144085
44 0.36682 0.035446 0.0253594 0.0359155
44 0.265328 0.523322 0.11625 0.15115
44 0.487047 0.396761 0.054625 0.0964319
44 0.537312 0.0359155 0.0258125 0.0216901
44 0.600414 0.283087 0.0337969 0.0267371
44 0.275687 0.149824 0.0300312 0.0419014
44 0.118156 0.619425 0.0851875 0.132183
44 0.20675 0.0514202 0.0188125 0.0372066
44 0.224375 0.816408 0.105656 0.188873
44 0.717594 0.743192 0.125594 0.220892
44 0.587742 0.151455 0.0334531 0.0542254
44 0.37282 0.660352 0.113578 0.180376
44 0.313445 0.068392 0.0165156 0.0141549
44 0.0520859 0.950646 0.104172 0.0987089
44 0.0509844 0.757958 0.101969 0.176479
44 0.549539 0.133404 0.0345156 0.0448357
44 0.287836 0.0355986 0.0175469 0.0260329
44 0.107937 0.210423 0.02925 0.0457746
44 0.649625 0.0261268 0.02725 0.0378873
44 0.0554844 0.217148 0.027375 0.0387089
44 0.562992 0.159707 0.0298906 0.0365023
44 0.826664 0.0686033 0.0206406 0.0181455
44 0.626906 0.0407394 0.0323437 0.0359859
44 0.953578 0.722488 0.0928438 0.125305
44 0.107344 0.809707 0.146594 0.19115
44 0.512602 0.129167 0.0361406 0.0421362
44 0.386898 0.0277582 0.0266406 0.0449531
44 0.352883 0.0571362 0.0282969 0.0251174
44 0.686016 0.142512 0.027875 0.040892
44 0.678961 0.162101 0.0265156 0.0293662
44 0.926 0.783685 0.0824063 0.123333
44 0.843852 0.626901 0.0551719 0.0537559
44 0.857242 0.159214 0.0221719 0.0332629
44 0.304602 0.137523 0.0248906 0.0388498
44 0.73593 0.55338 0.0429531 0.0625352
44 0.62843 0.665047 0.0474219 0.0542254
44 0.0181016 0.169695 0.0166719 0.0238498
44 0.0650625 0.163404 0.0288438 0.0400939
44 0.906914 0.138122 0.0217656 0.0303756
44 0.418398 0.185317 0.0107344 0.0152347
44 0.32932 0.0633216 0.0174531 0.0182394
44 0.0583984 0.648897 0.0532344 0.0661972
44 0.583719 0.264577 0.037375 0.0441315
44 0.104633 0.0657277 0.0201094 0.0233803
44 0.0565234 0.0613028 0.0147969 0.0234507
44 0.374773 0.22115 0.0221094 0.0484038
44 0.968758 0.554296 0.0595156 0.178075
44 0.167422 0.0474178 0.0263125 0.0352582
44 0.136922 0.0768192 0.0116562 0.0192254
44 0.872734 0.0552113 0.0209375 0.0220188
44 0.128664 0.197547 0.0243906 0.0433568
44 0.0794531 0.200469 0.0216875 0.0278873
44 0.61743 0.264448 0.0322656 0.0373005
44 0.812062 0.232653 0.0173125 0.0241315
44 0.400977 0.212829 0.0206406 0.0243897
44 0.541828 0.190704 0.0346562 0.0646948
44 0.348922 0.145528 0.0212188 0.0363146
44 0.773664 0.0853286 0.0262031 0.0342254
44 0.863086 0.255164 0.0186094 0.0220188
44 0.187695 0.402723 0.0536719 0.0413615
44 0.165117 0.15385 0.0141406 0.0279343
44 0.827234 0.174472 0.0130938 0.0226995
44 0.329664 0.211995 0.0309531 0.0400939
44 0.345828 0.958099 0.0985313 0.0838028
44 0.101492 0.0912676 0.0170781 0.0207042
44 0.338828 0.807289 0.132656 0.184249
44 0.612555 0.025716 0.0311406 0.0473944
44 0.568375 0.0394366 0.0267188 0.0353521
44 0.259844 0.0362089 0.0187812 0.0316197
44 0.845141 0.385059 0.0679375 0.0980986
44 0.326445 0.0113263 0.0191094 0.0205869
44 0.139531 0.426068 0.0844375 0.0576291
44 0.0680859 0.186831 0.0220156 0.034554
44 0.374625 0.12142 0.0319688 0.0309155
44 0.634477 0.826268 0.130109 0.127793
44 0.936781 0.411596 0.116156 0.176808