55 0.166609 0.846167 0.166031 0.225625
55 0.0767422 0.770865 0.153484 0.141854
38 0.391258 0.374448 0.100953 0.167854
38 0.453211 0.405615 0.0846719 0.200229
38 0.434539 0.791479 0.177672 0.0844167
38 0.275453 0.274104 0.0450313 0.0479167
38 0.474211 0.652479 0.0735469 0.12425
38 0.0446641 0.499042 0.0338906 0.0955833
38 0.636641 0.587312 0.0737187 0.0675
38 0.312867 0.586333 0.0717656 0.13475
38 0.116992 0.515104 0.0463594 0.0422917
38 0.497883 0.747094 0.0519219 0.0487708
38 0.376484 0.32 0.0895937 0.0698333
38 0.593359 0.559365 0.0629062 0.156938
38 0.247078 0.424323 0.0325937 0.0621875
38 0.606703 0.155885 0.169406 0.216229