33 0.119965 0.674422 0.197775 0.0431563
33 0.0698126 0.655828 0.139625 0.0371875
33 0.0909719 0.694305 0.181944 0.0279844
33 0.118162 0.680625 0.229016 0.0204688
33 0.11308 0.695141 0.181569 0.029875
33 0.0800585 0.716164 0.160117 0.0160469
33 0.283794 0.67968 0.0444965 0.0115469
33 0.103747 0.755789 0.207494 0.0261719
33 0.107365 0.716031 0.214731 0.0498437
33 0.129356 0.743914 0.202365 0.0204844
33 0.27007 0.718242 0.0511944 0.0102031
33 0.0273302 0.747078 0.0534895 0.04275
33 0.201148 0.718109 0.0826698 0.018
33 0.111077 0.744625 0.21363 0.0454375
33 0.209836 0.659156 0.0469321 0.0158438
33 0.270258 0.658164 0.0709133 0.0234219
33 0.198747 0.729563 0.0369789 0.0118438