8 0.48091 0.431227 0.07394 0.0694933
8 0.28667 0.832467 0.05586 0.0794933
8 0.54721 0.413907 0.06902 0.08008
8 0.42809 0.499093 0.0411 0.0225067
8 0.5445 0.44804 0.0846 0.0931467
8 0.58891 0.569733 0.0435 0.0575467
8 0.5477 0.2948 0.03976 0.0936533
8 0.47114 0.24936 0.05752 0.0604267
8 0.71378 0.42084 0.06052 0.0614667
8 0.4023 0.59852 0.06844 0.105787
8 0.65164 0.423533 0.0664 0.101947
8 0.14116 0.48952 0.0552 0.0644267
8 0.4709 0.661547 0.06676 0.09088
8 0.64388 0.233653 0.05728 0.0772267
8 0.57936 0.351 0.0324 0.0492
8 0.53369 0.52992 0.05166 0.0754133
8 0.5484 0.578427 0.05164 0.07136
8 0.72196 0.269 0.02916 0.03528
8 0.49245 0.375227 0.07218 0.0844267
8 0.62852 0.37016 0.04588 0.0672
8 0.78394 0.31788 0.08728 0.0555467
8 0.46896 0.506413 0.04308 0.04808
8 0.41783 0.470227 0.05042 0.0489867
8 0.58619 0.425307 0.06002 0.0861333
8 0.3809 0.81148 0.04904 0.07976
8 0.51513 0.320413 0.05058 0.0521333
8 0.64987 0.32864 0.05938 0.0548267
8 0.38225 0.522467 0.06338 0.0865867
8 0.60963 0.21688 0.04482 0.03648
8 0.49816 0.605027 0.04216 0.0747467
8 0.56067 0.37056 0.02222 0.05184
8 0.71528 0.306707 0.0474 0.0508533
8 0.41441 0.642107 0.06966 0.0755733
8 0.54127 0.35692 0.02366 0.0465867
8 0.4236 0.53784 0.02712 0.0384
8 0.50446 0.548787 0.0532 0.06264
8 0.53417 0.62948 0.04146 0.04712
8 0.69076 0.263587 0.03708 0.0448267
8 0.61279 0.575587 0.01286 0.03544
8 0.58053 0.288067 0.03522 0.0422667
15 0.45785 0.5392 0.04838 0.0370133
15 0.35476 0.38172 0.16808 0.198747
15 0.23833 0.769187 0.1105 0.117467
15 0.81497 0.310533 0.05198 0.0853867
15 0.39956 0.785027 0.05112 0.05016
15 0.3378 0.79648 0.04572 0.0299733
15 0.92539 0.396493 0.01878 0.0394933
15 0.60882 0.833813 0.1122 0.112853
15 0.21732 0.68856 0.094 0.0742933
42 0.90927 0.4264 0.0765 0.160533
42 0.22684 0.266907 0.03992 0.147413
42 0.17131 0.404573 0.12322 0.147813
42 0.72659 0.776027 0.06598 0.114293
42 0.91914 0.519067 0.0402 0.05328
42 0.44328 0.210773 0.06428 0.06864
42 0.53731 0.20004 0.05922 0.04824
14 0.32398 0.27968 0.10872 0.0778133
14 0.72872 0.688067 0.0448 0.10792
14 0.34209 0.849387 0.09258 0.111253
14 0.70933 0.847827 0.12378 0.174107
14 0.41895 0.341893 0.09242 0.122507
14 0.24084 0.298187 0.0684 0.14
14 0.39117 0.248187 0.07822 0.0708267
14 0.73862 0.305587 0.01952 0.0318133
14 0.5364 0.48664 0.08556 0.0773333
14 0.19763 0.617787 0.08378 0.09232
14 0.83558 0.265827 0.04176 0.06072
14 0.53123 0.247653 0.06942 0.0562133
14 0.48811 0.294307 0.05814 0.0677067
14 0.71572 0.369013 0.02856 0.0374933
14 0.21547 0.408667 0.09406 0.0816533
14 0.36856 0.310893 0.04188 0.08232
11 0.31064 0.732067 0.13092 0.12152
11 0.58294 0.891733 0.11344 0.107147
11 0.63438 0.661413 0.13612 0.157813
11 0.74907 0.345467 0.04186 0.0493333
11 0.5968 0.1826 0.04696 0.0422667
11 0.77759 0.226747 0.08314 0.141173
11 0.27247 0.585307 0.08782 0.175787
11 0.58304 0.5242 0.04992 0.078
11 0.48485 0.491733 0.0473 0.0567467
11 0.62068 0.291667 0.05556 0.0715467
11 0.33508 0.61196 0.07896 0.132293
59 0.71126 0.533933 0.26136 0.214373
59 0.72523 0.220893 0.03918 0.07016
59 0.50757 0.79288 0.21542 0.322827
59 0.20973 0.529453 0.20774 0.139653
59 0.56461 0.09436 0.1845 0.1292
59 0.33504 0.176493 0.14272 0.18488
59 0.43172 0.1392 0.10968 0.158613
59 0.83372 0.762147 0.156 0.303493
59 0.84211 0.383853 0.1135 0.18184
59 0.78943 0.165693 0.1603 0.159867
59 0.89255 0.576813 0.17962 0.2636
59 0.6187 0.130547 0.20052 0.237147
59 0.9582 0.559707 0.0836 0.15136