11 0.924539 0.21751 0.147266 0.237854
11 0.65232 0.18699 0.307078 0.373979
11 0.899383 0.385583 0.134359 0.20175
11 0.507898 0.0944792 0.0886719 0.1455
11 0.915516 0.125979 0.125344 0.0901667
11 0.895344 0.646 0.209313 0.292583
7 0.803133 0.835708 0.247297 0.326542
7 0.688516 0.438688 0.204687 0.213542
7 0.797586 0.460385 0.128078 0.231021
7 0.305031 0.885385 0.265344 0.223271
7 0.546289 0.767865 0.318453 0.442437
7 0.609938 0.962635 0.154688 0.0740625
7 0.691602 0.646635 0.181516 0.250479
38 0.0914766 0.152438 0.0353906 0.0577083
38 0.135352 0.143083 0.225297 0.286167
38 0.477055 0.0544896 0.100234 0.108979
38 0.581344 0.03875 0.102688 0.0775
38 0.668211 0.0243646 0.0707656 0.0476875