44 0.3553 0.365991 0.05972 0.0954054
44 0.30026 0.273423 0.036 0.0523724
44 0.65576 0.328063 0.01612 0.0284985
44 0.73027 0.335886 0.0201 0.0320721
44 0.61023 0.477042 0.01246 0.0206907
44 0.62003 0.328844 0.02974 0.0368468
44 0.38991 0.29464 0.04938 0.0925826
44 0.64089 0.362312 0.02306 0.0290691
44 0.61325 0.511532 0.0283 0.030991
44 0.27142 0.319535 0.057 0.0851952
44 0.39462 0.42494 0.05944 0.0897598
44 0.59423 0.465195 0.01578 0.0257057
44 0.64294 0.44473 0.0388 0.0513814
44 0.2638 0.39952 0.05944 0.0952553
44 0.35214 0.472928 0.06796 0.103213
44 0.72844 0.473138 0.02236 0.0277778
44 0.70306 0.475405 0.02652 0.0301502
44 0.67761 0.427733 0.02642 0.0326426
44 0.70752 0.528063 0.0348 0.0429129
44 0.67981 0.488078 0.02078 0.0366366
44 0.40016 0.366126 0.0454 0.0699099
44 0.3469 0.249805 0.06008 0.0785285
44 0.7112 0.495495 0.02324 0.0296096
44 0.66092 0.410631 0.03264 0.0467868
44 0.72682 0.408784 0.04016 0.0575075
44 0.62375 0.278529 0.0545 0.0511111
44 0.59803 0.374489 0.02606 0.0415315
44 0.67678 0.26009 0.03 0.039039
44 0.61296 0.408408 0.03332 0.0343544
44 0.76222 0.400706 0.0192 0.0287988
44 0.73664 0.447973 0.03904 0.0391291
44 0.73268 0.299505 0.03824 0.0551051
44 0.36127 0.304474 0.0219 0.0386787
44 0.76179 0.461351 0.0333 0.0470871
44 0.63177 0.482613 0.03402 0.0405405
44 0.67565 0.295105 0.0189 0.0360961
44 0.67498 0.357402 0.03704 0.0445946
44 0.74713 0.346922 0.03598 0.0660961
44 0.75817 0.380811 0.02678 0.0485285
44 0.32643 0.304159 0.0577 0.0656757
44 0.7235 0.35997 0.02436 0.0464865
44 0.62034 0.307913 0.03064 0.0343243
44 0.74918 0.494144 0.03268 0.0336336
44 0.75728 0.423829 0.0384 0.0413514
44 0.663 0.497462 0.01948 0.0351652
44 0.73604 0.526381 0.02832 0.0392492
44 0.65922 0.285541 0.02344 0.0355255
44 0.64353 0.52506 0.0323 0.050961
44 0.70421 0.32461 0.03822 0.0551051
44 0.3406 0.416817 0.02892 0.0201201
44 0.68055 0.316051 0.01858 0.0464565
44 0.70237 0.285 0.03846 0.0639339
44 0.64192 0.33009 0.01948 0.0378979
44 0.65358 0.548844 0.01404 0.025976
44 0.31555 0.373844 0.04666 0.0870871
44 0.67148 0.540811 0.02692 0.0533333
44 0.6155 0.493258 0.03372 0.0202102
44 0.61435 0.360751 0.02334 0.0325526
44 0.61574 0.437913 0.02 0.0410511
44 0.59324 0.419279 0.03212 0.0429429
44 0.63581 0.394865 0.02274 0.0329129
44 0.67435 0.388994 0.0243 0.0414715
44 0.30227 0.445195 0.04758 0.0731532
44 0.71505 0.447823 0.02722 0.0144444
44 0.70356 0.364084 0.01724 0.0271471