62 0.372938 0.738625 0.0669687 0.0845
62 0.434055 0.246677 0.0668281 0.0927292
62 0.588547 0.536417 0.039125 0.03275
62 0.452625 0.258708 0.0693438 0.100708
62 0.571273 0.448531 0.0432969 0.0572708
62 0.480555 0.502385 0.0507969 0.0405625
62 0.468883 0.456917 0.0512656 0.0675417
62 0.503445 0.300458 0.0492969 0.0785
62 0.469234 0.526531 0.0785937 0.0980625
62 0.485281 0.583594 0.0787812 0.0512708
62 0.563586 0.445365 0.122109 0.0741042
62 0.523055 0.444708 0.0468281 0.0429583
62 0.501867 0.446854 0.0900156 0.071375
62 0.438023 0.4355 0.0482031 0.0907083
62 0.402984 0.486313 0.0576562 0.141417
62 0.477414 0.669552 0.0274844 0.0322292