44 0.186214 0.89264 0.0555491 0.03884
44 0.0726012 0.92369 0.0482081 0.03246
44 0.119725 0.91553 0.0543064 0.03378
44 0.0105347 0.93282 0.0210694 0.02396
44 0.199032 0.8368 0.048526 0.03776
6 0.63276 0.85899 0.0390462 0.0749
6 0.772587 0.80886 0.0440173 0.09256
6 0.473598 0.83881 0.0300289 0.02962
6 0.650795 0.9173 0.0307803 0.0434
6 0.848714 0.93084 0.0939017 0.04528
6 0.341387 0.64183 0.0386705 0.01446
6 0.688598 0.65462 0.101647 0.04016
6 0.806936 0.62021 0.0553179 0.01346
6 0.505896 0.73507 0.030578 0.01406
6 0.605954 0.75928 0.0484393 0.05748
6 0.755477 0.88791 0.0445954 0.07826
6 0.384032 0.6169 0.0426879 0.0196
6 0.842428 0.79772 0.0286705 0.0472
6 0.516156 0.74648 0.0315029 0.0266
6 0.563064 0.76515 0.0649711 0.07142
6 0.709234 0.67844 0.0792197 0.04596
6 0.515043 0.98256 0.153844 0.03488
6 0.889451 0.84748 0.0452023 0.03348
6 0.375361 0.58089 0.0622832 0.0307
6 0.519798 0.71333 0.0545665 0.03254
6 0.401214 0.58639 0.0686705 0.02006
6 0.360246 0.67731 0.065289 0.03526
6 0.35789 0.62154 0.0196532 0.01416
6 0.563613 0.78735 0.0460116 0.07006
6 0.808887 0.80081 0.0343642 0.06698
6 0.72289 0.73525 0.0535838 0.03562
6 0.649697 0.75368 0.0419942 0.06188
6 0.687832 0.88274 0.0350289 0.07412
6 0.507052 0.88091 0.0760116 0.04282
6 0.709928 0.75414 0.0586416 0.04896
6 0.37922 0.98809 0.0433526 0.02382
6 0.423324 0.6459 0.0312717 0.01952
6 0.731691 0.78295 0.0251734 0.06098
6 0.602803 0.82255 0.0391329 0.03254
6 0.836806 0.74269 0.075 0.03418
6 0.725882 0.91415 0.0471965 0.04858
6 0.767442 0.94558 0.121647 0.05104
6 0.466344 0.63258 0.0263295 0.01656
6 0.620838 0.89698 0.0315607 0.043
6 0.251951 0.65604 0.0469653 0.02876
6 0.81841 0.69821 0.0379769 0.02182
6 0.375578 0.58383 0.0489017 0.02494
6 0.776705 0.89174 0.0478035 0.08412
6 0.844697 0.65083 0.0303179 0.01238
6 0.834104 0.90335 0.0803468 0.02634
6 0.721113 0.8618 0.0281214 0.05232
6 0.702991 0.7809 0.0374277 0.05612
6 0.83185 0.87429 0.0256647 0.02398
6 0.796951 0.63307 0.0789884 0.01922
6 0.334075 0.57873 0.0182659 0.01562
6 0.797688 0.64954 0.0831214 0.01428
6 0.844408 0.69549 0.038237 0.0273
6 0.550882 0.73781 0.0336127 0.04078
6 0.286387 0.66476 0.0452601 0.03064
6 0.285145 0.65386 0.0422543 0.03028
6 0.543049 0.83766 0.0450578 0.04176
6 0.249176 0.60606 0.0468497 0.01568
6 0.43724 0.87653 0.0268497 0.02374
6 0.657572 0.66348 0.0667052 0.04328
6 0.574075 0.67173 0.0875723 0.05634
6 0.417023 0.83719 0.0623699 0.03978
6 0.313497 0.66051 0.0287861 0.04082
6 0.632428 0.67116 0.0679191 0.02396
6 0.607486 0.91423 0.0893642 0.04698
6 0.316445 0.58786 0.0191329 0.01728
6 0.706127 0.90687 0.0528902 0.06574
6 0.747847 0.81191 0.0293353 0.08878
6 0.551546 0.65958 0.101705 0.03884
6 0.257211 0.66118 0.0316474 0.02336
6 0.580361 0.69851 0.0819364 0.04942
6 0.243338 0.64474 0.0613584 0.02312
6 0.828309 0.9218 0.0692775 0.0158
6 0.799581 0.87279 0.0542486 0.04162
6 0.578584 0.81242 0.0395954 0.05144
6 0.492168 0.84681 0.0321965 0.03306
6 0.817283 0.75349 0.0709827 0.04278
6 0.71237 0.64886 0.0868208 0.0324
6 0.660318 0.77653 0.0450289 0.0753
6 0.422139 0.61621 0.0630636 0.01414
6 0.775723 0.77008 0.0650289 0.07296
6 0.412254 0.60655 0.0657803 0.0171
6 0.846185 0.71928 0.0156647 0.02152
6 0.443251 0.6464 0.0185838 0.0104
6 0.438353 0.66461 0.0271098 0.01762
6 0.287428 0.58832 0.0465318 0.024
6 0.460809 0.61482 0.0454335 0.02728
6 0.486171 0.72849 0.041474 0.03286
6 0.291199 0.63249 0.0256358 0.01718
6 0.625318 0.71494 0.0447977 0.0446
6 0.297543 0.98077 0.035896 0.03846
6 0.236647 0.98286 0.0352023 0.03428
6 0.863829 0.72238 0.0278902 0.03276
6 0.542876 0.88317 0.0817052 0.04794
6 0.899249 0.86969 0.0177457 0.01618
6 0.402182 0.88365 0.0803757 0.0399
6 0.689913 0.80658 0.0325434 0.06488
6 0.523035 0.77371 0.0400578 0.04162
6 0.586431 0.92418 0.0997399 0.05436
6 0.816633 0.69005 0.0540173 0.03006
6 0.386199 0.65363 0.082052 0.01782
6 0.906214 0.89844 0.0561272 0.0224
6 0.523931 0.8045 0.0375723 0.04388
6 0.767095 0.63022 0.0659249 0.02832
6 0.825332 0.64195 0.0789306 0.01766
6 0.810954 0.76798 0.0673988 0.05748
6 0.235173 0.62216 0.0676879 0.02056
6 0.656344 0.88638 0.0337861 0.05304
6 0.594408 0.87004 0.0304913 0.02652
6 0.326879 0.67443 0.0382659 0.0379
6 0.662948 0.84506 0.0340462 0.05656
6 0.409783 0.6851 0.0712428 0.02028
6 0.683353 0.6931 0.0457803 0.02356
6 0.862009 0.66857 0.0465029 0.0229
6 0.753512 0.67816 0.041185 0.02968
6 0.735087 0.93457 0.0693064 0.0361
6 0.46776 0.64734 0.0341908 0.01836
6 0.854668 0.8511 0.0662139 0.036
6 0.479017 0.80962 0.0475723 0.05044
6 0.820564 0.85005 0.0222254 0.0251
6 0.656951 0.69275 0.0399133 0.0287
6 0.619639 0.7024 0.0507225 0.0504
6 0.758179 0.72787 0.0562428 0.02486
6 0.445564 0.9917 0.0297399 0.01012
6 0.549292 0.65232 0.102341 0.03904
6 0.392601 0.63213 0.0506358 0.01938
6 0.500318 0.81496 0.0412717 0.04832
6 0.272847 0.59309 0.0489884 0.0321
6 0.304335 0.58714 0.0284971 0.02548
6 0.611257 0.84149 0.0473121 0.04554
6 0.471431 0.7817 0.045289 0.02624
6 0.534639 0.73516 0.0173121 0.03208
6 0.768772 0.67346 0.0466763 0.02624
6 0.243974 0.68114 0.0168497 0.01772
6 0.438251 0.81348 0.0790462 0.0364
6 0.611185 0.64051 0.0407514 0.01286
6 0.467471 0.85965 0.0258092 0.02206
6 0.488223 0.62774 0.0144798 0.01612
6 0.34724 0.58209 0.0221676 0.0225
6 0.82237 0.6666 0.02 0.00568
6 0.88711 0.81816 0.0294798 0.03616
6 0.719436 0.69503 0.0348266 0.01634
6 0.840202 0.82437 0.036185 0.02918
6 0.630231 0.7921 0.0125434 0.0282
6 0.790448 0.65652 0.0546532 0.00868
6 0.451561 0.82363 0.0224855 0.02346
6 0.40685 0.64899 0.044104 0.01438
6 0.526402 0.83503 0.0571965 0.05274
6 0.309595 0.61045 0.0309249 0.04226
6 0.350087 0.6554 0.0472832 0.0228
6 0.217775 0.67811 0.0356069 0.01342
6 0.654653 0.71653 0.0382659 0.02754
6 0.326965 0.99475 0.0575145 0.0105
6 0.443902 0.59239 0.0547977 0.01742
6 0.67974 0.72667 0.0324855 0.02142
6 0.325766 0.60784 0.0263295 0.02964
6 0.585173 0.71271 0.0628902 0.05362
6 0.766517 0.71266 0.131821 0.02688
6 0.52737 0.67983 0.0728324 0.03598
6 0.904841 0.86705 0.0443064 0.0443
6 0.799436 0.71343 0.0900867 0.03378
6 0.270853 0.98754 0.044711 0.02348
6 0.418324 0.8167 0.0855491 0.04984
6 0.801561 0.84423 0.0263006 0.02246
6 0.713642 0.82906 0.0290751 0.05312
6 0.568382 0.85221 0.0484393 0.0385
6 0.485636 0.87875 0.0513295 0.02798