44 0.225109 0.121733 0.0696875 0.100259
44 0.489914 0.412854 0.0195156 0.0300943
44 0.285211 0.158373 0.0684531 0.105472
44 0.465156 0.34829 0.02175 0.0314858
44 0.697328 0.537028 0.01225 0.0201887
44 0.4755 0.501722 0.017 0.0258962
44 0.0509375 0.225802 0.0661875 0.104387
44 0.600375 0.0307193 0.02975 0.0343632
44 0.00710937 0.151262 0.0142187 0.0622877
44 0.422414 0.0174764 0.0209844 0.0285849
44 0.657359 0.0582193 0.03 0.0457783
44 0.72732 0.381333 0.0183594 0.0297406
44 0.528359 0.387748 0.0124063 0.0207783
44 0.0982109 0.589788 0.0412031 0.0591981
44 0.702906 0.467441 0.0209063 0.0348821
44 0.761961 0.707134 0.0170469 0.0199764
44 0.56368 0.409965 0.0236719 0.0348821
44 0.0342344 0.190307 0.0678125 0.0994811
44 0.54293 0.402382 0.0212031 0.0316981
44 0.483211 0.786545 0.0204531 0.0246934
44 0.311 0.364021 0.01775 0.0310613
44 0.767687 0.471498 0.0196563 0.0411085
44 0.953492 0.105637 0.0136094 0.0205189
44 0.693367 0.306781 0.0157969 0.0340802
44 0.34507 0.101804 0.00901562 0.0143632
44 0.469289 0.30625 0.0276094 0.0413208
44 0.398078 0.369163 0.014625 0.0220519
44 0.436312 0.45467 0.0174375 0.0289151
44 0.570563 0.212476 0.0157813 0.029434
44 0.667898 0.208408 0.0258594 0.0462972
44 0.521477 0.463715 0.0171719 0.0238443
44 0.603016 0.214752 0.0274375 0.0356368
44 0.658633 0.653078 0.0141094 0.0195047
44 0.6405 0.424587 0.0230312 0.0321462
44 0.156039 0.534363 0.0261719 0.0348585
44 0.0648125 0.0694222 0.129625 0.138844
44 0.576133 0.459611 0.0175156 0.0419104
44 0.748953 0.378597 0.0220938 0.0340802
44 0.464273 0.4827 0.0181406 0.0218632
44 0.759906 0.109528 0.0280938 0.0423585
44 0.69993 0.354057 0.0237969 0.0381132
44 0.30925 0.234233 0.0220938 0.0212972
44 0.670969 0.449458 0.0146875 0.0232075
44 0.853539 0.210849 0.0151406 0.0242453
44 0.233867 0.971922 0.0137656 0.0187028
44 0.708734 0.385814 0.0230312 0.0347406
44 0.339008 0.849882 0.0244219 0.0275472
44 0.718633 0.22145 0.0220469 0.0391745
44 0.449352 0.43638 0.0172344 0.0243632
44 0.840625 0.141533 0.0181875 0.0287264
44 0.368906 0.981828 0.0243125 0.0304953
44 0.479281 0.463608 0.0262812 0.0396226
44 0.456984 0.503373 0.0220625 0.0353302
44 0.50943 0.453137 0.0166094 0.0270755
44 0.906805 0.258892 0.0141094 0.0223113
44 0.720383 0.592099 0.0109844 0.0204717
44 0.66875 0.421792 0.0166563 0.0353774
44 0.825891 0.668078 0.015125 0.0212972
44 0.291578 0.433538 0.0129375 0.0297642
44 0.937547 0.0703774 0.0164375 0.0251415
44 0.670117 0.164434 0.0265156 0.0475472
44 0.644188 0.48125 0.0132188 0.0204245
44 0.220555 0.861604 0.0208281 0.0201887
44 0.548391 0.489917 0.01725 0.0270991
44 0.614398 0.307689 0.0134219 0.0292453
44 0.20718 0.521333 0.0217656 0.0379481
44 0.526312 0.142972 0.00765625 0.0269811
44 0.655437 0.425625 0.011375 0.0307783
44 0.879797 0.24605 0.016875 0.0217217
44 0.71832 0.534528 0.0203906 0.0323113
44 0.732453 0.174316 0.0319688 0.0500472
44 0.09475 0.161097 0.0700625 0.0747406
44 0.737898 0.480307 0.0161406 0.0246226
44 0.382227 0.413998 0.0278906 0.0382311
44 0.321578 0.744092 0.015 0.0201179
44 0.222828 0.641557 0.0112187 0.0246698
44 0.529336 0.669257 0.00610938 0.0238443
44 0.286438 0.331863 0.0153125 0.0239623