38 0.409062 0.772378 0.0635 0.0910331
38 0.196594 0.614854 0.161 0.125575
38 0.0861406 0.654493 0.149688 0.196862
38 0.153406 0.904347 0.108875 0.191306
38 0.242531 0.758752 0.111937 0.0748148
38 0.329062 0.816784 0.134688 0.184561
38 0.358703 0.589912 0.0651562 0.0493372
38 0.414289 0.889873 0.206203 0.207076
38 0.182969 0.535439 0.08775 0.126784
38 0.105844 0.79924 0.101063 0.100312
38 0.456289 0.812096 0.133078 0.151676
38 0.467492 0.527232 0.0734219 0.0529045
38 0.226742 0.848158 0.0830156 0.136277
38 0.431641 0.676394 0.168094 0.182534
38 0.329852 0.544591 0.137453 0.224971
38 0.55732 0.669415 0.149172 0.142183
38 0.381562 0.467066 0.12025 0.0982261
38 0.217164 0.954698 0.0793281 0.0849513
38 0.313047 0.745263 0.122031 0.233606
38 0.527258 0.549649 0.0909844 0.0552437
14 0.372539 0.170039 0.0381719 0.0195322
14 0.398508 0.310517 0.0387969 0.0445809
14 0.424219 0.210185 0.0326875 0.012963
14 0.36793 0.223138 0.0318594 0.0506433
14 0.335805 0.206296 0.0223594 0.106433
43 0.768109 0.785682 0.0837813 0.0788499
43 0.714211 0.851326 0.0308281 0.0403899
43 0.810562 0.756559 0.0719687 0.0504288
43 0.794922 0.895156 0.0201875 0.050039
43 0.80332 0.89039 0.0342344 0.0461988
43 0.74918 0.883041 0.0519844 0.0558674
43 0.838305 0.686179 0.0545469 0.0561404
43 0.697391 0.761969 0.0237188 0.139103
43 0.890133 0.722573 0.0310156 0.0277193
43 0.802633 0.814971 0.0554531 0.0640156
43 0.76732 0.659552 0.0777656 0.113645
43 0.80932 0.690214 0.0520781 0.0367251
43 0.865852 0.763265 0.0538594 0.0546394
43 0.92093 0.858606 0.0469219 0.070117
43 0.780125 0.900955 0.0127188 0.0620273
43 0.713977 0.746014 0.0317031 0.0887135