14 0.292093 0.20998 0.118533 0.10072
14 0.297333 0.3413 0.100373 0.09012
14 0.122067 0.34379 0.0690933 0.08178
14 0.378413 0.37361 0.111653 0.09542
14 0.4642 0.49229 0.110053 0.09358
14 0.364067 0.51251 0.102213 0.08546
14 0.204387 0.15059 0.0880267 0.0879
14 0.269133 0.47218 0.120347 0.0746
14 0.43644 0.32144 0.11544 0.07668
14 0.20668 0.34632 0.12024 0.10964
14 0.326827 0.15083 0.15888 0.12406
14 0.426653 0.22959 0.14568 0.08442
14 0.46944 0.29864 0.12032 0.0832
14 0.26732 0.52018 0.121467 0.05344
14 0.21552 0.49576 0.0232533 0.03
14 0.20168 0.11064 0.161013 0.05564
11 0.324173 0.30274 0.14776 0.09488
11 0.439027 0.1533 0.216827 0.14572
11 0.146667 0.48323 0.127253 0.11586
11 0.400947 0.43078 0.19848 0.09712
11 0.212947 0.24093 0.10312 0.1035
11 0.14288 0.26102 0.0892267 0.09692
11 0.21196 0.42829 0.11384 0.08186
11 0.132693 0.42585 0.0850133 0.0963
11 0.14324 0.23002 0.02904 0.03964
11 0.278867 0.39517 0.115867 0.11422
11 0.156453 0.19628 0.111947 0.0924