14 0.397639 0.688604 0.140778 0.171698
14 0.325375 0.820887 0.208083 0.159736
14 0.224847 0.755509 0.12575 0.246566
14 0.437403 0.781774 0.0791389 0.272
14 0.336542 0.92334 0.233583 0.0881887
14 0.208764 0.908849 0.07525 0.0901509
14 0.266792 0.793491 0.139806 0.161698
14 0.406083 0.606792 0.120056 0.264377
14 0.349 0.589358 0.132833 0.286566
39 0.738292 0.187774 0.140861 0.256302
34 0.621444 0.724566 0.0332222 0.0348679
34 0.898764 0.44417 0.0186389 0.0533962
34 0.952556 0.452698 0.0402778 0.0819245
34 0.801181 0.584811 0.0593611 0.0926415
34 0.933889 0.525302 0.0487222 0.0536981
34 0.858347 0.544887 0.0560278 0.0949811
34 0.880181 0.453528 0.0390833 0.0540755
34 0.665819 0.678811 0.0325833 0.0719623
34 0.904722 0.554943 0.0152778 0.0392453
34 0.778861 0.723811 0.0451111 0.0722264
34 0.620028 0.680774 0.0464444 0.07
34 0.595014 0.707132 0.0190278 0.0486038
34 0.539653 0.754623 0.0416944 0.0615472
34 0.732417 0.631283 0.0518333 0.0845283
34 0.623444 0.835 0.0418889 0.0556604
34 0.531042 0.703226 0.0289722 0.071434
34 0.674778 0.741396 0.0304444 0.0557736
34 0.825778 0.648472 0.0227222 0.0506792
34 0.603653 0.893755 0.0523611 0.0804151
34 0.71125 0.770679 0.0464444 0.070717
34 0.686542 0.830868 0.0168611 0.0618868
34 0.655403 0.796453 0.0450278 0.0584151
34 0.650028 0.736075 0.0312778 0.0457358
34 0.574958 0.924623 0.0486944 0.0861509
34 0.773875 0.558491 0.0373611 0.0496604
34 0.755208 0.635245 0.0340278 0.0405283
34 0.632861 0.743774 0.0298333 0.041283
34 0.688306 0.658491 0.0451667 0.0507925
34 0.878542 0.615811 0.04475 0.0735849
34 0.762611 0.585642 0.029 0.0350566
34 0.94375 0.387472 0.0290556 0.0220377
34 0.715444 0.681509 0.0600556 0.06
34 0.92625 0.487057 0.035 0.058566
34 0.619625 0.769264 0.0283056 0.0666792
34 0.883097 0.488453 0.0439722 0.022566
34 0.764278 0.758509 0.0548333 0.0335472
34 0.798236 0.666094 0.0356389 0.0822264
34 0.824097 0.589377 0.03275 0.0581509
34 0.562083 0.691925 0.0428333 0.0289811
34 0.696764 0.718491 0.0429167 0.0466415
34 0.921 0.421396 0.0346111 0.0765283
34 0.557375 0.815302 0.0454722 0.0443396
34 0.951347 0.547811 0.0404167 0.0449811
34 0.655792 0.843472 0.0249722 0.0380377
34 0.548236 0.858962 0.0501389 0.0592075
34 0.900139 0.510491 0.0285 0.0646038
8 0.71025 0.452302 0.0915 0.0643774
8 0.866583 0.665698 0.0609444 0.0833208
8 0.959306 0.658396 0.032 0.0643396
8 0.922083 0.910019 0.0779444 0.0973208
8 0.898764 0.875 0.0334167 0.07
8 0.720611 0.870774 0.0477778 0.0843396
8 0.555556 0.627528 0.0685556 0.098
8 0.655083 0.933547 0.0417222 0.0724528
8 0.847056 0.819358 0.0788889 0.0738868
8 0.757556 0.86734 0.0397222 0.0663774
8 0.920722 0.654377 0.0476111 0.0709434
8 0.874194 0.914736 0.0468889 0.0629811
8 0.911278 0.601528 0.0463889 0.0624528
8 0.762861 0.930925 0.0718889 0.0809434
8 0.774944 0.81083 0.0513889 0.0775094
8 0.762014 0.383585 0.06425 0.0806792
8 0.836208 0.730887 0.0438611 0.0828302
8 0.822944 0.92334 0.0548333 0.0640377
8 0.569458 0.500698 0.0441389 0.062
8 0.95125 0.750057 0.0495556 0.0639623
8 0.701958 0.939604 0.0615278 0.068717
8 0.610569 0.431717 0.0406389 0.0521132
8 0.622736 0.466264 0.0405833 0.0664151
8 0.959361 0.592925 0.0513333 0.0758868
8 0.638861 0.579491 0.0630556 0.0791321
8 0.683569 0.545491 0.06575 0.0746038
8 0.817333 0.780038 0.0607222 0.109509
8 0.705319 0.897226 0.0553611 0.0550566
8 0.56725 0.537528 0.0595556 0.0335472
8 0.599083 0.558642 0.0348333 0.045434
8 0.690639 0.611094 0.0606667 0.0649057
8 0.728014 0.533075 0.0475833 0.072566
8 0.862972 0.780358 0.0467222 0.0742264
8 0.940208 0.703849 0.0461389 0.0559245
8 0.905681 0.68517 0.0364167 0.0507925
8 0.855319 0.872057 0.0605833 0.0435849
8 0.810292 0.858208 0.04925 0.087283
8 0.698194 0.502906 0.0677778 0.0482264
8 0.783167 0.48166 0.0575 0.0448302
8 0.807389 0.39166 0.0401111 0.062717
8 0.794792 0.894094 0.0435278 0.0539245
8 0.711486 0.391302 0.0443056 0.0651698
8 0.942389 0.801472 0.0518889 0.064
8 0.908708 0.746887 0.05125 0.071434
8 0.683583 0.406038 0.0478333 0.0561509
11 0.0418611 0.513396 0.0391111 0.0652075
11 0.075125 0.720811 0.128806 0.176491
11 0.115611 0.586113 0.0863889 0.13434
11 0.0598194 0.595792 0.0743611 0.116415
11 0.0980556 0.90383 0.148389 0.138604
11 0.241833 0.55466 0.140444 0.186075
11 0.139583 0.40466 0.062 0.064717
11 0.07925 0.81283 0.0858889 0.062717
11 0.0778472 0.52017 0.0371944 0.0515094
11 0.0844306 0.441226 0.0946944 0.142679
11 0.294653 0.468226 0.17225 0.206792
11 0.127208 0.854887 0.0759722 0.0981509