32 0.140457 0.467406 0.0931382 0.062875
32 0.576311 0.576914 0.147237 0.0932031
32 0.459215 0.624281 0.137681 0.0866563
32 0.601534 0.429812 0.113466 0.075625
32 0.409403 0.436039 0.101288 0.0711094
32 0.384684 0.498828 0.132974 0.07925
32 0.0647307 0.56957 0.120375 0.0640469
32 0.0709836 0.624523 0.0890867 0.0476094
32 0.163888 0.439891 0.0627635 0.0418437
32 0.208431 0.609883 0.120468 0.0490156
32 0.559461 0.487023 0.108899 0.0873906
32 0.340047 0.580055 0.155504 0.0916094
32 0.655164 0.537383 0.111967 0.0572969
32 0.145504 0.577289 0.102763 0.0967344
32 0.215913 0.484609 0.0750585 0.0520938
32 0.470316 0.457336 0.0866745 0.0643594
32 0.495222 0.513078 0.105059 0.0496562
32 0.106569 0.512039 0.0768852 0.0586719
32 0.61534 0.629758 0.0698829 0.0337344
32 0.296756 0.620078 0.0723419 0.0343437
32 0.289824 0.544336 0.102693 0.0817344
32 0.462014 0.548492 0.132084 0.0822656
32 0.178337 0.522352 0.0696487 0.0625781
32 0.254672 0.538781 0.110281 0.0967812
32 0.26959 0.475883 0.0562295 0.0404844
32 0.0744379 0.442297 0.0972131 0.0666563
32 0.0287588 0.644086 0.0575176 0.0333594
32 0.0372014 0.464125 0.0744028 0.057875
32 0.0237002 0.600664 0.0474005 0.0627031
32 0.0390867 0.510219 0.0781733 0.0692813
32 0.664614 0.476797 0.131101 0.085
36 0.555398 0.794586 0.371452 0.150641
36 0.0776112 0.702523 0.127588 0.0912656
36 0.909625 0.743648 0.180749 0.129328
36 0.559895 0.649422 0.211405 0.0640312
36 0.146557 0.657391 0.222482 0.0646875
36 0.483454 0.708406 0.210796 0.0716563
36 0.776101 0.77282 0.255995 0.127859
36 0.662026 0.692805 0.205129 0.0599219
36 0.213255 0.758156 0.347963 0.146531
36 0.190667 0.699758 0.277728 0.0523594
36 0.332447 0.662586 0.239602 0.0854219
61 0.409848 0.383789 0.811218 0.270703
39 0.373864 0.410141 0.253677 0.11125
39 0.401557 0.335953 0.241663 0.118125
39 0.600539 0.38518 0.267869 0.106453
39 0.180012 0.390227 0.167986 0.119766
39 0.10322 0.416219 0.205082 0.0461875