43 0.564547 0.319198 0.0611563 0.0685625
43 0.544086 0.256979 0.0514219 0.0961667
43 0.250672 0.235708 0.0924375 0.0589583
43 0.482023 0.497542 0.0763281 0.0962917
43 0.249914 0.407312 0.0655781 0.0387083
43 0.604102 0.159854 0.0511406 0.064875
43 0.316789 0.457917 0.0591094 0.0611667
43 0.257039 0.495188 0.0653906 0.0728333
43 0.550758 0.45851 0.0444531 0.0538958
43 0.642062 0.259677 0.0522188 0.0580208
43 0.566203 0.393281 0.0855313 0.0846458
43 0.123453 0.346333 0.0553125 0.0385833
43 0.504547 0.309104 0.06825 0.0735833
43 0.676031 0.160083 0.067875 0.0520833
8 0.599437 0.13175 0.0517813 0.0385833
8 0.279398 0.172687 0.0397969 0.0574583
8 0.57868 0.497729 0.0557969 0.0805833
8 0.652945 0.363417 0.0422031 0.0724167
8 0.195039 0.553906 0.0761406 0.0886875
8 0.512781 0.15076 0.04675 0.0561042
8 0.261828 0.437531 0.0739375 0.0684375
8 0.478164 0.166542 0.0257656 0.0412917
8 0.272547 0.19574 0.030125 0.0454375
8 0.439023 0.194875 0.0240469 0.0230833
8 0.778922 0.405365 0.099625 0.108979
8 0.281695 0.354875 0.0546094 0.0692083
8 0.636094 0.305135 0.0226875 0.0476875
8 0.300305 0.532052 0.0361406 0.0367292
8 0.41707 0.182187 0.0264531 0.047875
8 0.48018 0.244115 0.0443281 0.0738958