11 0.775188 0.406711 0.449625 0.462328
11 0.117328 0.668344 0.187188 0.238063
11 0.187508 0.414602 0.137516 0.184328
11 0.596258 0.152531 0.366109 0.302094
11 0.0295625 0.146031 0.059125 0.111906
11 0.305617 0.201539 0.164359 0.0964219
11 0.316805 0.280312 0.151953 0.215937
11 0.354875 0.699211 0.185719 0.220109
11 0.301773 0.41782 0.114109 0.151016
11 0.392414 0.605172 0.166172 0.126875
11 0.313875 0.345828 0.163594 0.149688
11 0.443609 0.385437 0.156062 0.148594
11 0.0802891 0.528922 0.157516 0.201813
11 0.272055 0.573844 0.172078 0.158906
11 0.0848516 0.166281 0.165391 0.140781
11 0.0703438 0.391719 0.140688 0.169187
11 0.0791484 0.211742 0.0333906 0.0463594
11 0.0615547 0.293055 0.0903594 0.0690781
11 0.361555 0.489227 0.175047 0.120109
11 0.176531 0.331445 0.144437 0.255766