50 0.208453 0.33132 0.197875 0.660164
14 0.419984 0.0980374 0.01225 0.0163551
14 0.410258 0.11611 0.0103281 0.0213318
14 0.419359 0.23847 0.02975 0.0333879
14 0.488961 0.129089 0.0404844 0.0330841
14 0.291695 0.201717 0.0313594 0.0641355
14 0.269406 0.271811 0.0334062 0.0234346
14 0.381031 0.314007 0.0216875 0.00834112
14 0.418938 0.077535 0.071625 0.0667991
14 0.317688 0.0820794 0.0180312 0.0108879
14 0.29057 0.0967757 0.00735937 0.012243
14 0.245156 0.2275 0.0209063 0.018785
14 0.362687 0.192523 0.00821875 0.0176636
14 0.326883 0.131612 0.0269844 0.0464953
14 0.371172 0.318318 0.0170625 0.00761682