11 0.417922 0.425459 0.0925312 0.0632
11 0.473109 0.367482 0.131312 0.154118
11 0.700602 0.320953 0.165297 0.2564
11 0.697898 0.831906 0.191766 0.250494
11 0.543656 0.4844 0.115031 0.198024
11 0.394609 0.119682 0.116562 0.169294
11 0.611102 0.477624 0.0918594 0.158259
59 0.777227 0.466 0.0978906 0.0839529
59 0.396469 0.676129 0.246312 0.291271
59 0.325125 0.271835 0.187062 0.2424
59 0.634656 0.599212 0.143156 0.110047
59 0.892164 0.702565 0.0613281 0.246165
59 0.474367 0.209788 0.120766 0.209553
59 0.790773 0.2428 0.234234 0.263388
59 0.213 0.538882 0.187688 0.188071
59 0.525727 0.896141 0.247141 0.145694
59 0.818227 0.717671 0.217891 0.222824
59 0.0122891 0.578859 0.0217969 0.0396471
59 0.668406 0.688224 0.22075 0.160353
59 0.101539 0.719906 0.0352344 0.0797647
59 0.306492 0.195847 0.101234 0.120071
59 0.690562 0.177953 0.0293125 0.124659
59 0.585984 0.336859 0.144125 0.125294
59 0.881492 0.377894 0.126422 0.143506