59 0.721547 0.603337 0.08025 0.105135
59 0.86618 0.404407 0.0336719 0.0651143
59 0.654281 0.665769 0.0904688 0.0971933
59 0.308961 0.151216 0.0278594 0.0278378
59 0.588984 0.403077 0.0658125 0.0743451
59 0.715914 0.476538 0.0579219 0.0901663
59 0.600734 0.529137 0.0578125 0.0602287
59 0.452367 0.136538 0.0912344 0.0393555
59 0.0373125 0.690509 0.0730625 0.111372
59 0.822852 0.40685 0.0762031 0.0813098
59 0.695016 0.232495 0.0528125 0.0627859
59 0.434477 0.705125 0.0688594 0.0983992
59 0.293594 0.0978274 0.0900625 0.0730769
59 0.122531 0.176279 0.053625 0.0306029
59 0.156023 0.628877 0.0749219 0.0651559
59 0.760891 0.533358 0.0831563 0.0983992
59 0.380609 0.333254 0.0768438 0.0698753
59 0.551711 0.585301 0.111828 0.0859044
59 0.66225 0.346247 0.0759375 0.0616008
59 0.262141 0.230333 0.0349375 0.0253222
59 0.326945 0.163191 0.0236406 0.0358628
59 0.544844 0.334626 0.0931562 0.0679626
59 0.669086 0.263992 0.0558906 0.0344699
59 0.360187 0.397942 0.0843125 0.12
59 0.954141 0.362308 0.0800625 0.0661538
59 0.97775 0.57659 0.0445 0.12948
59 0.757734 0.24079 0.0393437 0.0544283
59 0.922016 0.542963 0.071125 0.0640541
59 0.827328 0.745229 0.079625 0.115073
59 0.609687 0.111705 0.0340625 0.0258212
59 0.63175 0.492755 0.133625 0.17237
59 0.488359 0.45159 0.0830937 0.102225
59 0.846289 0.258514 0.0588281 0.0325364
59 0.494688 0.531383 0.0711875 0.0802287
59 0.424008 0.183763 0.127234 0.0920582
59 0.457164 0.0909044 0.0407969 0.0298337
59 0.639492 0.566528 0.0692344 0.0814137
59 0.254359 0.382983 0.070125 0.108877
59 0.163578 0.216798 0.0583125 0.0588358
59 0.984219 0.47841 0.0305 0.0815177
59 0.822742 0.480499 0.0822969 0.0898129
59 0.542453 0.507173 0.0942187 0.0782952
59 0.949047 0.420582 0.0825313 0.0865696
59 0.738945 0.300364 0.0997969 0.0596881
59 0.180094 0.152048 0.0519687 0.0364033
59 0.234438 0.139335 0.037375 0.0286486
59 0.571148 0.659979 0.0865781 0.115884
59 0.0970391 0.216663 0.0537031 0.0620582
59 0.570953 0.0799168 0.0642812 0.041289
59 0.883906 0.524148 0.0979688 0.0656341
59 0.852055 0.305821 0.0781406 0.0782121
59 0.295945 0.203025 0.0440781 0.0434304
59 0.915461 0.59974 0.0674531 0.0979834
59 0.949539 0.705343 0.0969531 0.114012
59 0.0412422 0.225811 0.0824844 0.0746985
59 0.415672 0.0724116 0.03375 0.0333056
59 0.43968 0.529231 0.0681406 0.108732
59 0.81268 0.597869 0.0794844 0.0848857
59 0.458211 0.326133 0.0577031 0.0556757
59 0.325078 0.219688 0.0365625 0.0316424
59 0.0727344 0.181549 0.0577187 0.0419335
59 0.381391 0.072027 0.0485625 0.04842
59 0.53868 0.144522 0.0331094 0.0146154
59 0.234992 0.214064 0.0844844 0.0529938
59 0.560617 0.124459 0.0514219 0.0350728
59 0.612914 0.140125 0.0367656 0.0366736
59 0.370016 0.0552287 0.0644687 0.0550312
59 0.504938 0.149709 0.0353125 0.034553
59 0.743992 0.687516 0.0899844 0.0825988
59 0.466719 0.0409875 0.04375 0.0339501
59 0.337039 0.12764 0.0345781 0.0349064
59 0.23825 0.161694 0.0402813 0.0274636
59 0.187906 0.197245 0.066 0.0702911
59 0.715773 0.204491 0.0427031 0.0733056
59 0.296398 0.174241 0.0490156 0.0413306
59 0.335008 0.0838462 0.0218906 0.0164241
59 0.448625 0.115707 0.0673438 0.0180249
8 0.886039 0.35685 0.225297 0.0960291
8 0.546422 0.434511 0.0617812 0.0951351
8 0.295227 0.17499 0.0406094 0.0320582
8 0.811523 0.431944 0.288984 0.123181
8 0.721531 0.602245 0.0795937 0.105738
8 0.631914 0.488004 0.132047 0.180582
8 0.561023 0.171861 0.0902969 0.0606445
8 0.0165391 0.197204 0.0319219 0.0230146
8 0.452656 0.418825 0.163 0.156985
8 0.637648 0.448794 0.0368906 0.0958004
8 0.570945 0.0734927 0.0642969 0.0283992
8 0.655547 0.69106 0.260562 0.184823