6 0.65907 0.358647 0.0571719 0.0864706
6 0.578031 0.394353 0.0885312 0.0896
6 0.62543 0.322176 0.0738281 0.105576
6 0.595141 0.514365 0.080875 0.0968706
6 0.685867 0.253447 0.0742656 0.0682118
6 0.541969 0.313118 0.056625 0.0525882
6 0.705047 0.529329 0.0695313 0.101576
6 0.629586 0.570365 0.0858906 0.0815765
6 0.707477 0.380729 0.0765156 0.0889882
6 0.707469 0.289482 0.07925 0.0825882
6 0.302445 0.182729 0.148391 0.0999059
6 0.744055 0.4232 0.0846719 0.0930824
6 0.588359 0.453412 0.0715 0.0803765
6 0.800578 0.376153 0.0775312 0.0873176
6 0.579508 0.156788 0.346078 0.124588
6 0.654555 0.447235 0.0640781 0.0841176
6 0.550453 0.374929 0.04975 0.0799765
6 0.833352 0.419482 0.0847656 0.108047
6 0.736078 0.326859 0.07075 0.0641647
6 0.603891 0.274141 0.0434375 0.0666824
6 0.669469 0.490024 0.06575 0.0932706
6 0.77275 0.487235 0.0930938 0.133388
1 0.365289 0.375929 0.0599531 0.0425882
1 0.232094 0.4968 0.0841563 0.266541
1 0.406547 0.460318 0.0438125 0.0591294
1 0.168258 0.338753 0.0994844 0.195953
1 0.324453 0.406941 0.0247188 0.0503529
1 0.331133 0.531024 0.0905469 0.282565
1 0.272422 0.360365 0.0728125 0.139694
1 0.355953 0.361153 0.0514063 0.0495059
1 0.297359 0.453224 0.0299375 0.0901176
1 0.467016 0.466588 0.0604375 0.0642353
1 0.447914 0.519071 0.0517969 0.0853412
1 0.124094 0.450306 0.0761875 0.2304
1 0.38043 0.468271 0.0138906 0.0732471
1 0.279469 0.464424 0.0225 0.0712941
1 0.416328 0.361871 0.0374063 0.0440706
1 0.463695 0.414329 0.0690156 0.0592471
1 0.430406 0.417847 0.0538438 0.0869412
1 0.465836 0.368918 0.0461719 0.0387294
1 0.38882 0.394047 0.0467344 0.0738824
1 0.400695 0.525071 0.0524219 0.0888706