32 0.6461 0.662941 0.03232 0.047754
32 0.68236 0.735281 0.03392 0.0453209
32 0.64567 0.740775 0.0385 0.0454545
32 0.67595 0.689519 0.03338 0.0347059
32 0.65688 0.756658 0.03432 0.0487166
32 0.6421 0.717112 0.03068 0.0449733
14 0.44409 0.796564 0.12818 0.220615
14 0.37202 0.790134 0.16992 0.178396
14 0.41615 0.800414 0.1811 0.221524
14 0.28108 0.851324 0.084 0.265642
14 0.41657 0.82504 0.15658 0.173235
14 0.31103 0.776497 0.12414 0.206684
14 0.38702 0.726203 0.12736 0.175882
14 0.37159 0.838449 0.14962 0.177701
0 0.5961 0.70484 0.03328 0.024385
0 0.71112 0.742794 0.02744 0.0328075
0 0.708 0.712299 0.04296 0.0261497
0 0.57298 0.706751 0.01964 0.0299198
0 0.59249 0.727821 0.02878 0.0289572
0 0.58292 0.684037 0.03632 0.0262567
0 0.61864 0.662219 0.01924 0.0481818
0 0.74051 0.725775 0.04622 0.0412834
0 0.6975 0.677741 0.0398 0.0371925