56 0.458781 0.373052 0.0670625 0.0968542
56 0.56243 0.460583 0.0594219 0.109292
56 0.490172 0.40601 0.0740313 0.0898958
56 0.385687 0.487271 0.0615625 0.111542
56 0.514727 0.339937 0.0604219 0.0939167
56 0.447805 0.481563 0.0774531 0.107958
56 0.555789 0.371708 0.0818906 0.0916667
9 0.55818 0.372146 0.0767656 0.0903333
9 0.52407 0.473021 0.0724844 0.113042
9 0.451031 0.481958 0.0725313 0.108417
9 0.401289 0.408135 0.0891094 0.105104
6 0.744633 0.491 0.258078 0.61275
36 0.206703 0.622125 0.135156 0.14325
36 0.341828 0.784062 0.132625 0.175708
36 0.417898 0.826125 0.167016 0.170667
36 0.221578 0.646948 0.143031 0.124396
36 0.247375 0.705573 0.142063 0.164271
36 0.27757 0.743604 0.100328 0.176208