11 0.504125 0.415333 0.7345 0.830667
11 0.503953 0.852323 0.461188 0.295354
14 0.883359 0.38225 0.219438 0.1905
14 0.0245547 0.479885 0.0491094 0.321313
14 0.224773 0.674552 0.439703 0.641146
14 0.957156 0.919667 0.0856875 0.160667
14 0.641594 0.61124 0.222906 0.440104
14 0.799445 0.944229 0.327516 0.107458
14 0.964531 0.42851 0.0709375 0.212021
14 0.208023 0.204104 0.415578 0.407167
14 0.988008 0.302375 0.0239844 0.0457917
14 0.0999531 0.537323 0.108031 0.114062
14 0.771164 0.16526 0.450516 0.322646
14 0.707852 0.0271979 0.265703 0.0543958
14 0.0388516 0.122302 0.0777031 0.244604
14 0.126812 0.453979 0.176531 0.126417
14 0.861258 0.72276 0.277484 0.482271