42 0.577984 0.846494 0.0324375 0.0512
42 0.361945 0.752506 0.0417969 0.0453412
42 0.523523 0.627165 0.0346094 0.0229882
42 0.386062 0.735624 0.0303125 0.0309647
42 0.425391 0.693871 0.056375 0.0575294
42 0.504172 0.695388 0.089875 0.0958118
42 0.551148 0.860012 0.0429531 0.0560706
42 0.400227 0.7836 0.0355156 0.0348235
42 0.553148 0.608447 0.0247031 0.0404235
42 0.543602 0.730894 0.0750156 0.064
42 0.533828 0.834976 0.0415625 0.0450588
42 0.501383 0.8518 0.0292656 0.0415765
42 0.353859 0.785012 0.0580625 0.0794353
42 0.416 0.759435 0.0564687 0.0547765
42 0.52775 0.647718 0.065625 0.0292706
42 0.483297 0.650671 0.0293125 0.0184706
42 0.414867 0.729788 0.0289531 0.0188235
42 0.305203 0.848188 0.044625 0.0902118
42 0.421844 0.897882 0.042625 0.101788
42 0.578258 0.900494 0.0454844 0.0673412
42 0.353508 0.7358 0.0249844 0.0196
42 0.402992 0.702635 0.0445781 0.0415529