42 0.609824 0.916508 0.125222 0.0154219
42 0.744169 0.809469 0.0414052 0.0285625
42 0.523068 0.895047 0.0796721 0.0323437
42 0.536077 0.844594 0.126487 0.0293438
42 0.270878 0.865375 0.066534 0.0284687
42 0.297892 0.805656 0.02 0.01
42 0.685082 0.854438 0.0288056 0.0135312
42 0.711452 0.934078 0.0379391 0.0239375
42 0.419555 0.890992 0.090445 0.0559531
42 0.257096 0.888203 0.0323185 0.014875
42 0.693934 0.902852 0.0755504 0.0229844
42 0.476862 0.744812 0.0319438 0.0254375
42 0.808501 0.861508 0.0642155 0.0305469
42 0.519204 0.817562 0.0850117 0.033125
42 0.608431 0.909883 0.0696019 0.0147656
42 0.431862 0.920172 0.041007 0.0205
42 0.545105 0.779992 0.0198595 0.0163906
42 0.312459 0.847852 0.085808 0.0307656
42 0.615738 0.89825 0.0866042 0.0171875
42 0.612412 0.737906 0.0613115 0.0441563
42 0.203583 0.790773 0.0505855 0.0201719
42 0.729204 0.824805 0.0413115 0.0151094
42 0.410023 0.842898 0.0491803 0.0198906
42 0.493712 0.907297 0.0565105 0.0450313
42 0.699637 0.883312 0.105691 0.033
42 0.51555 0.792883 0.0531616 0.0314219
42 0.758185 0.879875 0.0165105 0.0235625