46 0.440766 0.369906 0.0288438 0.0454375
46 0.648898 0.684313 0.0385781 0.0424167
46 0.510875 0.92024 0.0493125 0.0673542
46 0.425328 0.318635 0.0287187 0.0347292
46 0.318492 0.55425 0.0468281 0.0607083
46 0.449422 0.31475 0.0221562 0.0279583
46 0.424102 0.96924 0.0421094 0.0558958
46 0.419234 0.347448 0.0293125 0.0333958
46 0.2795 0.361406 0.0251875 0.0325625
46 0.446273 0.340646 0.0288594 0.03975
46 0.276984 0.417219 0.01825 0.0331042
46 0.474156 0.883646 0.0461562 0.0466667
46 0.573867 0.65525 0.0334219 0.044875
46 0.273961 0.38876 0.0250469 0.0283125
46 0.477547 0.950333 0.0516875 0.057125
11 0.563289 0.340896 0.0459219 0.0407917
11 0.657734 0.619219 0.0858125 0.0737708
11 0.566664 0.589219 0.0474219 0.0555625
33 0.484938 0.689646 0.171594 0.09025
33 0.430922 0.529938 0.108563 0.116625
33 0.486023 0.424521 0.215016 0.080125
33 0.258852 0.536792 0.141109 0.204042
33 0.202898 0.641604 0.0943281 0.140417
33 0.323891 0.282021 0.153219 0.0525833
33 0.441031 0.466885 0.248719 0.110188
33 0.403672 0.796271 0.139594 0.09025
33 0.298344 0.756052 0.158969 0.312771
33 0.241562 0.370927 0.10875 0.129396
33 0.369875 0.508167 0.162781 0.265083
33 0.393117 0.787125 0.137047 0.384958
33 0.314945 0.678115 0.0717031 0.106146
33 0.542328 0.798 0.275188 0.133167
33 0.32357 0.370302 0.0480781 0.0694375
33 0.308328 0.319708 0.124719 0.0725833
33 0.496688 0.857833 0.157344 0.161042
33 0.592102 0.503302 0.108016 0.0846042
33 0.206977 0.636615 0.0404531 0.0399792
33 0.362812 0.382833 0.055375 0.105333
33 0.212172 0.355396 0.117469 0.0772083
33 0.210148 0.340812 0.0389844 0.109167
33 0.441586 0.561323 0.108172 0.129062
33 0.626344 0.722156 0.133469 0.0422708
33 0.212102 0.556792 0.0315469 0.052125
33 0.425891 0.968135 0.0442188 0.0546458
33 0.482656 0.66026 0.175594 0.116646
33 0.169969 0.425187 0.0358438 0.104042
33 0.455328 0.403219 0.0784688 0.0256042
33 0.578422 0.739083 0.079 0.0731667
33 0.177867 0.506667 0.0492656 0.075875
33 0.172516 0.701542 0.074625 0.048875
33 0.463453 0.439521 0.167281 0.065125
33 0.350547 0.748375 0.0465313 0.0744583
33 0.487734 0.722083 0.109813 0.0415417
33 0.25925 0.544312 0.065125 0.0920833
33 0.568344 0.861073 0.264813 0.170771
33 0.285125 0.461792 0.055 0.207167
33 0.382766 0.516406 0.118406 0.190646
33 0.305727 0.860969 0.0465469 0.147729
33 0.39068 0.32051 0.0282656 0.0294792
33 0.420242 0.348365 0.0270156 0.0393542
33 0.475 0.883594 0.0490625 0.0487292
33 0.609297 0.902969 0.0952187 0.107604
33 0.254945 0.421031 0.0502031 0.0923125
33 0.373609 0.307479 0.0491562 0.0340833
33 0.0967266 0.577344 0.142516 0.118229
33 0.401133 0.308833 0.0207344 0.0347083
33 0.180344 0.52924 0.118844 0.110313
33 0.477531 0.952823 0.049625 0.0563958
33 0.241492 0.46275 0.0659531 0.126417
33 0.204398 0.459625 0.0469531 0.0484167
33 0.364414 0.613021 0.0574844 0.108375