11 0.746805 0.759417 0.200953 0.171542
11 0.868414 0.403948 0.210047 0.260813
24 0.747234 0.176083 0.124969 0.163833
24 0.784617 0.0671146 0.159922 0.111937
38 0.442891 0.686146 0.0584687 0.0964167
38 0.293898 0.540979 0.0788594 0.0725833
38 0.353367 0.713146 0.0569219 0.0572917
38 0.305563 0.353354 0.07275 0.220167
38 0.452336 0.311677 0.0442344 0.0393125
38 0.501563 0.655531 0.084 0.150688
38 0.751914 0.53201 0.166766 0.247938
38 0.581 0.37299 0.273219 0.269396
38 0.570437 0.515833 0.0830937 0.070875
38 0.359891 0.493719 0.109625 0.161271
38 0.420914 0.0909167 0.0676094 0.0677083
38 0.907 0.861448 0.104062 0.0710208
38 0.633531 0.885906 0.0891875 0.162646
38 0.506336 0.877677 0.176422 0.157562
38 0.56825 0.452313 0.0625 0.094875
38 0.514789 0.930438 0.0598906 0.0852083
38 0.784648 0.329417 0.162797 0.18725
38 0.878914 0.77026 0.122703 0.142937
38 0.328188 0.465667 0.0527813 0.0777917
38 0.585656 0.694792 0.0209688 0.0217917
38 0.807039 0.786229 0.0851094 0.0432083
38 0.376984 0.155094 0.0725313 0.159562
38 0.456906 0.617437 0.0325 0.123083
38 0.626266 0.678979 0.0917188 0.144833
38 0.571047 0.219833 0.0876875 0.187
38 0.594242 0.426802 0.0399844 0.0785625
38 0.479914 0.56699 0.0897969 0.0458958
38 0.605852 0.812688 0.0519219 0.055125
38 0.744711 0.683771 0.210391 0.17975