6 0.439008 0.815596 0.0463906 0.0643224
6 0.330594 0.806098 0.0524687 0.0661215
6 0.567945 0.781694 0.0309219 0.025257
6 0.386977 0.816203 0.0267969 0.0350234
6 0.473094 0.813283 0.036 0.0550701
6 0.362633 0.79146 0.0247969 0.0421729
6 0.445672 0.771285 0.0205938 0.0266822
6 0.506555 0.811414 0.0318281 0.0243692
6 0.354133 0.81125 0.0278594 0.0370794
14 0.303367 0.771051 0.0365781 0.025514
14 0.547516 0.799287 0.0345937 0.0293692
14 0.421086 0.749685 0.0106406 0.010257
14 0.774883 0.83965 0.0399844 0.0320561
14 0.454508 0.758762 0.0137344 0.00794393
14 0.362508 0.771857 0.0281719 0.0155374