43 0.547769 0.637617 0.0253972 0.0172656
43 0.635923 0.666453 0.2325 0.106375
43 0.477079 0.620633 0.128318 0.0468594
43 0.27597 0.601883 0.231005 0.0724531
43 0.0751986 0.68975 0.133388 0.0601875
43 0.600035 0.687602 0.0448832 0.0313594
43 0.497301 0.641211 0.0784813 0.0366719
43 0.540619 0.631867 0.212266 0.0997656
43 0.624731 0.663305 0.134836 0.0750781
43 0.267266 0.740156 0.0970561 0.0593437
43 0.500362 0.719922 0.0685748 0.0415625
43 0.349685 0.552531 0.0461916 0.036625
43 0.590397 0.655539 0.0333178 0.0266719
43 0.0428154 0.582555 0.0822196 0.0121094
43 0.230315 0.745836 0.0869393 0.0551719
43 0.101168 0.618297 0.0935047 0.08425
43 0.644369 0.781023 0.270514 0.151984
43 0.404521 0.669766 0.143621 0.0789375
43 0.363388 0.714008 0.162056 0.0615156
43 0.0842874 0.554414 0.0953972 0.0105156
43 0.301145 0.672687 0.0671963 0.056875
43 0.551893 0.619891 0.108037 0.0169375
43 0.0192991 0.669 0.0385981 0.010125
43 0.520175 0.672219 0.069743 0.0595
43 0.650853 0.662438 0.126846 0.0624375
43 0.14111 0.617992 0.0860047 0.0779531
43 0.249965 0.544617 0.130257 0.0510469
43 0.575105 0.608016 0.149042 0.01975
43 0.0697897 0.754102 0.139579 0.104641
43 0.470467 0.604758 0.0869626 0.0251406
43 0.467617 0.555922 0.168925 0.0586563
43 0.664089 0.669133 0.0278037 0.0432344
43 0.507056 0.627453 0.046729 0.0135937
43 0.159334 0.522656 0.0568458 0.0374063
43 0.269836 0.634125 0.201729 0.0284687
43 0.371752 0.516039 0.092757 0.0397344
43 0.0343107 0.640422 0.0605841 0.018375
43 0.634264 0.654773 0.0659112 0.0317969
43 0.304311 0.785891 0.171285 0.074375
43 0.141671 0.813234 0.172033 0.0729375