52 0.935979 0.168047 0.102667 0.068375
52 0.932833 0.285016 0.0855 0.061
52 0.756167 0.195086 0.0753333 0.0471406
52 0.862896 0.345305 0.088875 0.0628281
52 0.725885 0.371336 0.0996875 0.0605469
52 0.729635 0.305312 0.0674375 0.0564687
52 0.817438 0.221859 0.0758333 0.065625
52 0.787604 0.39607 0.105292 0.0669219
52 0.936375 0.250914 0.0499583 0.0527656
52 0.84074 0.257695 0.0560625 0.0553906
52 0.890052 0.374961 0.0988542 0.0860781
52 0.940052 0.344344 0.0898958 0.066625
52 0.924927 0.426117 0.112104 0.0726094
52 0.843875 0.175492 0.0777083 0.0480156
52 0.889094 0.22682 0.0501875 0.0302344
52 0.968677 0.229133 0.0304375 0.0246719
52 0.57399 0.284422 0.0748542 0.04
52 0.786646 0.276281 0.0769167 0.0459062
52 0.608854 0.259836 0.058375 0.0294844