42 0.197555 0.443185 0.0684844 0.06726
42 0.2845 0.416136 0.0461875 0.0769087
42 0.422125 0.536581 0.0762812 0.0902576
42 0.740453 0.418829 0.0585625 0.0504918
42 0.238305 0.43904 0.0790156 0.121874
42 0.753953 0.698384 0.0799062 0.168431
42 0.366234 0.58322 0.0469062 0.0603513
42 0.270773 0.467822 0.100859 0.0817799
42 0.49682 0.480948 0.0452031 0.0342155
42 0.919523 0.495515 0.0579531 0.0655504
42 0.726922 0.484614 0.0779375 0.115878
42 0.683977 0.496885 0.0445469 0.0813115
42 0.15457 0.766768 0.117953 0.0955504
42 0.793344 0.440714 0.0649687 0.0499532
42 0.596625 0.482061 0.0370313 0.0528806
42 0.628039 0.497611 0.0467969 0.0987822
42 0.80993 0.458536 0.0743906 0.0638642
42 0.504508 0.455433 0.0470156 0.0502576
42 0.596023 0.535527 0.0420469 0.0359251
42 0.75757 0.39123 0.0520156 0.0618033
42 0.569188 0.435047 0.0868437 0.0802576
42 0.36157 0.431874 0.0329844 0.0551288
42 0.416687 0.481721 0.0892813 0.0744028
42 0.305195 0.487283 0.0715781 0.0555504
42 0.424469 0.392131 0.0198438 0.0231382
42 0.656164 0.508899 0.0562031 0.053911
42 0.647609 0.447377 0.045125 0.0274473
42 0.384734 0.437295 0.0144687 0.0169321
42 0.342094 0.440504 0.0554687 0.112482
42 0.370461 0.603208 0.0859844 0.0469321
42 0.550906 0.478876 0.064 0.0637471
59 0.337547 0.623841 0.177437 0.158454
59 0.326773 0.537892 0.144891 0.0812646
59 0.917656 0.545433 0.164688 0.177658
59 0.7035 0.562119 0.189531 0.19815