6 0.0665234 0.688844 0.0713594 0.117688
6 0.0907188 0.988854 0.0586563 0.0222917
6 0.0338125 0.957562 0.06575 0.0829167
6 0.0344609 0.862344 0.0240156 0.0618542
6 0.017375 0.895396 0.03225 0.112167
6 0.0520312 0.450094 0.0227187 0.0356458
6 0.0296875 0.688281 0.058 0.142021
6 0.12832 0.595292 0.0179219 0.068
6 0.0764297 0.9375 0.0523281 0.108625
6 0.0426797 0.416396 0.0248281 0.0774583
6 0.0095 0.78451 0.0159375 0.0467708
6 0.0157109 0.483198 0.0314219 0.0710208
6 0.0466328 0.78901 0.0725781 0.0697708
6 0.124734 0.678833 0.0690937 0.06825
6 0.00776562 0.606833 0.0155312 0.0561667
6 0.0235078 0.42875 0.0352031 0.086
6 0.0889922 0.614802 0.0671719 0.116521
6 0.0456563 0.917687 0.0892187 0.14975
6 0.0116562 0.368115 0.02225 0.0801042
6 0.104648 0.662823 0.0436406 0.107188
6 0.0567891 0.763031 0.0686719 0.0599375
6 0.0110547 0.704958 0.0191094 0.0884583
6 0.0493828 0.391563 0.0225781 0.0587083
6 0.137898 0.643115 0.0392344 0.0516458
6 0.00516406 0.422833 0.0103281 0.1005
6 0.0121406 0.826083 0.0242812 0.0561667
39 0.499039 0.248896 0.0359531 0.0489583
39 0.336562 0.311677 0.034 0.0451042
39 0.514391 0.339083 0.0362188 0.045625
39 0.366156 0.283208 0.0315312 0.03
39 0.482672 0.365135 0.0386562 0.0358958
39 0.747328 0.0612604 0.0256875 0.0465625
39 0.321258 0.476021 0.0791094 0.124333
39 0.408297 0.296052 0.037 0.0498958
39 0.442727 0.342177 0.0469219 0.0597292
39 0.536922 0.222438 0.0342187 0.0505
39 0.569844 0.206146 0.0381563 0.0482083
39 0.305148 0.340021 0.0369219 0.0466667
39 0.424125 0.164094 0.0411562 0.0507708
39 0.475672 0.331198 0.030375 0.0458958
39 0.3225 0.220698 0.0346562 0.0314375
39 0.435578 0.275823 0.0401875 0.0520625
39 0.439727 0.242958 0.0338594 0.0354167
39 0.554891 0.25001 0.038375 0.0462708
39 0.434195 0.721042 0.108953 0.167583
39 0.399023 0.500802 0.0841406 0.107813
39 0.190937 0.563208 0.0817187 0.119167
39 0.429453 0.426021 0.0351875 0.0433333
39 0.457547 0.447135 0.0318437 0.0418958
39 0.468664 0.573875 0.0971094 0.129458
39 0.465672 0.232479 0.0373125 0.05
39 0.673172 0.101458 0.0423125 0.0495
39 0.409117 0.246958 0.0340156 0.050625
39 0.356328 0.265177 0.0225625 0.0267708
39 0.472008 0.282542 0.0355156 0.05025
39 0.461711 0.402562 0.0403906 0.0564167
39 0.394375 0.169813 0.030375 0.0451667
39 0.490117 0.3145 0.0344844 0.0419583
39 0.515273 0.183635 0.0381719 0.0426875
39 0.401617 0.193208 0.0269219 0.0182083
39 0.670492 0.150135 0.0494219 0.0668958
39 0.388219 0.261958 0.0256563 0.04525
39 0.606289 0.172302 0.0432656 0.0538542
39 0.613445 0.137052 0.0436406 0.0397292
39 0.526336 0.252281 0.0232969 0.0313125
39 0.738258 0.111917 0.0340469 0.0535833
39 0.385445 0.294042 0.00967187 0.025125
39 0.29925 0.395542 0.0209063 0.0675
39 0.375563 0.224104 0.0201875 0.0317917
39 0.231922 0.459458 0.0852813 0.130167
39 0.474328 0.156812 0.0285313 0.029
39 0.101398 0.557865 0.0813281 0.0943542
39 0.440445 0.139875 0.0308906 0.0405
39 0.338461 0.661594 0.0930781 0.132812
39 0.202437 0.705448 0.1125 0.117396
39 0.512852 0.160354 0.0225156 0.0179583
39 0.490969 0.182115 0.0227812 0.0359375
39 0.651242 0.095125 0.0230781 0.035375
39 0.139945 0.793646 0.118891 0.1745
39 0.25318 0.395187 0.0898906 0.091875
39 0.354078 0.235385 0.0301875 0.0225625
39 0.275125 0.547073 0.0895 0.100146
39 0.19225 0.346438 0.0636875 0.088625
39 0.433219 0.209198 0.0394375 0.0456458
39 0.511633 0.215708 0.0280156 0.0413333
39 0.421211 0.381875 0.0418594 0.05475
39 0.331969 0.281812 0.0399375 0.054875
39 0.442719 0.39376 0.0275313 0.0461458
39 0.293922 0.306031 0.04 0.0505208
39 0.580289 0.242052 0.0284531 0.0441042
39 0.320094 0.244052 0.0310937 0.0389375
39 0.549023 0.176792 0.0363594 0.0484583
39 0.399 0.217083 0.032 0.0409167
39 0.452437 0.163646 0.0170625 0.026375
39 0.409828 0.342062 0.0205313 0.0385417
39 0.575766 0.173583 0.0275 0.0317917
39 0.479391 0.21175 0.044625 0.0464167
39 0.355578 0.214875 0.0301875 0.02975