39 0.772354 0.785055 0.0562083 0.0425469
39 0.716417 0.788875 0.0552917 0.0492187
39 0.589917 0.788805 0.0599583 0.0465156
39 0.682365 0.822133 0.0618125 0.0452656
39 0.738396 0.817797 0.064625 0.0462187
39 0.70074 0.697039 0.0648958 0.0425469
39 0.661469 0.766 0.0579375 0.0365938
39 0.607698 0.749805 0.0648542 0.0502344
39 0.754052 0.758133 0.0544375 0.0437969
39 0.656333 0.790047 0.063 0.0444375
39 0.601323 0.703516 0.0556875 0.04475
39 0.730521 0.678594 0.0363333 0.043375
39 0.57174 0.764703 0.0264792 0.0250312
39 0.731573 0.723484 0.0311458 0.0315625
39 0.702198 0.743156 0.0600208 0.055625
39 0.639854 0.682414 0.0650833 0.0341094
39 0.568292 0.704344 0.0372917 0.0393437
39 0.776802 0.821148 0.0427708 0.0361094
39 0.614667 0.823094 0.0732083 0.0494062
39 0.654083 0.713547 0.05525 0.0455938
39 0.612208 0.727766 0.058875 0.0190937
5 0.8495 0.826406 0.0786667 0.0554375
5 0.974792 0.814156 0.0504167 0.0509687
5 0.987021 0.766617 0.0259583 0.0472031
5 0.881094 0.688344 0.0720208 0.0644062
5 0.939104 0.765625 0.095625 0.0693125
5 0.808521 0.714953 0.081875 0.0845313
5 0.975615 0.696344 0.0487708 0.0336875
5 0.825146 0.773797 0.08325 0.0613437
5 0.98049 0.664578 0.0313958 0.031625
5 0.784094 0.67218 0.0738125 0.0696406
5 0.95175 0.723195 0.0965 0.0682656
5 0.87901 0.744008 0.0740625 0.0623906
5 0.912302 0.812695 0.0787708 0.0511406
5 0.932312 0.663328 0.09225 0.0538125
6 0.837771 0.473664 0.219833 0.0568594
6 0.836125 0.440453 0.211167 0.063875
6 0.605708 0.638508 0.226167 0.0358594
6 0.61974 0.586031 0.245188 0.0534687
6 0.861646 0.626016 0.238708 0.0399375
6 0.615 0.434789 0.239542 0.0686094
6 0.825219 0.459227 0.194021 0.0579844
6 0.620448 0.46918 0.208188 0.0525781
6 0.517708 0.600305 0.051625 0.0244844
6 0.862187 0.539266 0.214875 0.0539063
6 0.757396 0.508445 0.0398333 0.0300469
6 0.628437 0.621562 0.230708 0.041875
6 0.85776 0.561609 0.211396 0.0556875
6 0.512146 0.512375 0.08125 0.0419687
6 0.485563 0.58218 0.03925 0.0162969
6 0.625531 0.533008 0.237104 0.0426406
6 0.869625 0.593766 0.22675 0.0412813
6 0.622896 0.508555 0.251708 0.0635781
6 0.617188 0.568172 0.288167 0.0545937
6 0.505781 0.499609 0.0357708 0.0194062
6 0.518948 0.469297 0.0618958 0.0344375
6 0.507906 0.549516 0.0544375 0.01925
6 0.856219 0.510242 0.235396 0.0655469
6 0.693458 0.431711 0.101792 0.0624219