11 0.636667 0.440441 0.177516 0.245621
11 0.847214 0.518505 0.234722 0.28031
11 0.80125 0.297173 0.293252 0.222778
11 0.531928 0.541168 0.185425 0.224592
11 0.720384 0.379551 0.0787745 0.136422
33 0.719003 0.644453 0.0461765 0.201552
33 0.645204 0.927247 0.236454 0.0790359
33 0.561797 0.761871 0.0533333 0.0570752
33 0.91156 0.672116 0.102467 0.0504739
33 0.774199 0.69969 0.0648039 0.106601
33 0.623162 0.879069 0.193873 0.12049
33 0.533023 0.715923 0.127255 0.173219
33 0.668636 0.751552 0.0774346 0.0996405
33 0.83549 0.703758 0.0567647 0.101569
33 0.610801 0.740923 0.0757516 0.232304
33 0.760498 0.652868 0.042402 0.0609967
33 0.593015 0.577361 0.0435784 0.10116
33 0.809371 0.809837 0.0792647 0.0901307
33 0.708791 0.866814 0.0582026 0.0715359
33 0.87732 0.867802 0.102549 0.106193
33 0.689183 0.836258 0.0673856 0.0859477
33 0.671585 0.683431 0.054183 0.0855556
33 0.900842 0.710809 0.076781 0.0904085
33 0.804338 0.874436 0.0639052 0.0526634
33 0.844657 0.794485 0.0285948 0.0605065
33 0.741708 0.462157 0.102271 0.174379
33 0.727002 0.800997 0.0806373 0.109967
33 0.771977 0.941217 0.12719 0.0447222
33 0.68857 0.61415 0.037402 0.0675817
33 0.63844 0.953072 0.102663 0.0305882
33 0.863815 0.790163 0.0373693 0.0903922
33 0.670041 0.807541 0.0566503 0.0616503
33 0.775923 0.878685 0.107598 0.0935131
33 0.631961 0.57152 0.0962418 0.143007
33 0.521732 0.683693 0.085098 0.098268
33 0.788072 0.767696 0.089902 0.112876
33 0.570956 0.731299 0.0386765 0.0482516