11 0.339891 0.686469 0.18525 0.176354
11 0.538359 0.729208 0.0886875 0.102333
11 0.335102 0.219729 0.103359 0.174583
11 0.625219 0.0703021 0.231781 0.140604
11 0.485852 0.331802 0.269141 0.439063
11 0.333266 0.0671563 0.0625313 0.0466458
11 0.200664 0.761062 0.201141 0.477875
11 0.753961 0.571635 0.114297 0.212896
43 0.284203 0.0337396 0.244438 0.0651875
43 0.357359 0.98276 0.0862813 0.0344792
43 0.420578 0.888073 0.299969 0.221229
43 0.538617 0.375573 0.527484 0.147729
43 0.0786875 0.731437 0.0783438 0.1355
43 0.446734 0.118969 0.0773125 0.227688
43 0.669906 0.628552 0.11375 0.232146
43 0.297258 0.125281 0.279203 0.216104
43 0.538867 0.0414896 0.122516 0.0773958
42 0.502289 0.55349 0.189547 0.184312
42 0.66025 0.219885 0.161062 0.144229
42 0.297328 0.124344 0.278187 0.213854
42 0.0238828 0.756677 0.0477656 0.210313
42 0.153383 0.767115 0.0417344 0.0666875
42 0.0487656 0.0570312 0.0975312 0.110937
42 0.0878359 0.721667 0.0757344 0.136292
42 0.100547 0.891729 0.169156 0.216542
14 0.343797 0.937375 0.139375 0.110917
14 0.0548359 0.272719 0.0938281 0.161229
14 0.216477 0.286521 0.107828 0.174833
14 0.261531 0.436448 0.254875 0.344271