43 0.48464 0.790467 0.01796 0.01352
43 0.59614 0.631667 0.01904 0.0310133
43 0.69707 0.637107 0.02174 0.02232
43 0.63246 0.778093 0.03956 0.0328267
43 0.35046 0.796533 0.0258 0.03616
43 0.59389 0.756733 0.01166 0.0308533
43 0.72466 0.65608 0.0242 0.0124267
43 0.58367 0.86524 0.02426 0.0722933
43 0.59133 0.784613 0.02982 0.03232
43 0.44472 0.8198 0.0406 0.0418933
43 0.60315 0.796493 0.03438 0.0306933
43 0.62106 0.84044 0.02632 0.05272
43 0.62457 0.70992 0.01078 0.0146133
43 0.46581 0.733853 0.03942 0.0424267
43 0.66524 0.713307 0.02636 0.0398933
43 0.18279 0.714587 0.02034 0.0366933
43 0.53767 0.589347 0.0111 0.00957333
43 0.66422 0.605253 0.00712 0.0105067
43 0.47851 0.834107 0.02166 0.0546667