32 0.618641 0.420436 0.081875 0.111535
32 0.672852 0.51527 0.0865156 0.118465
32 0.596102 0.549637 0.0837656 0.126826
32 0.598406 0.693309 0.103219 0.13305
32 0.523539 0.458133 0.0797969 0.114689
32 0.703695 0.660311 0.0975469 0.121535
48 0.459469 0.179066 0.103531 0.218382
48 0.620039 0.238849 0.166359 0.167656
48 0.582523 0.135622 0.142922 0.158216
48 0.548937 0.308278 0.117031 0.203361
47 0.437242 0.869907 0.163547 0.234253
47 0.435906 0.671027 0.156844 0.193423
1 0.437094 0.869834 0.163437 0.231452
1 0.281211 0.634979 0.170109 0.232158
1 0.31932 0.381629 0.141672 0.189979
1 0.436164 0.67361 0.158516 0.200539