23 0.205204 0.1725 0.0204085 0.0138235
23 0.144338 0.302753 0.0259967 0.0115196
23 0.224869 0.181969 0.0235948 0.0289706
23 0.136356 0.284346 0.0280719 0.0234641
23 0.173938 0.244608 0.0236601 0.035817
23 0.26152 0.276969 0.0393137 0.0250163
23 0.187598 0.17085 0.0134967 0.0105229
23 0.207917 0.28402 0.0276961 0.0351307
23 0.153464 0.241176 0.018268 0.0247712
23 0.238529 0.144281 0.0214706 0.024902
23 0.180458 0.116904 0.0311438 0.0219444
23 0.209395 0.0710539 0.0275817 0.0225654
23 0.250825 0.131716 0.0241667 0.0236928
23 0.227443 0.161675 0.0177941 0.0191013
23 0.201422 0.187475 0.0187582 0.0312582
23 0.14549 0.177696 0.0317974 0.0353922