14 0.194147 0.523336 0.0389019 0.0228281
14 0.7875 0.155398 0.0249065 0.0153281
14 0.242266 0.589031 0.0524299 0.0360938
14 0.374696 0.510078 0.043271 0.0258437
14 0.201951 0.573875 0.044743 0.0232812
46 0.733306 0.163734 0.0187617 0.00846875
46 0.343201 0.563648 0.0353738 0.0193594
46 0.80514 0.144883 0.0226168 0.0117969
46 0.250678 0.497578 0.0361682 0.0208125
46 0.404871 0.551336 0.0348364 0.0236094
46 0.332371 0.568258 0.0283411 0.0120469
46 0.271729 0.582375 0.0249533 0.0197188
46 0.0622079 0.601602 0.0403972 0.0234531
46 0.192944 0.624352 0.0426636 0.0217031
46 0.666822 0.144242 0.0191589 0.00948437
46 0.23736 0.693688 0.0473832 0.0179687
46 0.329509 0.591094 0.0348598 0.024875
46 0.271846 0.642641 0.0325701 0.01975
46 0.574334 0.133523 0.0206776 0.0156406
46 0.101121 0.580609 0.0459813 0.0220625
46 0.117383 0.638789 0.0425234 0.0202656
46 0.32611 0.516141 0.0324533 0.014625
46 0.325666 0.52568 0.028715 0.00923437
46 0.232079 0.711508 0.040514 0.0185156
46 0.198995 0.705398 0.0192056 0.0136094
46 0.77104 0.162414 0.0160981 0.00667187
46 0.752021 0.168164 0.0203972 0.00648438