6 0.10197 0.410828 0.160396 0.0558125
6 0.772145 0.0770391 0.264289 0.145828
6 0.201434 0.243984 0.387203 0.130094
6 0.539324 0.185094 0.0575291 0.0608437
6 0.750862 0.123945 0.271608 0.196922
6 0.357319 0.0860391 0.158648 0.163516
6 0.701469 0.0433438 0.253193 0.0781563
6 0.580047 0.0346719 0.110816 0.0602188
6 0.238741 0.0722578 0.23627 0.144516
6 0.237529 0.104563 0.343497 0.200437
6 0.194895 0.203516 0.206387 0.0487812
6 0.453834 0.101883 0.0548485 0.107359
6 0.671923 0.0372422 0.164872 0.0643906
6 0.783427 0.186672 0.241772 0.136063
6 0.130082 0.124789 0.247436 0.157328