6 0.379969 0.449977 0.0632188 0.388357
6 0.435703 0.386291 0.0765312 0.32385
6 0.657852 0.51912 0.141672 0.106315
6 0.419937 0.430035 0.0783125 0.37007
21 0.05125 0.550704 0.063375 0.111268
21 0.0659844 0.500951 0.0243438 0.0202582
21 0.114953 0.498709 0.0727812 0.0938498
21 0.0229453 0.543509 0.0458906 0.100117
21 0.0235469 0.481796 0.0470938 0.0940141
21 0.115516 0.569002 0.0759688 0.0728873
21 0.167094 0.560282 0.0524687 0.0787793
1 0.142719 0.47257 0.0775625 0.109225
1 0.161992 0.348192 0.108922 0.151033
1 0.0726797 0.420845 0.103953 0.148028
1 0.22207 0.482477 0.110422 0.168146