59 0.647023 0.830479 0.0693594 0.0237083
59 0.230836 0.754656 0.149328 0.0929375
59 0.489 0.722708 0.100469 0.0195417
59 0.582258 0.82375 0.0588906 0.012
59 0.616602 0.722542 0.0942344 0.0230833
38 0.413031 0.70824 0.050375 0.0215625
38 0.0692578 0.61276 0.0303906 0.0175208
38 0.0979297 0.681417 0.126703 0.0624583
38 0.274477 0.648292 0.110141 0.0757083
38 0.0288984 0.8015 0.0550156 0.0224167
38 0.583352 0.972708 0.0730156 0.0249167
38 0.21682 0.736375 0.140328 0.0792083
38 0.653172 0.721156 0.0790937 0.0413958
38 0.310969 0.68901 0.0325 0.0192292
38 0.0400156 0.90326 0.045875 0.0175208
38 0.679719 0.835052 0.03125 0.0304375
38 0.370891 0.814427 0.1055 0.0294375
38 0.19593 0.844927 0.0351094 0.0292708