38 0.954852 0.573688 0.0902969 0.0543333
38 0.633781 0.28049 0.0699375 0.0866458
38 0.320844 0.63899 0.114281 0.177604
38 0.723203 0.783312 0.0411875 0.116125
38 0.29625 0.539531 0.0857813 0.109229
38 0.784672 0.390667 0.122531 0.24875
38 0.383008 0.816813 0.0735469 0.128542
38 0.626414 0.463125 0.0455781 0.0928333
38 0.663422 0.511615 0.0808438 0.0730208
38 0.595891 0.789073 0.064 0.0480625
38 0.334797 0.401927 0.0925 0.167937
38 0.43018 0.333958 0.0413594 0.054875
38 0.435078 0.694885 0.0390313 0.0741875
38 0.632211 0.333271 0.0395156 0.0419167
38 0.600773 0.76575 0.0168594 0.0166667
38 0.670359 0.687427 0.18125 0.205396
38 0.433547 0.393719 0.0565312 0.0941042
38 0.53975 0.571437 0.052 0.0772083
38 0.591016 0.183083 0.213875 0.103458
38 0.429625 0.575771 0.125625 0.147875
38 0.671227 0.457385 0.0495469 0.0639792
38 0.834812 0.473896 0.0807812 0.0728333
38 0.800078 0.607073 0.137469 0.0984375
38 0.461906 0.467177 0.037125 0.0236042
38 0.562133 0.122052 0.0687031 0.112104
38 0.461813 0.317688 0.0292187 0.06
38 0.730742 0.431281 0.0276719 0.0425208
38 0.621719 0.595354 0.0848125 0.0363333
38 0.578883 0.769 0.0509219 0.052125
38 0.422102 0.519354 0.0421094 0.034625
38 0.623445 0.56576 0.0769219 0.0474375
38 0.715969 0.57751 0.0390313 0.0282292
38 0.567555 0.512354 0.0572031 0.0764167
38 0.534938 0.254729 0.05225 0.0666667
38 0.699945 0.536292 0.0796406 0.147292
38 0.718625 0.334667 0.0710937 0.055
38 0.366047 0.39975 0.0636562 0.1
38 0.425055 0.502531 0.0817344 0.0744792
38 0.619133 0.83101 0.0307969 0.0429792
38 0.672117 0.282573 0.0707656 0.0558958
38 0.386859 0.669802 0.0376875 0.0434792
38 0.528406 0.522802 0.0545937 0.0656458
38 0.548734 0.310302 0.1505 0.0954375
38 0.348477 0.592813 0.0307969 0.0333333
38 0.759172 0.665844 0.0133437 0.0224375
38 0.810312 0.693948 0.0699375 0.0673958
38 0.475875 0.438802 0.0371563 0.0596875
38 0.385539 0.427281 0.0489531 0.0538542
38 0.401445 0.751333 0.0755781 0.0461667
38 0.60982 0.404979 0.0213281 0.0760833
38 0.362594 0.735469 0.0485 0.0926042
38 0.540523 0.427615 0.127266 0.129979
38 0.512297 0.756406 0.110187 0.164604
38 0.773641 0.783802 0.0846563 0.117938
38 0.363695 0.50451 0.0975469 0.116146
38 0.412094 0.35675 0.0357813 0.034375
38 0.68757 0.401469 0.0494219 0.0710208
38 0.706367 0.284073 0.0439219 0.0678542
38 0.476391 0.637604 0.0870937 0.215667
59 0.236742 0.407406 0.204859 0.301604
59 0.497961 0.815646 0.165391 0.16