61 0.332391 0.696194 0.0520625 0.0907963
61 0.354891 0.694192 0.0440938 0.0698361
61 0.472711 0.64959 0.0590156 0.0225995
61 0.365508 0.690386 0.0361719 0.0618033
61 0.373594 0.690867 0.0365938 0.0548946
61 0.38668 0.658337 0.0471094 0.0265574
61 0.343766 0.691803 0.0465 0.0735831
61 0.390125 0.687869 0.0183437 0.0272131
32 0.524734 0.638595 0.0128125 0.0228103
32 0.509992 0.646405 0.0181094 0.0251288
32 0.266625 0.728314 0.007625 0.0148478
32 0.229969 0.723817 0.009125 0.00791569
32 0.270437 0.706815 0.009625 0.00941452
32 0.255969 0.731768 0.0152812 0.0160422
32 0.228875 0.693173 0.0119063 0.0105152
32 0.245375 0.729122 0.008375 0.0147775
32 0.245484 0.708478 0.0111562 0.0109602
32 0.261648 0.709333 0.00735937 0.00667447
32 0.284242 0.727494 0.00529688 0.00922717
32 0.515086 0.630948 0.0109531 0.00793911
32 0.546094 0.655117 0.008375 0.00512881
32 0.487063 0.653279 0.0150312 0.0118501
32 0.223336 0.706803 0.0101719 0.00779859