43 0.386008 0.20375 0.0944219 0.129417
43 0.214695 0.181792 0.134828 0.1245
43 0.536586 0.179208 0.0783906 0.152667
43 0.663031 0.197687 0.0882187 0.182042
32 0.82893 0.632563 0.0234531 0.0266667
32 0.876633 0.693354 0.0252969 0.03075
32 0.81807 0.690771 0.0269219 0.0317917
32 0.811187 0.82676 0.0195938 0.0393542
32 0.883305 0.659344 0.0262969 0.0269792
32 0.838969 0.677917 0.0238125 0.0357083
32 0.862859 0.635417 0.0295312 0.0321667
32 0.872867 0.723125 0.0248281 0.0298333
32 0.800219 0.654979 0.0237188 0.033
32 0.830664 0.72051 0.0242344 0.0353958
32 0.861141 0.66449 0.0313437 0.0294792
32 0.821578 0.872479 0.0195 0.0262917
32 0.817195 0.666021 0.0203906 0.025375
32 0.827164 0.809823 0.0250469 0.0360625
32 0.851078 0.729302 0.021 0.0288958
32 0.794727 0.687667 0.0163906 0.039625
32 0.813273 0.616458 0.0246094 0.0282083
32 0.808062 0.713844 0.0236563 0.0297292
32 0.858836 0.573333 0.0267344 0.03075
32 0.852563 0.60675 0.014875 0.020375
32 0.839984 0.798302 0.0270937 0.0208125
32 0.881437 0.612302 0.03175 0.0341458
32 0.874711 0.593313 0.0271406 0.03675
32 0.857148 0.70475 0.0247969 0.0269167
32 0.835586 0.597667 0.0317344 0.0428333
33 0.190633 0.445823 0.132609 0.0150208
33 0.17825 0.414333 0.108375 0.03175
33 0.176227 0.368771 0.124797 0.0230833
33 0.158648 0.390583 0.0472031 0.0185833
33 0.248539 0.470083 0.0971719 0.0415
33 0.228133 0.429875 0.165766 0.0295
33 0.162305 0.43074 0.131953 0.0487292
33 0.133852 0.458656 0.0710469 0.0118958
33 0.0950156 0.425833 0.056375 0.0550417
33 0.233977 0.378844 0.102203 0.0203542
33 0.270984 0.409156 0.085125 0.0171875
33 0.130148 0.397177 0.0616406 0.0204792
33 0.189508 0.34001 0.112234 0.0133542
33 0.267172 0.453115 0.151531 0.0680208
33 0.171539 0.361021 0.0756719 0.02025
33 0.167523 0.467198 0.119578 0.0216042
33 0.190266 0.481927 0.0405937 0.0222708
33 0.0925391 0.437823 0.0130781 0.0530625
33 0.124891 0.420521 0.0612188 0.0346667
33 0.207047 0.490281 0.0407813 0.0138958
1 0.912078 0.28426 0.102594 0.131479
1 0.804055 0.390604 0.115766 0.140333
1 0.803648 0.228302 0.107953 0.145771