23 0.525727 0.134493 0.0336406 0.0471934
23 0.550937 0.163467 0.0430625 0.0449057
23 0.474445 0.0305071 0.0363906 0.0555896
23 0.664414 0.522087 0.0443594 0.0628066
23 0.538852 0.294363 0.0279844 0.0299057
23 0.754055 0.202217 0.0506094 0.0591981
23 0.676047 0.0508491 0.0435938 0.0529717
23 0.47218 0.0810142 0.0335469 0.0649057
23 0.595406 0.0433726 0.0184062 0.0372642
23 0.522172 0.0238915 0.0554063 0.0458019
23 0.547953 0.110731 0.0362813 0.0637736
23 0.719516 0.0410731 0.04425 0.0618632
23 0.426375 0.147524 0.0205938 0.0340566
23 0.661961 0.141686 0.0372344 0.0577594
23 0.513305 0.206745 0.0473594 0.0558962
23 0.597438 0.0983726 0.0443438 0.06
23 0.519477 0.0736792 0.0324219 0.0547642
23 0.564008 0.197465 0.0377344 0.0392689
23 0.639211 0.18079 0.0332969 0.0602594
23 0.536609 0.0641627 0.0287187 0.0520519
23 0.575156 0.296144 0.0515312 0.0577123
23 0.386906 0.14579 0.0207813 0.0320991
23 0.792578 0.292818 0.0279063 0.0395991
23 0.565984 0.145 0.0394375 0.0704245
23 0.701273 0.345059 0.0548906 0.0755425
23 0.637195 0.482358 0.0427344 0.0700472
23 0.372016 0.0189269 0.0351875 0.0330896
23 0.775055 0.315354 0.0372031 0.056934
23 0.819297 0.256427 0.0407813 0.0682311
23 0.156586 0.057783 0.0358594 0.0358962
23 0.517758 0.249517 0.0244844 0.0369575
23 0.365141 0.114233 0.0451875 0.0795047
23 0.420195 0.0214976 0.0501094 0.0410142
23 0.483758 0.112311 0.0339844 0.0494811
23 0.28507 0.0611557 0.0426406 0.0784906
23 0.237859 0.0335142 0.0404375 0.0492453
23 0.233492 0.0761675 0.0325469 0.0563443
23 0.387086 0.193208 0.0439531 0.0671226
23 0.383313 0.0627712 0.0334688 0.0579481
23 0.741766 0.156545 0.036375 0.0542217
23 0.400805 0.122099 0.0397969 0.0719811
23 0.776617 0.160814 0.0317344 0.0618632
23 0.310484 0.0109906 0.0339687 0.0219811
23 0.732414 0.525248 0.0395781 0.0525708
23 0.648945 0.353785 0.0364531 0.0554481
23 0.341242 0.00862028 0.0289844 0.0168632
23 0.725594 0.23717 0.0310312 0.066934
23 0.419852 0.0673349 0.0615469 0.0726415
23 0.516563 0.156733 0.0353438 0.051533
23 0.796266 0.223231 0.0295312 0.0579245
23 0.817789 0.321757 0.0492656 0.058467
23 0.286141 0.0148349 0.0262188 0.0296698
23 0.608977 0.200401 0.0567344 0.0764151
23 0.412242 0.174068 0.0199219 0.044033
23 0.600398 0.0707783 0.0278594 0.0233491
23 0.785086 0.376462 0.0523281 0.0787264
23 0.485219 0.154729 0.0477187 0.0579481
23 0.740977 0.319045 0.0352656 0.0538443
23 0.681195 0.0932665 0.0382344 0.0538443
23 0.813352 0.368809 0.0239531 0.0443632
23 0.754648 0.242771 0.0312656 0.0574292
23 0.849547 0.289646 0.03125 0.0615566
23 0.452969 0.0166627 0.027 0.0325708
23 0.619367 0.015967 0.0181719 0.0294811
23 0.599805 0.0322995 0.0426406 0.0520519
23 0.498484 0.0804599 0.0250312 0.0541745
23 0.873086 0.32329 0.0460469 0.0308255
23 0.604773 0.00716981 0.0158281 0.0134434
23 0.579281 0.0528184 0.015625 0.0489858
23 0.559383 0.0385495 0.0319219 0.05125
23 0.243258 0.00675708 0.0438281 0.010684
23 0.955078 0.345295 0.035 0.0595047
23 0.570781 0.100483 0.0185312 0.0476179
23 0.591008 0.248526 0.0468594 0.0579953
23 0.726945 0.0978302 0.0482656 0.0547642
23 0.633125 0.53362 0.0332188 0.0803538
23 0.647344 0.0966274 0.0394375 0.0403302
23 0.266094 0.0207075 0.0197188 0.0258019
23 0.562445 0.0153774 0.0261719 0.0282075
23 0.446844 0.119363 0.0397188 0.0777358
23 0.667266 0.212123 0.0354688 0.0493868
23 0.543375 0.262524 0.0532188 0.0420283
23 0.823125 0.225672 0.026 0.0195047
23 0.401977 0.0146816 0.0242969 0.0293632
23 0.637273 0.048184 0.0381406 0.0559906
23 0.451063 0.0498939 0.0349375 0.0455896
23 0.253203 0.0629599 0.028375 0.0654009
23 0.209687 0.023408 0.0273125 0.0447877
52 0.550867 0.839328 0.256453 0.321344
52 0.296242 0.784328 0.310984 0.41092
52 0.509062 0.543915 0.219813 0.311981
14 0.169 0.282995 0.135844 0.182406
14 0.312781 0.522724 0.148531 0.163986
14 0.273258 0.148844 0.0840156 0.110377
14 0.0202344 0.41816 0.0404687 0.0498113
14 0.409492 0.427606 0.131828 0.20191
14 0.0668828 0.308337 0.128453 0.212005
14 0.189555 0.191851 0.134484 0.20342
14 0.330562 0.0979127 0.0835313 0.181816
14 0.18032 0.599717 0.141203 0.236321
14 0.386953 0.302488 0.0897813 0.163137
14 0.463406 0.264929 0.133375 0.218868
14 0.24593 0.384068 0.140859 0.181675
14 0.308391 0.257241 0.141781 0.20533
14 0.162273 0.11329 0.0973594 0.094033
14 0.543492 0.38395 0.145359 0.153561
14 0.0913359 0.194281 0.0773594 0.106486
14 0.0761406 0.518844 0.152281 0.228538
14 0.0744766 0.684906 0.146109 0.18717
14 0.324336 0.403762 0.0479219 0.0938443
14 0.182117 0.437111 0.118484 0.140731