50 0.607437 0.53025 0.150458 0.0910312
50 0.649302 0.504313 0.118896 0.120438
50 0.64949 0.443258 0.0779792 0.0399844
50 0.622031 0.429398 0.0268958 0.0120469
43 0.69951 0.481305 0.0191875 0.0430156
43 0.697469 0.557578 0.0316042 0.023375
43 0.64301 0.589453 0.0349792 0.053
43 0.723229 0.458344 0.0815833 0.0840937
43 0.717031 0.548266 0.0400625 0.0208125
43 0.619615 0.570945 0.0367292 0.0157969
59 0.694323 0.466094 0.161479 0.149625
38 0.759625 0.526555 0.31175 0.144984
38 0.73776 0.639227 0.200146 0.105266
38 0.858969 0.460281 0.263937 0.135063