59 0.676281 0.521124 0.00734375 0.00918033
59 0.36982 0.831534 0.0143594 0.014356
59 0.437156 0.812412 0.0179687 0.0232319
59 0.403 0.822494 0.012125 0.00714286
59 0.499273 0.773958 0.0150469 0.0233255
59 0.423828 0.844614 0.018125 0.0225761
59 0.485125 0.761874 0.0119688 0.0224356
59 0.532008 0.750679 0.0144219 0.0213583
59 0.565633 0.753712 0.0140156 0.0212881
59 0.689969 0.522506 0.0070625 0.0108665
59 0.516586 0.782155 0.0153281 0.0229977
59 0.581789 0.785 0.00923437 0.00639344
59 0.524945 0.762061 0.0165781 0.0194848
59 0.543461 0.771932 0.0160469 0.0251756
59 0.572219 0.75377 0.00325 0.0120375
59 0.384188 0.84459 0.0174375 0.0248712
59 0.415805 0.858958 0.0190156 0.0133255
59 0.492086 0.788197 0.0143594 0.0194848
59 0.334117 0.519684 0.0143906 0.0140749
59 0.655289 0.536932 0.00614063 0.00974239
59 0.445633 0.83397 0.0177656 0.0228337
59 0.466742 0.842822 0.0181094 0.0174473
59 0.557406 0.769145 0.013875 0.0231148
59 0.459508 0.825796 0.0169219 0.025644
59 0.661695 0.522693 0.00770312 0.0095082
59 0.521242 0.751042 0.0123281 0.0162763
59 0.434484 0.855984 0.0189687 0.0119672
59 0.417164 0.821745 0.0157969 0.0174005
59 0.397211 0.861112 0.0177656 0.012904
59 0.667516 0.529778 0.00871875 0.0120609
59 0.377641 0.861405 0.018625 0.015644
59 0.51082 0.795304 0.0142344 0.00896956
59 0.454437 0.813326 0.0160938 0.0198126
59 0.573492 0.776546 0.0147031 0.0212881
59 0.527938 0.770504 0.013 0.014356
59 0.454406 0.840621 0.007875 0.0104215
59 0.687008 0.514871 0.00904687 0.00922717
59 0.391656 0.838864 0.00709375 0.0140749
59 0.555086 0.792564 0.0138594 0.0131382
59 0.563523 0.785 0.0111719 0.0167447
59 0.468695 0.851452 0.0177344 0.0133021
59 0.497609 0.75966 0.01625 0.0199766
59 0.450586 0.851452 0.0174219 0.0151288
59 0.363148 0.841792 0.0140156 0.0235831
59 0.681867 0.534684 0.00842187 0.00800937
59 0.404602 0.845422 0.0191719 0.0255035
59 0.391102 0.855258 0.0140156 0.0192272
59 0.662516 0.513689 0.00509375 0.00409836
59 0.511023 0.760937 0.0133281 0.0155972
59 0.367859 0.856733 0.0167813 0.0235363
59 0.377078 0.838326 0.0159063 0.0202576
59 0.673656 0.53603 0.008375 0.01
59 0.402023 0.835632 0.0179219 0.0220375
59 0.531164 0.780656 0.0163281 0.0247775
59 0.690102 0.534614 0.00839063 0.0101171
59 0.542891 0.758981 0.0145313 0.014356
59 0.552164 0.784625 0.0127656 0.0114988
59 0.436758 0.845351 0.0124844 0.014356
6 0.431523 0.313583 0.00854687 0.0492272
6 0.685875 0.2876 0.00903125 0.0525761
6 0.756484 0.258583 0.0290625 0.0505152
6 0.744984 0.26103 0.02175 0.0487119
6 0.6975 0.291756 0.00953125 0.0511944
6 0.285148 0.241628 0.0223906 0.0440984
6 0.422445 0.315738 0.0122969 0.0351756
6 0.33068 0.310843 0.00970312 0.0502576
6 0.789906 0.237693 0.0141875 0.0277049
6 0.768406 0.325059 0.0103438 0.036534
6 0.675539 0.234543 0.0252969 0.0525527
6 0.258742 0.185199 0.0108906 0.0563466
6 0.368133 0.261475 0.0260156 0.0605152
6 0.490547 0.329871 0.0196563 0.0469087
6 0.503102 0.220445 0.0198906 0.0353162
6 0.665516 0.236311 0.029375 0.0500937
6 0.795484 0.242541 0.0102813 0.0341218
6 0.725211 0.337822 0.0104219 0.0394379
6 0.386781 0.334485 0.0176563 0.0434426
6 0.323562 0.311194 0.00871875 0.0517096
6 0.437984 0.322049 0.0065 0.0328103
6 0.441148 0.314508 0.0125781 0.0430679
6 0.529859 0.314368 0.0177813 0.054356
6 0.823711 0.293466 0.0127344 0.0335831
6 0.819234 0.306663 0.00784375 0.0176347
6 0.549203 0.204274 0.02125 0.0409133
6 0.620766 0.243841 0.0135 0.0574707
6 0.378352 0.330574 0.0176094 0.0480328
6 0.291859 0.244274 0.018625 0.0402576
6 0.382242 0.334005 0.0188281 0.0447307
6 0.75925 0.327061 0.0160625 0.0284543
6 0.711227 0.249239 0.0222656 0.0426464
6 0.626 0.24603 0.00953125 0.0566042
6 0.467086 0.24226 0.0178594 0.00728337
6 0.69193 0.287201 0.00770312 0.0470023
6 0.357273 0.254192 0.0185156 0.0545667
6 0.806797 0.298513 0.0119063 0.0334192
6 0.731797 0.335059 0.0174375 0.0340984
6 0.557078 0.205246 0.0177813 0.0405152
6 0.261945 0.197623 0.00735937 0.0407728
6 0.267266 0.184286 0.0090625 0.0561593
6 0.659469 0.322436 0.014875 0.00693208
6 0.632758 0.246253 0.0109844 0.0569087
6 0.663437 0.299672 0.0278125 0.0551288
6 0.789133 0.286159 0.00820313 0.0312881
6 0.473625 0.216007 0.0282187 0.0394145
6 0.717727 0.338841 0.00810938 0.0402576
6 0.705031 0.246159 0.02325 0.0384543
6 0.514352 0.218735 0.0150469 0.0370023
6 0.788328 0.305492 0.0054375 0.0131382
6 0.784242 0.231124 0.0200781 0.0172365
6 0.459813 0.215 0.0170937 0.0402576
6 0.500312 0.324871 0.0136562 0.0303044
6 0.734664 0.331511 0.0183906 0.0308431