6 0.956523 0.524625 0.0755781 0.173333
6 0.869695 0.395896 0.0980781 0.303583
6 0.882477 0.465646 0.150922 0.289
6 0.945477 0.369094 0.108234 0.224896
26 0.757437 0.545896 0.220125 0.344542
59 0.22793 0.576708 0.0754844 0.082375
59 0.484977 0.401073 0.0517344 0.0673958
59 0.294109 0.45549 0.0834688 0.0856458
59 0.309195 0.544135 0.0965156 0.106313
59 0.61407 0.546542 0.0453906 0.0664167
59 0.558258 0.439271 0.110828 0.13525
59 0.35207 0.424865 0.0599219 0.0804375
59 0.423086 0.384083 0.0816719 0.0849167
59 0.403391 0.453771 0.09 0.127708
59 0.303203 0.658073 0.1175 0.155646
59 0.360961 0.495854 0.0643906 0.1015
59 0.477797 0.482438 0.0907188 0.129375
59 0.399492 0.631156 0.0828906 0.0958542
59 0.50075 0.538219 0.09125 0.0847708
59 0.233273 0.506771 0.100672 0.114042
59 0.230484 0.40949 0.114969 0.128812
59 0.533117 0.363865 0.0674844 0.0649792
59 0.4035 0.563042 0.096875 0.100167
14 0.596617 0.743427 0.143484 0.164146
14 0.50832 0.632167 0.219234 0.286792
14 0.380859 0.721083 0.256844 0.331625
14 0.666852 0.881771 0.216141 0.233167
14 0.561469 0.883719 0.3565 0.229063
14 0.503922 0.708479 0.272937 0.212542
14 0.578453 0.81501 0.260531 0.168563
14 0.337508 0.859927 0.106016 0.0981042
14 0.526992 0.714031 0.185703 0.246688
14 0.400656 0.855104 0.206687 0.289792
24 0.455039 0.345969 0.441922 0.119604
61 0.494016 0.21 0.2675 0.191292
52 0.101883 0.715219 0.150328 0.156438
52 0.188375 0.664844 0.215281 0.193938
52 0.177641 0.871656 0.161594 0.256688
52 0.0415703 0.595469 0.0816719 0.140104
52 0.131398 0.541083 0.128922 0.16075
52 0.0429062 0.503521 0.0820625 0.127875