38 0.49632 0.79201 0.0157031 0.0236458
38 0.412234 0.822729 0.0020625 0.00854167
38 0.3845 0.809594 0.0318125 0.0191042
38 0.445609 0.831219 0.00921875 0.0344792
38 0.473727 0.814521 0.0135781 0.027
38 0.378695 0.740115 0.0113281 0.0100625
38 0.503063 0.778115 0.0106563 0.0106042
38 0.327508 0.805156 0.00754687 0.0248125
38 0.433469 0.819583 0.00596875 0.00495833
38 0.474383 0.802875 0.0149531 0.00958333
38 0.453602 0.815417 0.00692187 0.003
38 0.469078 0.815781 0.0070625 0.0137708
38 0.403969 0.732333 0.00665625 0.00283333
38 0.53618 0.80075 0.00526563 0.00945833
38 0.318094 0.78176 0.00271875 0.0093125
38 0.348109 0.8285 0.00334375 0.00854167