52 0.599085 0.361667 0.193856 0.181797
52 0.502606 0.767606 0.131291 0.11969
52 0.772704 0.506961 0.163317 0.156699
52 0.49509 0.638252 0.172696 0.206863
52 0.616046 0.770245 0.109804 0.0733987
52 0.675792 0.609918 0.150964 0.157876
14 0.592181 0.491985 0.169167 0.135539
14 0.519126 0.203938 0.141258 0.141242
14 0.681855 0.609289 0.160931 0.159918
14 0.762582 0.667181 0.169869 0.125833
14 0.499322 0.764551 0.139788 0.121422
14 0.495768 0.630817 0.170458 0.194673
33 0.719412 0.763979 0.203595 0.151029
33 0.615359 0.707533 0.163725 0.097549