11 0.556453 0.720281 0.248219 0.385059
11 0.340977 0.13897 0.162984 0.231241
11 0.385594 0.194988 0.0868437 0.0714286
11 0.674469 0.381347 0.125906 0.184988
11 0.206359 0.414461 0.160031 0.207611
11 0.162977 0.479848 0.131234 0.187424
11 0.56207 0.46767 0.136641 0.10363
11 0.505867 0.871429 0.0893594 0.105995
11 0.809742 0.305176 0.149766 0.212881
11 0.265937 0.589543 0.169625 0.226487
11 0.716484 0.779016 0.188031 0.332225
11 0.376594 0.651522 0.0619687 0.124403
11 0.440414 0.464496 0.0488906 0.124871
11 0.27793 0.277026 0.0709844 0.120094
11 0.510922 0.155433 0.0211875 0.0579391
11 0.717648 0.0663115 0.122141 0.132061
11 0.829125 0.515504 0.172219 0.223981
8 0.575352 0.397143 0.217891 0.288009
8 0.441703 0.313454 0.166656 0.0907963
8 0.384227 0.473068 0.0870781 0.310773
8 0.513406 0.378806 0.245 0.144403
8 0.431859 0.233642 0.221781 0.107799
8 0.635844 0.17452 0.0521875 0.0478689
8 0.58175 0.56603 0.127875 0.127002
8 0.699383 0.584918 0.0473594 0.0718033