4 0.386719 0.519135 0.136063 0.163479
4 0.761484 0.648896 0.0796562 0.338708
4 0.21543 0.527781 0.129859 0.294021
4 0.500078 0.841823 0.228437 0.240146
4 0.44657 0.322115 0.123578 0.289979
4 0.770383 0.52924 0.232422 0.327896
4 0.382414 0.585562 0.297891 0.127667
4 0.0698281 0.642625 0.139656 0.402625
4 0.0971094 0.594812 0.116813 0.217375
4 0.665344 0.915406 0.128594 0.0699375
4 0.326883 0.238844 0.137609 0.477687
4 0.208367 0.878687 0.416734 0.1725
4 0.32482 0.472885 0.198266 0.202563
4 0.985648 0.610604 0.0287031 0.15775
4 0.546977 0.528896 0.0438281 0.0989583
4 0.451797 0.44175 0.0890312 0.105375
4 0.594 0.662354 0.135219 0.050375
4 0.626664 0.552125 0.169953 0.131583
4 0.426203 0.877896 0.0474687 0.107542
4 0.435898 0.314667 0.159234 0.140625
4 0.0559297 0.768531 0.111859 0.141187
4 0.811961 0.45501 0.171672 0.448479
4 0.0824609 0.47824 0.164922 0.358687
4 0.176063 0.559229 0.0377188 0.0901667
14 0.251648 0.752229 0.279422 0.214
14 0.793562 0.44325 0.143469 0.217125
14 0.300805 0.553292 0.199359 0.203792
14 0.487406 0.900448 0.0909688 0.105021
14 0.390945 0.636312 0.123391 0.0462083
14 0.715641 0.704552 0.0805937 0.0653125
14 0.0223984 0.645719 0.0447969 0.107354
14 0.376984 0.851833 0.0740937 0.0713333
14 0.82468 0.587229 0.0747344 0.118
14 0.0377031 0.695 0.0754062 0.10475
14 0.714195 0.533948 0.0684531 0.122438
14 0.628813 0.781885 0.311031 0.220146
14 0.523477 0.62026 0.146172 0.0804792
14 0.753047 0.905104 0.0798438 0.0574167
14 0.890047 0.763042 0.219906 0.2885
14 0.16382 0.419302 0.144422 0.224521
14 0.284531 0.885927 0.189906 0.0882292