11 0.0933516 0.79922 0.186703 0.217661
11 0.201398 0.172282 0.144266 0.103463
11 0.786141 0.716972 0.07625 0.107064
11 0.258883 0.756261 0.206734 0.227385
11 0.324344 0.377477 0.107 0.124541
11 0.591648 0.949323 0.239078 0.101353
11 0.927734 0.456147 0.144531 0.177661
11 0.340297 0.152259 0.198937 0.220298
11 0.782586 0.220356 0.154172 0.152913
11 0.106719 0.366273 0.101969 0.100894
11 0.323445 0.136869 0.110234 0.217271
11 0.743313 0.521261 0.0536875 0.121009
11 0.484305 0.140539 0.121797 0.210436
11 0.494305 0.35125 0.157297 0.208234
11 0.165977 0.493876 0.216922 0.28211
11 0.797305 0.857603 0.171016 0.211583