10 0.111469 0.724977 0.0188958 0.0112969
10 0.102885 0.711109 0.0251875 0.0225938
10 0.589573 0.767289 0.0166875 0.0136094
10 0.501385 0.545539 0.0130208 0.00929687
10 0.667802 0.841523 0.0246042 0.0140781
10 0.511979 0.550461 0.0262917 0.0126719
10 0.678188 0.828961 0.0244167 0.0129531
10 0.0581771 0.716258 0.0213542 0.0122344
10 0.516927 0.537805 0.0138958 0.0137344
10 0.144125 0.696258 0.0244167 0.0170469
10 0.646062 0.790117 0.0119583 0.00764062
10 0.166531 0.691531 0.0251042 0.0195
10 0.116146 0.696336 0.0195833 0.0110469
10 0.68474 0.786195 0.0229792 0.0142969
10 0.125885 0.70232 0.0183542 0.0100156
10 0.742469 0.84625 0.0266042 0.016625
10 0.710844 0.829867 0.0221875 0.0188281
10 0.64675 0.820211 0.0198333 0.0122969
10 0.12976 0.689789 0.0201042 0.0139219
10 0.591865 0.820867 0.0196042 0.0153281
10 0.662719 0.809211 0.0193542 0.0200781
10 0.0773958 0.708086 0.0192917 0.0105156
10 0.572958 0.785641 0.0190833 0.0147187
10 0.480698 0.545172 0.0239792 0.01425
10 0.673187 0.857914 0.0165 0.00864063
10 0.693125 0.805289 0.0160417 0.0135469
10 0.135354 0.710648 0.024375 0.0162969
10 0.0970938 0.698008 0.0208542 0.0123594
10 0.619927 0.83393 0.0223125 0.0145469
10 0.611802 0.795992 0.0193958 0.0140781
10 0.623812 0.807758 0.0202917 0.0178594
10 0.0919896 0.726094 0.0248125 0.01
10 0.597146 0.788047 0.019 0.0120313
10 0.65024 0.848344 0.0261875 0.0190625
1 0.0425937 0.469961 0.0851875 0.0628906
1 0.104417 0.440898 0.0927917 0.0592344