59 0.074 0.646667 0.0148125 0.0221667
59 0.0419062 0.666385 0.0117813 0.0178542
59 0.125055 0.659781 0.0110781 0.0181458
59 0.100648 0.696979 0.0558594 0.0566667
59 0.0591719 0.651646 0.0113125 0.0170833
59 0.0463125 0.652052 0.0123125 0.0203125
52 0.0490078 0.600177 0.0472344 0.0575208
52 0.0671094 0.544844 0.0830313 0.0584792
52 0.0378125 0.51751 0.0247188 0.0251458
43 0.275062 0.673458 0.0590625 0.06925
43 0.227914 0.695656 0.0546719 0.0411875
43 0.239289 0.67175 0.0216406 0.0278333
43 0.202273 0.659021 0.0622031 0.0789167