18 0.205844 0.644083 0.0859062 0.10875
18 0.222133 0.522281 0.0735156 0.103813
18 0.0827969 0.531375 0.126812 0.099125
18 0.0636797 0.599802 0.0849531 0.196813
18 0.135695 0.500281 0.0586094 0.0785625
18 0.325148 0.575812 0.0518594 0.0732917
18 0.0141563 0.5295 0.0283125 0.0701667
18 0.102695 0.569271 0.0668281 0.0884167
18 0.129297 0.694302 0.0862813 0.0855625
18 0.250859 0.488646 0.144156 0.111042
18 0.18668 0.56149 0.0715469 0.0933542
18 0.2735 0.537458 0.0934688 0.176542
18 0.0779766 0.473917 0.0567656 0.0457083
18 0.147703 0.555052 0.132031 0.195813
18 0.167195 0.486812 0.0335156 0.05
18 0.258836 0.639719 0.0183906 0.0159792
18 0.171422 0.512531 0.0216875 0.0146042
18 0.0155703 0.589844 0.0311406 0.0830208
18 0.0425547 0.621177 0.0657344 0.0793125
14 0.383266 0.300458 0.0339062 0.0630833
14 0.394359 0.275344 0.0374063 0.0548125
14 0.402187 0.306521 0.0394375 0.0570417
14 0.480969 0.283458 0.0202813 0.0859167
14 0.495141 0.280208 0.014 0.0757083
14 0.458859 0.261625 0.0290625 0.138583
14 0.477828 0.224542 0.022875 0.032625
14 0.433398 0.256375 0.0201094 0.0332083
14 0.416742 0.293698 0.0174844 0.0844375
14 0.438625 0.312406 0.0315 0.0931875
24 0.581289 0.329292 0.0365156 0.0445417
24 0.520984 0.340073 0.036 0.0827708
24 0.551969 0.334167 0.0446562 0.0824583
24 0.592437 0.286865 0.0379375 0.0409792
24 0.545383 0.353417 0.0357344 0.08
6 0.65775 0.612646 0.116781 0.104792
6 0.673164 0.523865 0.0602969 0.0762292
6 0.551805 0.649188 0.115828 0.203375
6 0.724656 0.599146 0.101156 0.198542
6 0.599781 0.549948 0.104219 0.0978542
6 0.658953 0.692156 0.175812 0.159187