44 0.0308047 0.198844 0.0400156 0.0665625
44 0.214172 0.254188 0.0493437 0.075375
44 0.0232578 0.12976 0.0360469 0.0416875
44 0.225188 0.142604 0.053625 0.0725833
44 0.0145547 0.21501 0.0291094 0.0505625
44 0.213563 0.21151 0.0189375 0.0148125
44 0.148289 0.16575 0.0479844 0.047625
44 0.0586641 0.237823 0.0596094 0.0721042
44 0.276758 0.0270312 0.0507656 0.0540625
44 0.248492 0.0438021 0.0502031 0.0473958
44 0.138664 0.0203333 0.0490469 0.0366667
44 0.161578 0.120146 0.0315937 0.0509167
44 0.0972422 0.248104 0.0309531 0.0612083
44 0.122719 0.101323 0.0500938 0.0638958
44 0.127297 0.197969 0.0484375 0.0418542
44 0.128891 0.90774 0.127312 0.143479
44 0.0713281 0.0960938 0.0451562 0.0478542
44 0.131742 0.269385 0.0628594 0.0693125
44 0.183102 0.230573 0.0508281 0.0506875
44 0.237023 0.170802 0.0256094 0.0556458
44 0.0165469 0.160687 0.0330937 0.063
44 0.10443 0.0200313 0.0396406 0.0400625
44 0.129953 0.237958 0.0611875 0.0539583
44 0.468672 0.18174 0.0714063 0.103563
44 0.160258 0.219531 0.0527969 0.0645625
44 0.268344 0.133833 0.00646875 0.00558333
44 0.0154141 0.242875 0.0308281 0.0259583
44 0.180602 0.0297708 0.0275469 0.00833333
44 0.321102 0.0145937 0.0460469 0.0291875
44 0.116844 0.167583 0.046375 0.0675417
44 0.0440938 0.155094 0.025375 0.0286042
44 0.328773 0.0325833 0.0473594 0.055
44 0.284891 0.0562083 0.0265 0.0202917
44 0.21232 0.177052 0.0225781 0.0344375
44 0.0739766 0.188063 0.0510469 0.061375
44 0.0761328 0.135177 0.0517656 0.0646458
44 0.975211 0.155396 0.0495781 0.1355
44 0.262164 0.203885 0.0564844 0.0635625
44 0.233352 0.017125 0.0383906 0.03425
44 0.988984 0.400687 0.0220312 0.112417
44 0.0819922 0.114635 0.0433594 0.0346875
44 0.994039 0.653844 0.0119219 0.0978125
44 0.211109 0.0457708 0.0362813 0.0416667
44 0.182922 0.0149479 0.0466562 0.0298958
44 0.952172 0.508396 0.0908438 0.122333
44 0.184266 0.181812 0.057125 0.0574167
51 0.605391 0.683906 0.260594 0.632188
51 0.467703 0.487219 0.158281 0.425521
1 0.330094 0.357896 0.09025 0.122708
1 0.149188 0.444833 0.0866563 0.0990417
1 0.329922 0.458771 0.0401562 0.0649167
1 0.0172422 0.584427 0.0290781 0.0786042
1 0.432531 0.322417 0.0699375 0.1
1 0.378945 0.302833 0.0765781 0.111833
1 0.268492 0.319646 0.0770156 0.126708
1 0.158398 0.381229 0.0743906 0.0833333
1 0.157711 0.506052 0.0906719 0.106688
1 0.0806016 0.682281 0.0950469 0.136021
1 0.0708594 0.579156 0.0895312 0.116271
1 0.110742 0.39426 0.0482031 0.0458125
1 0.270187 0.449563 0.0819688 0.131208
1 0.157336 0.321781 0.0772969 0.109104
1 0.220711 0.313052 0.0514531 0.0852292
1 0.370711 0.253146 0.0832656 0.067125
1 0.250602 0.252312 0.0294531 0.042125
1 0.102305 0.347667 0.0470469 0.0630417
1 0.386 0.429062 0.0779062 0.129708
1 0.0523125 0.412021 0.0791875 0.0946667
1 0.0996484 0.434594 0.0501094 0.0593958
1 0.0215312 0.382802 0.0430625 0.0836458
1 0.0479141 0.318365 0.0649219 0.0687708
1 0.0408125 0.506219 0.0783438 0.120896
1 0.32375 0.276438 0.0375625 0.04925
1 0.0122109 0.449313 0.0244219 0.0523333
1 0.0515469 0.380854 0.077125 0.0950417
1 0.16493 0.596083 0.0828594 0.140125
1 0.445 0.264188 0.071375 0.0598333
1 0.0964922 0.326906 0.0563906 0.0711875
1 0.0118438 0.303823 0.0236875 0.0785625
1 0.0918047 0.497365 0.0532031 0.0859792
1 0.217383 0.403604 0.0811719 0.133917
1 0.0293672 0.65526 0.0581406 0.0962708
1 0.303781 0.462854 0.048375 0.106083
39 0.664703 0.0358333 0.0525312 0.0552917
39 0.666242 0.0847396 0.0503594 0.0562292
39 0.415805 0.200115 0.0346406 0.0528542
39 0.492797 0.143115 0.0389688 0.0415625
39 0.730742 0.0231146 0.0537656 0.0462292
39 0.602422 0.140156 0.0593125 0.0712292
39 0.357219 0.0324062 0.0443438 0.0416875
39 0.468047 0.0353542 0.0435625 0.049625
39 0.604305 0.040875 0.0571406 0.061125
39 0.562336 0.14251 0.0452344 0.0773125
39 0.62775 0.103344 0.0545937 0.0745625
39 0.717398 0.104531 0.0558594 0.0538958
39 0.530258 0.135969 0.0337969 0.0438542
39 0.379391 0.139417 0.0424687 0.0509583
39 0.418602 0.11075 0.0485156 0.0604167
39 0.508445 0.252719 0.0534219 0.0858542
39 0.675758 0.126167 0.0551719 0.0495833
39 0.343844 0.204083 0.0452188 0.041625
39 0.431977 0.0640521 0.0469531 0.0545208
39 0.387734 0.0788542 0.0427812 0.072875
39 0.38907 0.154979 0.0471719 0.0450833
39 0.281734 0.254385 0.0576562 0.0592292
39 0.522602 0.189396 0.0522031 0.0757917
39 0.353656 0.0680729 0.0369688 0.0498542
39 0.180305 0.265177 0.0422969 0.0520208
39 0.389633 0.192302 0.0462656 0.0627708
39 0.508687 0.0240625 0.0310937 0.0414583
39 0.344695 0.180156 0.0417344 0.0412292
39 0.462352 0.0749479 0.0207031 0.0333958
39 0.429187 0.152396 0.0419062 0.04975
39 0.298555 0.207646 0.0452969 0.0387083
39 0.318961 0.232052 0.0447656 0.0442708
39 0.262547 0.158094 0.0419062 0.0446042
39 0.366898 0.112885 0.0447969 0.0657708
39 0.543844 0.0994479 0.0284063 0.0321875
39 0.366602 0.212 0.0492031 0.0257917
39 0.313086 0.193615 0.0264844 0.0310625
39 0.706055 0.0759583 0.0438281 0.0495417
39 0.397531 0.0285729 0.041125 0.0571458
39 0.489547 0.0573542 0.0415 0.0577083
39 0.427625 0.0334792 0.0382188 0.0382917
39 0.326594 0.0970625 0.045 0.059375
39 0.622984 0.192667 0.0636875 0.082125
39 0.23775 0.251927 0.0394688 0.0493125
39 0.432023 0.228354 0.0473281 0.0643333
39 0.587414 0.0737708 0.0542969 0.0774583
39 0.333719 0.14725 0.0425625 0.055375
39 0.516156 0.0858125 0.0504062 0.0669583
39 0.300375 0.169458 0.0450313 0.044125
39 0.46968 0.109281 0.0540781 0.0563958
39 0.440703 0.0127292 0.0418125 0.0254583
39 0.543992 0.0344688 0.0492969 0.0626458
39 0.296453 0.127792 0.0402813 0.0528333
37 0.847258 0.678187 0.0841094 0.163417
37 0.826945 0.522729 0.0951719 0.12375
37 0.548258 0.314844 0.0620156 0.0563958
37 0.801172 0.225104 0.0878125 0.159292
37 0.821531 0.807521 0.113969 0.130417
37 0.841484 0.363312 0.101 0.192708
37 0.74725 0.537135 0.08 0.0704792
37 0.570164 0.231313 0.0716406 0.113958
37 0.681547 0.250219 0.0691563 0.0944792
37 0.705492 0.307448 0.0578281 0.0746875
37 0.988625 0.0439167 0.02275 0.0878333
37 0.775484 0.593583 0.0740313 0.0931667
37 0.89732 0.412917 0.126234 0.158042
37 0.979641 0.94925 0.0407187 0.1015
37 0.937172 0.824396 0.125656 0.179542
37 0.705281 0.486917 0.0794688 0.0959167
37 0.612195 0.284292 0.0876094 0.120417
37 0.960453 0.0517917 0.0790937 0.103583
37 0.679594 0.183052 0.0527813 0.0683542
37 0.929445 0.0709896 0.0797969 0.102354
37 0.769242 0.885635 0.0988594 0.105687
37 0.779992 0.442844 0.108266 0.139354
37 0.468148 0.181615 0.0704531 0.104313
37 0.953234 0.506302 0.0935312 0.117646
37 0.739461 0.178927 0.0819844 0.124354
37 0.906539 0.180146 0.0773906 0.0931667
37 0.739352 0.136635 0.0846406 0.0607708
37 0.94625 0.285042 0.1075 0.157625
37 0.560344 0.194875 0.0486875 0.0600417
37 0.80943 0.104385 0.0879844 0.105687
37 0.661039 0.759437 0.0476094 0.0915
37 0.76525 0.966875 0.11225 0.06625
37 0.868523 0.930156 0.192609 0.138563
37 0.651125 0.518448 0.0344062 0.0776458
37 0.758969 0.808073 0.074875 0.130438
37 0.93268 0.63501 0.133828 0.183521
37 0.689477 0.6495 0.0601406 0.133792
37 0.859031 0.0505521 0.0729375 0.0978125
37 0.656125 0.160198 0.0560937 0.0653958
37 0.673328 0.956344 0.142687 0.0873125