14 0.97678 0.448414 0.0464403 0.0271719
14 0.846171 0.397883 0.0326698 0.0192969
14 0.76185 0.341625 0.0528806 0.0127812
14 0.940293 0.437281 0.0361827 0.0237813
14 0.753466 0.382391 0.055644 0.0223125
14 0.814005 0.357266 0.0548009 0.031625
14 0.615211 0.35825 0.0772131 0.02675
14 0.324028 0.368008 0.0575176 0.0161719
14 0.729227 0.352531 0.0639344 0.0230312
14 0.204988 0.395484 0.168806 0.060875
14 0.458946 0.335922 0.0993443 0.0253437
14 0.783852 0.360172 0.0460656 0.0226562
14 0.659649 0.335906 0.107494 0.012
14 0.917541 0.408367 0.0333489 0.0424531
14 0.829309 0.35493 0.0230211 0.0129531
14 0.535609 0.337922 0.0681733 0.0248438
14 0.405515 0.356766 0.0471429 0.04525
14 0.761674 0.37982 0.139883 0.0333281
14 0.764953 0.326453 0.051171 0.0258125
14 0.306909 0.386031 0.141546 0.0405937
14 0.655281 0.362234 0.0761358 0.0471875
14 0.22808 0.375328 0.0850585 0.0248125
14 0.514895 0.350922 0.0809368 0.0212812
14 0.873279 0.386555 0.0713349 0.0521406
14 0.466499 0.35525 0.113044 0.0381875
14 0.666417 0.325359 0.0483841 0.0176875
14 0.931569 0.449008 0.0302576 0.0326719
14 0.856733 0.39525 0.05726 0.0424062
14 0.552119 0.360844 0.0418033 0.012125
14 0.567564 0.347102 0.0340047 0.0247656
14 0.830117 0.400836 0.0263232 0.0184219
14 0.703841 0.353102 0.082904 0.0257969
14 0.623021 0.326469 0.0290867 0.0109063
38 0.552939 0.487609 0.171499 0.08475
38 0.593735 0.754805 0.195199 0.162828
38 0.968642 0.77243 0.0627166 0.0599844
38 0.907588 0.636234 0.182201 0.201813
38 0.310843 0.615641 0.151663 0.0515938
38 0.853595 0.56007 0.288501 0.212797
38 0.53596 0.5395 0.275527 0.0805937
38 0.438138 0.599039 0.227799 0.0721719
38 0.863056 0.742945 0.14897 0.116828
38 0.734941 0.698258 0.168009 0.0721719
38 0.93877 0.773336 0.122459 0.231484
38 0.875867 0.804547 0.246347 0.197594
38 0.65829 0.585758 0.131054 0.0820781
38 0.523946 0.601125 0.275433 0.124812
38 0.81089 0.813234 0.153958 0.143625
38 0.211663 0.597125 0.208009 0.101781