59 0.439508 0.880507 0.0527656 0.0568811
59 0.421578 0.790468 0.0594063 0.0704094
59 0.443648 0.391179 0.0418594 0.0525341
59 0.268203 0.715809 0.0516875 0.0617154
59 0.676922 0.745702 0.0704375 0.0954581
59 0.679008 0.840945 0.0507344 0.0378363
59 0.46318 0.377943 0.0275469 0.0524172
59 0.819867 0.447183 0.0125156 0.0161598
59 0.28218 0.669094 0.0347031 0.0409942
59 0.761078 0.474727 0.0285938 0.0737037
59 0.481445 0.346374 0.0457969 0.0585575
59 0.240781 0.793782 0.0348125 0.0415205
59 0.517133 0.452417 0.0517969 0.0692398
59 0.62457 0.294269 0.0387656 0.0533723
59 0.389617 0.391832 0.0137031 0.045653
59 0.71932 0.544795 0.0384844 0.0796881
59 0.496836 0.531881 0.0567969 0.044386
59 0.466625 0.514708 0.040625 0.0660624
59 0.498156 0.751569 0.0584687 0.084191
59 0.327531 0.501121 0.0529375 0.0567836
59 0.54375 0.47499 0.033875 0.068538
59 0.495977 0.398304 0.0572656 0.0649123
59 0.28143 0.757632 0.0468906 0.0389279
59 0.46107 0.913509 0.0545469 0.0338402
59 0.690563 0.403002 0.0444688 0.0651852
59 0.536844 0.267875 0.0245 0.0270955
59 0.484023 0.440468 0.0272031 0.0276803
59 0.731727 0.473031 0.0327031 0.0669981
59 0.463141 0.694542 0.0661562 0.10308
59 0.291242 0.779688 0.0253281 0.0401949
59 0.788047 0.612865 0.0135937 0.0151267
59 0.35625 0.641598 0.0198438 0.034386
59 0.538352 0.427749 0.0377969 0.0343275
59 0.611977 0.231706 0.0221406 0.0131579
59 0.647148 0.301335 0.0200156 0.0211111
59 0.384211 0.580634 0.0295781 0.0307018
59 0.565172 0.431413 0.0266875 0.0211111
14 0.747281 0.625848 0.06675 0.0867836
14 0.315391 0.695595 0.0327188 0.0754776
14 0.853883 0.483986 0.0797344 0.0862573
14 0.475836 0.649786 0.0484844 0.0558674
14 0.883641 0.437076 0.0572812 0.0556335
14 0.476781 0.310419 0.0451562 0.0444639
14 0.405219 0.54884 0.0575312 0.0931969
14 0.8265 0.345166 0.0713125 0.0851072
14 0.371078 0.413548 0.0442813 0.0224172
14 0.761484 0.548382 0.0355938 0.0755166
14 0.772648 0.378684 0.0801094 0.0917934
14 0.815203 0.289074 0.0554063 0.05846
14 0.543477 0.375682 0.0540156 0.0938207
14 0.33193 0.677729 0.0286406 0.0445809
14 0.432867 0.640546 0.0291094 0.014425
14 0.880141 0.371082 0.0331562 0.0708967
14 0.684477 0.477388 0.0621719 0.0789084
14 0.719828 0.411228 0.03725 0.0720078
14 0.254211 0.678236 0.0251406 0.0536257
14 0.4895 0.604893 0.06775 0.0509162
14 0.421906 0.552018 0.0634062 0.0762378
14 0.770266 0.349142 0.0654687 0.074425
14 0.490289 0.481452 0.0742656 0.0664522
14 0.787273 0.49193 0.0472969 0.0927875
14 0.786383 0.714727 0.0335781 0.0576023
14 0.48118 0.870682 0.0350781 0.0900195
14 0.241164 0.681871 0.0159844 0.0506823
14 0.320195 0.63499 0.0588594 0.022885
14 0.688094 0.695448 0.0504687 0.0380702
14 0.684562 0.52732 0.05075 0.0508187
14 0.29625 0.879464 0.0230937 0.0288694
14 0.442805 0.586657 0.0544219 0.0639961
14 0.307641 0.878382 0.0284375 0.0396101
14 0.315898 0.739581 0.0291406 0.0221248
14 0.677594 0.820136 0.02175 0.0219493
14 0.40218 0.614825 0.0708281 0.0438791
14 0.507273 0.620663 0.0559219 0.0365302
14 0.26793 0.600351 0.0337969 0.0369201
14 0.533938 0.316608 0.0298438 0.0557115
14 0.883055 0.313908 0.0406719 0.0635283
14 0.853594 0.344464 0.0363125 0.0763353
14 0.317828 0.651043 0.0598125 0.015692
14 0.721273 0.354698 0.0324844 0.0352827
14 0.632898 0.719971 0.0308594 0.0181092
14 0.722773 0.502602 0.0278906 0.0284405
14 0.89907 0.388684 0.0322656 0.0940936
14 0.676664 0.232924 0.0786406 0.077154
14 0.612352 0.866472 0.0381094 0.0498246
14 0.646578 0.300965 0.0213438 0.0219298
14 0.764805 0.689776 0.0225469 0.0707018
14 0.516914 0.648967 0.0643594 0.0573879
11 0.522938 0.560838 0.0966562 0.102144
11 0.590875 0.799211 0.159969 0.155458
11 0.735727 0.74462 0.0939219 0.143704
11 0.830359 0.560088 0.0998125 0.15191
11 0.667523 0.325429 0.115141 0.151209
11 0.820695 0.426384 0.0638594 0.0904288
11 0.688094 0.214201 0.0603437 0.072846
11 0.366031 0.53769 0.0750938 0.144074
11 0.451516 0.625819 0.0161563 0.038499
11 0.270969 0.639464 0.0339687 0.05
11 0.606266 0.691433 0.180531 0.131754
11 0.870852 0.408733 0.0601094 0.0692788
11 0.408312 0.770448 0.0815 0.0936062
11 0.429086 0.705214 0.162797 0.195341
11 0.581688 0.481189 0.0679375 0.116335
11 0.704945 0.630253 0.0257344 0.065614
11 0.546289 0.815653 0.0319531 0.0208967
11 0.337273 0.827768 0.0440469 0.0632943
11 0.545172 0.874337 0.113563 0.0992398
11 0.336867 0.777807 0.0765469 0.0690643
11 0.431086 0.414103 0.110766 0.081384
11 0.631148 0.526598 0.0226406 0.0462573
11 0.765531 0.260682 0.117469 0.131306
11 0.640055 0.394055 0.0601094 0.0721248
11 0.43918 0.521462 0.0838594 0.125107
11 0.484781 0.26963 0.0824375 0.0738402
11 0.261461 0.795 0.0446406 0.0508187
11 0.508664 0.320448 0.0521406 0.106823
11 0.626383 0.237515 0.170641 0.081384
11 0.401875 0.861823 0.173406 0.142827
11 0.803812 0.650702 0.107156 0.141871
11 0.597195 0.585702 0.131203 0.113899
11 0.600344 0.384542 0.129812 0.240624
11 0.31068 0.559503 0.0973594 0.139552