8 0.719156 0.511667 0.115969 0.0534167
8 0.708617 0.487563 0.155734 0.087625
8 0.720453 0.457646 0.0321875 0.04375
8 0.670195 0.469146 0.0822031 0.0895
62 0.586141 0.502927 0.0434375 0.0845208
62 0.631703 0.450417 0.070375 0.14875
62 0.599625 0.398896 0.0625 0.131667
62 0.672914 0.441187 0.0565156 0.1025
59 0.709711 0.486375 0.152141 0.0845833
59 0.600453 0.543083 0.0609375 0.066375
59 0.67757 0.593813 0.0713281 0.0441667
59 0.605617 0.599354 0.0657969 0.058625
59 0.689781 0.556958 0.0645625 0.0632917
17 0.660547 0.657146 0.20875 0.0420833
17 0.691 0.743156 0.213719 0.0818125
17 0.678836 0.719062 0.246922 0.0685417
17 0.683852 0.629667 0.194422 0.0313333
17 0.677883 0.687479 0.256453 0.0509583