11 0.681125 0.929542 0.170437 0.140917
11 0.956063 0.694365 0.086125 0.0964375
11 0.86575 0.805729 0.0625 0.109417
11 0.546633 0.857677 0.0788594 0.0883125
11 0.180352 0.735635 0.0591719 0.0691875
11 0.479875 0.780948 0.0976562 0.177688
11 0.427953 0.857844 0.0719375 0.0685208
11 0.147406 0.90426 0.0715625 0.100729
11 0.553961 0.757188 0.0562969 0.05275
11 0.879859 0.666833 0.0522813 0.070625
11 0.928 0.856979 0.144 0.219208
11 0.2095 0.9075 0.0789062 0.088375
11 0.826703 0.754052 0.0375937 0.0611458
11 0.899609 0.726344 0.0870313 0.0826458
11 0.0271719 0.872708 0.0543438 0.100458
11 0.182398 0.843729 0.0340156 0.0430417
11 0.156555 0.701969 0.0593281 0.0991042
11 0.917 0.630917 0.0422812 0.0652083
11 0.14043 0.81924 0.107734 0.155937
11 0.547758 0.811948 0.0488906 0.0658125
11 0.594805 0.788 0.0508594 0.0549583
11 0.239992 0.726365 0.0704219 0.0596875
11 0.822492 0.808354 0.0291719 0.0545417
11 0.41475 0.795542 0.0535 0.0855833
11 0.508406 0.847438 0.046125 0.074125
11 0.489664 0.878646 0.0285156 0.0331667
11 0.958492 0.602854 0.0323281 0.0352917
11 0.330922 0.942927 0.0289063 0.0559792
11 0.0744922 0.862802 0.0462031 0.0691458
11 0.671813 0.841146 0.0708125 0.0822083
11 0.866023 0.620719 0.0779844 0.0731875
11 0.769992 0.749448 0.0298594 0.0356875
11 0.224031 0.810781 0.0739375 0.0831042
11 0.0948359 0.939615 0.104766 0.111854
11 0.108609 0.732333 0.072625 0.092375
11 0.61675 0.838896 0.0375625 0.0662083
11 0.600289 0.893167 0.0437344 0.057875
11 0.0599531 0.799708 0.089 0.0925833
11 0.251078 0.849281 0.0678125 0.0746458
11 0.833008 0.675188 0.0494844 0.0827083
11 0.286562 0.78299 0.068375 0.0961875
11 0.538508 0.925344 0.0537656 0.0609375
11 0.580445 0.729281 0.0985469 0.0863125