11 0.872383 0.81281 0.147484 0.233396
11 0.560539 0.737564 0.126859 0.301124
11 0.60368 0.900141 0.168141 0.199719
11 0.621859 0.494063 0.221156 0.153091
11 0.338109 0.90774 0.07075 0.18452
11 0.399383 0.197272 0.0458594 0.0626932
11 0.193211 0.51137 0.109016 0.115012
11 0.343984 0.700597 0.14275 0.223489
11 0.727211 0.457705 0.140016 0.257002
11 0.296227 0.455351 0.0984531 0.294965
11 0.381461 0.807178 0.150734 0.194824
11 0.246016 0.791534 0.158562 0.330141
11 0.376133 0.347892 0.100828 0.095082
11 0.651977 0.210527 0.105797 0.108267
11 0.444 0.74767 0.139187 0.363864
11 0.153836 0.60637 0.105266 0.114426
11 0.894437 0.348712 0.0395 0.0636534
11 0.840055 0.894719 0.122047 0.202459
11 0.694734 0.295843 0.0349375 0.0778689
11 0.730195 0.908536 0.169672 0.18185
11 0.651992 0.608583 0.0783906 0.0855504
11 0.548586 0.161358 0.0545156 0.0537705
11 0.197727 0.676429 0.115172 0.148689
11 0.451398 0.923103 0.166172 0.153794
11 0.800125 0.389508 0.174344 0.189696
11 0.246086 0.337213 0.0910156 0.0912881
11 0.754633 0.260785 0.0577656 0.0945902
11 0.143477 0.677963 0.0912344 0.105902
11 0.188805 0.766581 0.0632031 0.128571