11 0.287 0.57175 0.291563 0.443667
11 0.0933516 0.461656 0.138016 0.326521
11 0.0624375 0.667042 0.040375 0.0433333
11 0.136297 0.626312 0.112187 0.211625
11 0.0665 0.212469 0.118938 0.158188
11 0.516102 0.35974 0.0221719 0.0446042
42 0.719117 0.227125 0.429234 0.453208
14 0.277414 0.249406 0.0602656 0.0251458
14 0.537852 0.505458 0.250297 0.06025
14 0.34925 0.104063 0.0587188 0.0675417
14 0.0956719 0.0584896 0.025 0.116979
14 0.138953 0.406542 0.0234688 0.0310417
14 0.199109 0.0902917 0.0834375 0.057
14 0.0145703 0.442167 0.0282969 0.0302083