14 0.372459 0.366136 0.173121 0.0544281
14 0.439706 0.25357 0.138399 0.0347549
14 0.448693 0.318587 0.0797386 0.101291
14 0.363186 0.423007 0.143987 0.0319281
14 0.404126 0.336585 0.130278 0.0818627
14 0.370825 0.289395 0.154788 0.128399
14 0.385874 0.408897 0.101618 0.0322059
14 0.359886 0.33674 0.144183 0.089232
14 0.383554 0.448848 0.162304 0.0287418
14 0.448693 0.407002 0.0520588 0.0329575
14 0.371103 0.280384 0.143284 0.0355719
37 0.312026 0.498243 0.0847059 0.0714216
37 0.243399 0.46344 0.0923529 0.0691993
44 0.493962 0.730253 0.0677614 0.0651797
44 0.489126 0.863113 0.0623693 0.064232
44 0.170825 0.614175 0.104297 0.0949837
44 0.452794 0.807868 0.0728105 0.0710294
44 0.14406 0.50969 0.100703 0.0914379
44 0.226258 0.539747 0.0912745 0.090768
44 0.525229 0.809485 0.0684314 0.0706046
44 0.15424 0.415964 0.0934804 0.0881373
44 0.433186 0.69674 0.0720588 0.0695915
44 0.427704 0.754641 0.0577941 0.0535294
44 0.225899 0.706095 0.0872876 0.0996732