8 0.64575 0.402733 0.13362 0.190587
42 0.57154 0.73316 0.083 0.0934667
42 0.71135 0.631507 0.0581 0.0956533
42 0.66801 0.600013 0.06158 0.0897867
42 0.64919 0.659827 0.0787 0.0854133
42 0.61194 0.584027 0.05216 0.07792
42 0.56101 0.622573 0.07834 0.102267
42 0.72882 0.58428 0.05344 0.0496267
42 0.64508 0.721307 0.0366 0.05456
42 0.78403 0.573 0.05722 0.0495733
14 0.65364 0.564173 0.40844 0.05272
14 0.65646 0.51032 0.3944 0.0610667
14 0.71577 0.529973 0.33266 0.03632
43 0.22147 0.432373 0.10018 0.125707
43 0.9699 0.289067 0.0602 0.09968
46 0.82988 0.677747 0.01556 0.0177333
46 0.7737 0.737133 0.01504 0.0185867
46 0.86698 0.70096 0.02004 0.0302933
46 0.85484 0.667947 0.01664 0.0194667
46 0.83915 0.715053 0.02066 0.02424
46 0.78716 0.662387 0.00984 0.01464
46 0.88031 0.688507 0.01586 0.02112
46 0.77503 0.666253 0.0219 0.0239733
46 0.78198 0.693747 0.01908 0.0262133
46 0.76698 0.688987 0.01364 0.0165333
46 0.85324 0.720173 0.02064 0.01832
46 0.77218 0.7112 0.01404 0.0115733
46 0.82917 0.698653 0.01854 0.02632
46 0.75415 0.659933 0.02258 0.0238133
46 0.86145 0.682813 0.01198 0.0131467
46 0.81657 0.740907 0.01902 0.00965333
46 0.80562 0.66832 0.01404 0.0226133
46 0.8129 0.666813 0.00876 0.0236533
46 0.80031 0.709427 0.02286 0.026
46 0.76664 0.6452 0.01912 0.0254933
46 0.82939 0.66604 0.01158 0.0107467
46 0.79565 0.675973 0.0197 0.0234667
46 0.75175 0.680347 0.01974 0.0196267
46 0.82869 0.764573 0.02074 0.0188533
46 0.7939 0.69292 0.00708 0.0108533
46 0.86153 0.743467 0.0225 0.0194133
46 0.80742 0.716267 0.01988 0.0237867
46 0.84868 0.7002 0.01792 0.02312
46 0.76852 0.700027 0.0188 0.0130667
46 0.80439 0.751653 0.0175 0.0230933
46 0.78409 0.714147 0.01126 0.0124533
46 0.80993 0.767267 0.01826 0.0170933
46 0.84639 0.750973 0.01774 0.01336