8 0.748594 0.65951 0.0239688 0.0358125
8 0.737656 0.339094 0.0510312 0.0503542
8 0.458781 0.645583 0.0442188 0.0714583
8 0.459039 0.379927 0.0415156 0.0402708
8 0.939367 0.386031 0.0235781 0.0280625
8 0.652289 0.741906 0.0400469 0.0663542
8 0.288398 0.767573 0.0408281 0.0710625
8 0.971133 0.522052 0.0231719 0.0450625
8 0.30218 0.83426 0.0729844 0.0353958
8 0.760891 0.506458 0.0590625 0.0610833
8 0.740602 0.509219 0.0326406 0.0491458
8 0.436578 0.755167 0.0280313 0.0405
8 0.489031 0.457469 0.0214062 0.0205208
8 0.418016 0.65675 0.0210625 0.0165417
8 0.489695 0.316229 0.0211719 0.0986667
8 0.436609 0.574375 0.019 0.0545417
8 0.580164 0.82726 0.0175781 0.0722708
8 0.336406 0.763219 0.0314063 0.0471042
8 0.359523 0.804104 0.0302031 0.0410833
8 0.522797 0.461792 0.0260312 0.0155417
8 0.216055 0.70399 0.0572344 0.0713542
8 0.713117 0.565542 0.0286406 0.0399583
8 0.633484 0.549042 0.04475 0.0528333
8 0.947938 0.363552 0.0346875 0.0301458
8 0.595203 0.310531 0.0314375 0.0583542
8 0.573477 0.681521 0.0179219 0.0558333
8 0.499523 0.78625 0.0324219 0.0698333
8 0.457164 0.410885 0.0217031 0.0278125
8 0.615297 0.664229 0.0480312 0.0172083
8 0.331961 0.135677 0.0328594 0.0399375
8 0.445609 0.29051 0.007875 0.0122708
8 0.556234 0.732375 0.0314063 0.0333333
8 0.482398 0.545573 0.0308281 0.0476042