42 0.681664 0.658529 0.0717031 0.0481283
42 0.614484 0.535 0.09075 0.146417
42 0.431094 0.400267 0.0973125 0.139091
42 0.518805 0.376123 0.0868906 0.115936
42 0.476078 0.453824 0.105406 0.152086
42 0.604258 0.711952 0.101891 0.150802
42 0.636914 0.699733 0.0583594 0.104706
42 0.327297 0.436845 0.0636562 0.136952
42 0.586297 0.645668 0.05825 0.111765
42 0.484055 0.626832 0.0942656 0.167246
42 0.543313 0.71143 0.05 0.0874064
42 0.384945 0.58139 0.0864219 0.0937433
42 0.424719 0.732767 0.146469 0.199599
42 0.647445 0.565682 0.0689219 0.145053
42 0.476062 0.32885 0.0599063 0.107059
42 0.727906 0.492888 0.0497187 0.0844385
42 0.690914 0.578035 0.0415156 0.082861
42 0.443367 0.571217 0.0640469 0.141364