14 0.45432 0.764802 0.0254531 0.0793542
14 0.413562 0.72701 0.0426875 0.0723125
14 0.530336 0.762698 0.0332344 0.0608125
14 0.391734 0.72799 0.0256563 0.0884375
14 0.478688 0.780031 0.0315937 0.0773542
14 0.413773 0.69974 0.0153594 0.0489375
14 0.36268 0.607187 0.0232656 0.0184583
14 0.321523 0.702365 0.0369219 0.0723125
14 0.291555 0.706354 0.0567031 0.036125
14 0.523844 0.701073 0.0161563 0.0210208
14 0.358055 0.619406 0.0192344 0.0289792
14 0.324367 0.652948 0.0221094 0.0715208
14 0.325672 0.71274 0.0145313 0.0174792
14 0.344039 0.714583 0.00560937 0.05425
14 0.389602 0.606104 0.0104219 0.010125
14 0.510359 0.760698 0.0323125 0.0658958