6 0.190219 0.437146 0.203375 0.388868
44 0.766867 0.805837 0.191109 0.343137
44 0.5305 0.858432 0.366125 0.263514
44 0.863453 0.702606 0.269125 0.320495
44 0.277297 0.605448 0.334187 0.240047
44 0.337812 0.757925 0.35475 0.35717
1 0.518211 0.54434 0.125797 0.146132
1 0.455336 0.567347 0.149141 0.185873
1 0.47882 0.557653 0.133859 0.165731
1 0.568109 0.536863 0.0923438 0.118491
1 0.502359 0.555554 0.123594 0.144316
1 0.708445 0.639139 0.0684844 0.151344
1 0.64775 0.640814 0.0989375 0.163703
1 0.544242 0.542358 0.108109 0.125566
1 0.583828 0.512948 0.0934375 0.144906
1 0.58093 0.69691 0.196609 0.231887