42 0.472094 0.356031 0.066375 0.0789375
42 0.375758 0.247979 0.0579219 0.076875
42 0.402023 0.30175 0.0613594 0.0609167
42 0.497672 0.398792 0.0639062 0.0560833
42 0.501812 0.318406 0.0618437 0.0718125
42 0.320344 0.272927 0.0454375 0.0658542
42 0.429688 0.247052 0.0691875 0.0731875
42 0.537695 0.469031 0.0280781 0.0554375
42 0.454484 0.278927 0.060125 0.0520625
42 0.364734 0.289052 0.0330625 0.0415208
42 0.549898 0.360771 0.0544219 0.0529167
42 0.435781 0.325469 0.0607812 0.0662292
14 0.243734 0.328229 0.044 0.0454583
14 0.581375 0.250854 0.033375 0.106
14 0.596836 0.343312 0.0393906 0.101083
14 0.214141 0.314906 0.023625 0.0251875
14 0.390883 0.345417 0.0319219 0.0451667
14 0.276805 0.2815 0.0342031 0.0307917
14 0.634023 0.244219 0.0475469 0.113646
14 0.373227 0.330208 0.0243906 0.026875
14 0.576781 0.436281 0.0298438 0.151938
14 0.556227 0.453271 0.0242969 0.129542
14 0.341164 0.331021 0.0909844 0.0885
14 0.453195 0.457719 0.0562969 0.0573125
14 0.600086 0.212979 0.0140781 0.026625
14 0.617656 0.221042 0.0446875 0.047
14 0.566461 0.249312 0.0221094 0.0710833
14 0.429383 0.371344 0.0471094 0.0501458
14 0.34557 0.296771 0.0405781 0.0607083
14 0.4595 0.40901 0.161312 0.0979375
14 0.252797 0.30524 0.0297187 0.0586042
14 0.455023 0.441844 0.151453 0.128271
14 0.56425 0.182021 0.0190625 0.0229583
14 0.613055 0.203865 0.0231406 0.0358125
14 0.581031 0.184156 0.0359375 0.0322292
59 0.231141 0.435958 0.039875 0.073
59 0.094375 0.499323 0.0321562 0.0603542
59 0.29882 0.465792 0.0525469 0.097
59 0.520859 0.668052 0.0513125 0.0501875
59 0.195641 0.421104 0.051375 0.044
59 0.144688 0.440031 0.0471562 0.0503542
59 0.364313 0.597281 0.061875 0.0632292
59 0.256023 0.484344 0.0501406 0.0496042
59 0.270016 0.539625 0.078875 0.0760833
59 0.204273 0.502781 0.0551719 0.0997292
59 0.316727 0.567146 0.0612969 0.0776667
59 0.417156 0.611302 0.0753438 0.0834792
59 0.467562 0.631667 0.066 0.102958
59 0.261039 0.432729 0.0681094 0.07475
59 0.134438 0.487448 0.0618125 0.100437
59 0.187453 0.464583 0.0497812 0.0632083
59 0.404281 0.542448 0.0595313 0.0780208
59 0.34743 0.50949 0.0724844 0.0985208
59 0.111195 0.450958 0.0376094 0.0490417
59 0.173359 0.532115 0.0380625 0.0485625