6 0.784203 0.205986 0.0177187 0.0823056
6 0.338914 0.225486 0.0231094 0.0794722
6 0.739766 0.0885972 0.0174375 0.0310278
6 0.678445 0.1665 0.0554219 0.0523333
6 0.671094 0.129972 0.017125 0.0265556
6 0.527047 0.197708 0.0203125 0.0926389
6 0.723625 0.0688194 0.0140625 0.0663056
6 0.969422 0.163556 0.0524687 0.0643889
6 0.322375 0.0620139 0.01125 0.0533611
6 0.238828 0.397625 0.018875 0.0985278
6 0.819133 0.377972 0.0330156 0.0928333
6 0.333477 0.193028 0.00948437 0.0572222
6 0.312102 0.0252083 0.0257969 0.0504167
6 0.0783438 0.246694 0.0140937 0.0377222
6 0.217648 0.235361 0.0302969 0.0881111
6 0.558312 0.288347 0.0055 0.0105833
6 0.258578 0.388417 0.0210938 0.0922222
6 0.229438 0.239347 0.0282813 0.103139
6 0.0988594 0.147694 0.0266562 0.0205
6 0.0713984 0.634069 0.0375156 0.114361
6 0.372117 0.0375833 0.0262344 0.0741111
6 0.084375 0.627639 0.0324062 0.1045
6 0.355711 0.0512778 0.0138594 0.102556
6 0.0912031 0.200125 0.03775 0.0828056
6 0.134883 0.180125 0.0184531 0.0654167
6 0.715609 0.270597 0.023 0.101361
6 0.381734 0.193778 0.0075 0.0350556
6 0.642141 0.131111 0.0156875 0.0267222
6 0.507758 0.0853889 0.0112344 0.0366667
6 0.308781 0.119222 0.0191875 0.0884444
6 0.511125 0.260556 0.0128125 0.0348889
6 0.0332891 0.186222 0.0390781 0.0606667
6 0.246875 0.391722 0.016375 0.0976111
6 0.213453 0.225542 0.0114687 0.0555833
6 0.302648 0.265139 0.0257969 0.0287222
6 0.617984 0.1775 0.0244688 0.0601667
6 0.564039 0.0671944 0.00876563 0.0605
6 0.462766 0.164486 0.0145625 0.0489722
6 0.373195 0.303306 0.00632812 0.0443333
6 0.684273 0.254861 0.0208906 0.0687222
6 0.295656 0.372056 0.0185937 0.0907778
6 0.736984 0.273431 0.0168125 0.102472
6 0.401367 0.249236 0.0202656 0.0558611
6 0.949898 0.194861 0.0294844 0.0933889
6 0.448781 0.0302917 0.0186875 0.0605833
6 0.330633 0.142167 0.0174531 0.0428333
6 0.73725 0.188292 0.0102188 0.0561389
6 0.127633 0.180083 0.0151406 0.0693333
6 0.38732 0.279153 0.0207656 0.0684167
6 0.355797 0.227222 0.0196875 0.0880556
6 0.0516172 0.214833 0.0213281 0.0928333
6 0.0840937 0.209736 0.0312187 0.0995833
6 0.503305 0.176694 0.0189531 0.0473333
6 0.580047 0.0369167 0.0247812 0.0284444
6 0.0772109 0.212833 0.0191719 0.089
6 0.43218 0.180514 0.00614063 0.0230278
6 0.674906 0.190028 0.0487812 0.0596667
6 0.56818 0.277014 0.0144844 0.0438056
6 0.643414 0.206903 0.0294219 0.0905833
6 0.669773 0.177097 0.0480469 0.0628056
6 0.932305 0.206528 0.0155469 0.103111
6 0.368367 0.226569 0.0232031 0.0920833
6 0.317094 0.371514 0.0150937 0.0898611
6 0.402852 0.0994861 0.0189219 0.0648611
6 0.145227 0.172306 0.0260781 0.0538333
6 0.909469 0.202569 0.0223438 0.101028
6 0.776297 0.203722 0.0136875 0.0833333
6 0.663617 0.190958 0.0392031 0.0710278
6 0.346898 0.232 0.0179844 0.0878333
6 0.649281 0.262181 0.006625 0.0268056
6 0.561836 0.270944 0.0181094 0.0372222
6 0.44193 0.165708 0.0163594 0.0453056
6 0.389719 0.193792 0.007875 0.0425833
6 0.744234 0.0540972 0.0245 0.0543611
6 0.521375 0.0967639 0.0150312 0.0591944
6 0.533047 0.272208 0.0142813 0.0484722
6 0.304359 0.373917 0.0138437 0.0913333
6 0.735086 0.0606389 0.0161406 0.0541111
6 0.406773 0.0322917 0.0144531 0.0618611
6 0.201617 0.243847 0.0205156 0.0994722
6 0.56743 0.202917 0.0294219 0.0931111
6 0.389781 0.0495417 0.0124688 0.0470833
6 0.0597344 0.636639 0.0345 0.106833
6 0.556766 0.199417 0.0282187 0.0912778
6 0.216234 0.27 0.0252812 0.0452778
6 0.753305 0.164917 0.0184531 0.0648889
6 0.434805 0.160139 0.0198906 0.0379444
6 0.392617 0.0896389 0.0160781 0.0461667
6 0.300797 0.278611 0.0242812 0.0233333
6 0.0637812 0.21425 0.016875 0.089
6 0.287414 0.118958 0.0203281 0.0903056
6 0.263586 0.390778 0.0191719 0.0912778
6 0.499219 0.182556 0.0200313 0.0553889
6 0.46893 0.158722 0.0198906 0.0415556
6 0.143539 0.183028 0.0278906 0.0711111
6 0.528047 0.269236 0.014125 0.0410278
6 0.42075 0.0310278 0.0144063 0.06
6 0.34243 0.0451111 0.0138281 0.0902222
6 0.407563 0.242389 0.0289063 0.0545
6 0.652945 0.272847 0.0158281 0.0396389
6 0.832563 0.372417 0.0331562 0.0846667
6 0.364008 0.0438611 0.0198906 0.0856667
6 0.272883 0.173208 0.00951562 0.03975
6 0.444031 0.0823611 0.014125 0.0307778
6 0.897289 0.173208 0.0369844 0.0786944
6 0.744016 0.172958 0.013125 0.0623056
6 0.115859 0.179625 0.0124688 0.0688056
6 0.799609 0.188222 0.0405937 0.0644444
6 0.704367 0.0713056 0.00520313 0.0145556
6 0.881508 0.225903 0.0348906 0.0784722
6 0.663125 0.238361 0.0238438 0.0262778
6 0.580125 0.205375 0.027625 0.0953056
6 0.543094 0.0540833 0.0200313 0.0546111
6 0.570492 0.0653889 0.0135469 0.0615556
6 0.902664 0.193597 0.0283906 0.0876944
6 0.507234 0.170528 0.0195625 0.0437222
6 0.268094 0.272472 0.0177187 0.0438889
6 0.745961 0.269486 0.0217656 0.104083
6 0.413922 0.0389722 0.010375 0.0779444
6 0.962086 0.175583 0.0459219 0.0679444
6 0.327023 0.295861 0.00779687 0.0360556
6 0.810031 0.371917 0.0258437 0.104722
6 0.866516 0.225764 0.0360313 0.102806
6 0.0969688 0.198361 0.0380313 0.0790556
6 0.539906 0.196542 0.02075 0.0961389
6 0.690164 0.252903 0.0187344 0.0740833
6 0.323297 0.370069 0.0191875 0.08825
6 0.486398 0.0975556 0.0222031 0.0612778
6 0.103828 0.149236 0.0213438 0.0205278
6 0.315891 0.122375 0.026625 0.0861944
6 0.0422187 0.207931 0.0286875 0.0841389
6 0.270016 0.0987083 0.0363125 0.0656389
6 0.449219 0.165264 0.0136875 0.0530833
6 0.54857 0.0625694 0.0133906 0.0536944
6 0.125828 0.202292 0.0119063 0.05525
6 0.379359 0.293986 0.0182187 0.0674722
6 0.391547 0.0283194 0.0172187 0.0566389
6 0.429 0.155764 0.0235 0.0351389
6 0.433836 0.0300278 0.0142656 0.0584444
6 0.485797 0.155 0.0130312 0.0138333
1 0.286102 0.985931 0.0224219 0.0281389
1 0.255836 0.971833 0.0191719 0.0302778
1 0.240703 0.991528 0.0152812 0.0169444
1 0.261883 0.976292 0.0172969 0.0165278
1 0.275945 0.982764 0.0124531 0.0238056
1 0.258359 0.988111 0.0217812 0.0234444
1 0.215227 0.986389 0.0175781 0.0272222
1 0.188938 0.984347 0.0164375 0.0138611
1 0.265852 0.993694 0.0181094 0.0126111
1 0.22832 0.993583 0.00892187 0.0128333
1 0.201719 0.988181 0.0235313 0.0236389