41 0.133946 0.27668 0.16007 0.0996406
41 0.111979 0.912484 0.223958 0.175031
41 0.0192857 0.376781 0.0385714 0.0787188
41 0.0879742 0.364156 0.118525 0.108031
41 0.0551405 0.748133 0.105691 0.179297
1 0.819368 0.365195 0.0396253 0.0203906
1 0.679333 0.216422 0.0427869 0.0330312
1 0.895094 0.445133 0.0973536 0.0473281
1 0.74281 0.476062 0.0341452 0.0202813
1 0.866183 0.490383 0.116487 0.0701719
1 0.966967 0.442383 0.0660656 0.0472031
1 0.725585 0.303195 0.0308899 0.0237656
1 0.969614 0.566867 0.0588056 0.0868594
1 0.805363 0.463758 0.109836 0.0775469
1 0.850433 0.303906 0.0351054 0.0179063
1 0.883384 0.368023 0.041007 0.0186719
1 0.768466 0.343727 0.03 0.0204531
1 0.809052 0.270172 0.034356 0.0191562
1 0.81007 0.221094 0.0346604 0.024
1 0.984965 0.505531 0.0300703 0.037625
1 0.787635 0.302563 0.0369087 0.0126562
1 0.704415 0.270656 0.0310773 0.0200313
1 0.72452 0.244102 0.0303044 0.0205469
1 0.783489 0.367547 0.035082 0.0235313
1 0.92911 0.527023 0.122061 0.0738281
1 0.698536 0.192258 0.0324356 0.0196094
1 0.756347 0.303 0.0325527 0.0200938
1 0.840843 0.323234 0.0394379 0.02475
1 0.740141 0.272859 0.0267447 0.0198438
1 0.841885 0.274375 0.0420843 0.0319063
1 0.692295 0.245805 0.0393911 0.0288906
1 0.802155 0.351703 0.0296487 0.018375
1 0.807037 0.196 0.0383841 0.0273125
1 0.716288 0.216727 0.0375878 0.0229844
1 0.954918 0.478789 0.0847775 0.0429219
1 0.864567 0.322734 0.0123185 0.0202188
1 0.706756 0.332383 0.0328571 0.0378281
1 0.776112 0.269437 0.0286183 0.0174687
1 0.826358 0.249398 0.0387588 0.0306719
1 0.750948 0.241875 0.0236768 0.0173125
1 0.855761 0.340906 0.0266979 0.0228437
1 0.748841 0.327242 0.0461124 0.0280781
1 0.837881 0.347336 0.0412881 0.0250469
1 0.7337 0.188656 0.0314286 0.01525
1 0.666265 0.185891 0.0344028 0.0253125
1 0.802201 0.50832 0.0288993 0.0193281
1 0.818724 0.300617 0.0306557 0.0193281
1 0.726803 0.360203 0.0469555 0.0346562
1 0.854075 0.36693 0.0371429 0.0215469
1 0.763244 0.195469 0.0220843 0.0122188
1 0.918923 0.365625 0.0371897 0.0201563
1 0.993185 0.465734 0.00543326 0.0124375
44 0.660504 0.484477 0.119321 0.0797969
44 0.863981 0.737594 0.159438 0.0829063
44 0.539215 0.658297 0.149719 0.09225
44 0.509719 0.897523 0.211054 0.154234
44 0.0667916 0.513398 0.133583 0.0850781
44 0.850059 0.832086 0.209344 0.128516
44 0.765281 0.687898 0.162084 0.0785156
44 0.572658 0.784602 0.182787 0.119859
44 0.679555 0.872242 0.193208 0.147391
44 0.319297 0.493477 0.0858548 0.0512656
44 0.480117 0.722227 0.16 0.0936406
44 0.184988 0.50468 0.119578 0.0637969
44 0.954988 0.798828 0.0900234 0.097
44 0.133525 0.59432 0.14897 0.0969531
44 0.25363 0.698797 0.16918 0.112406
44 0.964532 0.647242 0.0709368 0.0731406
44 0.681054 0.648055 0.14623 0.0808594
44 0.205667 0.787031 0.130726 0.0720937
44 0.340222 0.528078 0.127002 0.0682813
44 0.641956 0.553336 0.130328 0.0698906
44 0.627014 0.708359 0.150937 0.0757188
44 0.40041 0.820398 0.212576 0.154422
44 0.191815 0.645672 0.162225 0.103406
44 0.824859 0.558898 0.134965 0.0887031
44 0.0396019 0.626859 0.0792037 0.0645
44 0.800913 0.936312 0.233443 0.127375
44 0.727646 0.766664 0.178899 0.109922
44 0.0314169 0.469742 0.0628337 0.0579531
44 0.938794 0.922922 0.121335 0.15175
44 0.956651 0.718266 0.0866979 0.0754062
44 0.46 0.521711 0.11733 0.0547344
44 0.269941 0.574219 0.148501 0.0841875
44 0.40452 0.671312 0.167541 0.0953438
44 0.138314 0.727195 0.132272 0.0742656
44 0.797799 0.627563 0.123888 0.0608437
44 0.405527 0.564336 0.141171 0.0798281
44 0.0732201 0.555195 0.137822 0.0942031
44 0.470363 0.605781 0.149157 0.0774375
44 0.277728 0.855094 0.139906 0.089875
44 0.334965 0.624 0.148056 0.0845313
44 0.564215 0.515531 0.123091 0.0652188
44 0.362717 0.937078 0.146792 0.0948125
44 0.0756089 0.672531 0.124286 0.0695937
44 0.214227 0.531414 0.148126 0.0722344
44 0.321159 0.756305 0.186347 0.119828
44 0.430211 0.489617 0.125902 0.0663906
44 0.528478 0.559586 0.121827 0.0603281
44 0.598021 0.960875 0.243864 0.07825
44 0.738244 0.524687 0.123934 0.0802188
44 0.884977 0.664344 0.153747 0.092625
44 0.600515 0.607227 0.130258 0.0866094
44 0.101534 0.469742 0.0781967 0.0424219
44 0.0132084 0.577516 0.0264169 0.0405313
44 0.536733 0.480172 0.113326 0.0578438
44 0.907272 0.592594 0.145738 0.0719687
44 0.720059 0.589695 0.134965 0.0681094
44 0.428536 0.984773 0.109063 0.0304531