10 0.863906 0.51001 0.028 0.0315625
10 0.796258 0.484844 0.0269219 0.0366875
10 0.713766 0.364958 0.0219375 0.0239583
10 0.469383 0.56851 0.0272031 0.0435208
10 0.888422 0.383021 0.0304063 0.0185
10 0.591344 0.367844 0.02725 0.0390625
10 0.465555 0.49499 0.0310781 0.0445208
10 0.838828 0.391135 0.0317812 0.0363542
10 0.877594 0.669594 0.0237813 0.0300625
10 0.613602 0.414625 0.0207344 0.02975
10 0.655883 0.730927 0.0338906 0.0240208
10 0.859125 0.74349 0.0175313 0.0193125
10 0.612852 0.353865 0.0198281 0.0272708
10 0.776156 0.41726 0.0111875 0.0183125
10 0.614758 0.450615 0.0210781 0.0236458
10 0.629906 0.67401 0.026 0.0281875
10 0.633492 0.342323 0.0209844 0.0339792
61 0.523344 0.181833 0.087375 0.08375
61 0.510008 0.152125 0.0339844 0.0903333
61 0.474305 0.326802 0.0276719 0.0431458
61 0.479609 0.29249 0.0919062 0.0612708
61 0.608266 0.169063 0.067875 0.0965
61 0.611547 0.186729 0.0727187 0.078375
61 0.501359 0.25499 0.0994375 0.0246875
61 0.519125 0.231271 0.101094 0.0314167
61 0.567383 0.13924 0.0602656 0.141479
61 0.612242 0.213229 0.0840156 0.0415833
61 0.532039 0.127865 0.0326406 0.0811875
57 0.720562 0.767677 0.1335 0.0581458
57 0.896102 0.50125 0.0467656 0.0651667
57 0.76632 0.349677 0.0322656 0.0468958
57 0.767625 0.658594 0.053 0.0400625
57 0.795937 0.377115 0.0219688 0.0344792
57 0.852852 0.72001 0.0493594 0.0418958
57 0.792805 0.76326 0.0624531 0.0736042
57 0.788812 0.838344 0.072125 0.0535208
57 0.671664 0.656552 0.0533594 0.0599375
57 0.742617 0.323906 0.0357656 0.0469792
57 0.84707 0.630448 0.0631719 0.0583125
57 0.533844 0.553365 0.0521563 0.0822292
57 0.576523 0.578771 0.0297031 0.0377083
57 0.606461 0.493208 0.0384219 0.052625
57 0.868633 0.449042 0.0475156 0.0495833
57 0.554852 0.340844 0.0342031 0.0523125
57 0.647352 0.292698 0.0330469 0.0498542
57 0.639758 0.4455 0.0384844 0.0425833
57 0.852328 0.66201 0.0363125 0.0529792
57 0.890656 0.568437 0.0405937 0.0565833
57 0.835648 0.559313 0.0680781 0.104875
57 0.841461 0.482781 0.0312031 0.0575625
57 0.68807 0.400792 0.0499844 0.0334167
57 0.540789 0.486719 0.0340469 0.0742292
57 0.697328 0.851667 0.0365 0.046
57 0.546914 0.632469 0.0659531 0.0851042
57 0.594336 0.669896 0.0352031 0.0331667
57 0.599109 0.312604 0.0417812 0.0460833
57 0.69925 0.416448 0.0476562 0.0273958
57 0.578234 0.46749 0.0435938 0.0710625
57 0.739633 0.423021 0.0552344 0.059375
57 0.902313 0.773281 0.0330625 0.0325208
57 0.913227 0.448885 0.0434219 0.0630208
57 0.525438 0.715365 0.047625 0.0536875