32 0.370172 0.0960521 0.0824688 0.120854
32 0.391273 0.260458 0.106703 0.172333
32 0.457344 0.0611875 0.101844 0.108208
32 0.466531 0.269333 0.0674063 0.100042
32 0.454875 0.156542 0.106438 0.140208
32 0.547547 0.131823 0.1025 0.124354
32 0.51768 0.066875 0.0254531 0.0373333
32 0.548133 0.265813 0.105766 0.141083
32 0.324766 0.172302 0.104438 0.169063
10 0.626383 0.202385 0.0490469 0.0653958
10 0.715953 0.244771 0.044625 0.0531667
10 0.612203 0.270844 0.036875 0.0735625
10 0.669727 0.27951 0.0607656 0.0731042
10 0.63293 0.243938 0.0434844 0.060875
10 0.676078 0.337521 0.0574375 0.0721667
10 0.759992 0.24601 0.0484531 0.0420208
10 0.718789 0.296885 0.0404844 0.0701042
10 0.667055 0.186115 0.0447344 0.0529375
10 0.628875 0.309677 0.0495625 0.0709375
10 0.674102 0.22799 0.0479531 0.0527292
10 0.58868 0.218594 0.0380156 0.0388542
10 0.71468 0.198646 0.0517031 0.0665
57 0.781133 0.313427 0.130266 0.142812
57 0.775164 0.43324 0.144547 0.232896
57 0.919187 0.430896 0.160281 0.26675