57 0.921587 0.520945 0.0369102 0.0239531
57 0.950731 0.516469 0.0335282 0.026875
57 0.945585 0.541703 0.0321712 0.024625
57 0.988246 0.476523 0.0235073 0.0256719
57 0.974906 0.485977 0.0154071 0.0115469
57 0.989061 0.556328 0.0190397 0.0222812
57 0.976545 0.533164 0.0469102 0.0341094
57 0.934708 0.501805 0.0273278 0.0204844
55 0.396983 0.835648 0.137599 0.101734
55 0.590073 0.748953 0.113967 0.0882187
55 0.499248 0.818953 0.0754906 0.1305
55 0.563977 0.763867 0.10762 0.110203
55 0.435073 0.801422 0.0751983 0.0754688
14 0.311722 0.851688 0.194969 0.149656
14 0.242265 0.894992 0.113967 0.105391
52 0.688121 0.772938 0.116159 0.0784688
52 0.791472 0.765234 0.101649 0.07
52 0.713017 0.644195 0.145115 0.0843594
52 0.766263 0.703937 0.0560752 0.0637188
52 0.689749 0.52782 0.0835073 0.0569219
52 0.700261 0.709977 0.0939248 0.0624531