42 0.678513 0.659359 0.0257845 0.01825
42 0.576101 0.713117 0.0337471 0.0164219
42 0.635644 0.712773 0.0188759 0.00492188
42 0.599461 0.681664 0.0161593 0.0106406
42 0.568115 0.727555 0.0332319 0.0132969
42 0.689145 0.662391 0.0338876 0.0114375
42 0.695539 0.646898 0.0356206 0.0262969
42 0.533419 0.641766 0.0335363 0.02125
42 0.530023 0.568352 0.0294145 0.00973437
42 0.537553 0.680211 0.0288759 0.0184531
42 0.59281 0.765359 0.0177518 0.0086875
42 0.607834 0.708039 0.0323419 0.0146094
42 0.538536 0.587242 0.0247073 0.00829687
42 0.527119 0.676406 0.0245433 0.0161563
42 0.633607 0.649094 0.0345199 0.0202188
42 0.720023 0.658836 0.0325527 0.00998438
42 0.615293 0.688258 0.0146604 0.00535938
42 0.485398 0.565563 0.031733 0.01125
42 0.457412 0.559187 0.0293911 0.0161563
42 0.551452 0.588852 0.0265105 0.00370313
42 0.516358 0.562102 0.0302342 0.0122969
42 0.727553 0.706172 0.0258782 0.0154062
42 0.663396 0.650492 0.0329274 0.0234531
42 0.575082 0.640219 0.0288993 0.0222812
42 0.585726 0.584813 0.0291569 0.011125
42 0.483091 0.560773 0.0311007 0.0132031
42 0.511991 0.582984 0.032459 0.0125938
42 0.607201 0.58593 0.0152459 0.00876563
42 0.477892 0.588164 0.0319438 0.00932812
42 0.511628 0.647125 0.0305152 0.0148125
42 0.585129 0.65525 0.0206089 0.00425
42 0.549883 0.723234 0.0228103 0.0195312
42 0.581511 0.678945 0.0207728 0.0204844
42 0.66123 0.585172 0.0194145 0.008625
42 0.65274 0.667008 0.0328806 0.00817188
42 0.563981 0.647289 0.0409836 0.0168281
42 0.696288 0.707523 0.0332787 0.0135469
42 0.504239 0.635875 0.0303044 0.0144687
42 0.569262 0.687203 0.0223185 0.007375
42 0.671183 0.706867 0.0254567 0.0161719
42 0.627775 0.690789 0.00955504 0.00292187
42 0.595937 0.58907 0.0202108 0.00251563
42 0.557377 0.676539 0.0309133 0.0168594
42 0.761838 0.708117 0.017541 0.00748437
47 0.942529 0.528258 0.0496487 0.0235156
47 0.925304 0.5095 0.040726 0.0249375
47 0.992728 0.511016 0.0145433 0.0258437
47 0.985012 0.536672 0.0295082 0.0235938
4 0.347541 0.68043 0.152225 0.0222969
4 0.109941 0.753648 0.165363 0.0222656
4 0.357564 0.756898 0.196581 0.0169531
4 0.19877 0.530203 0.0369789 0.0155625
4 0.311991 0.538859 0.128712 0.0163438
4 0.358185 0.699305 0.140632 0.0203281
4 0.291487 0.581281 0.0917799 0.02975
4 0.220141 0.537883 0.0614988 0.0175781
4 0.201183 0.600781 0.0292037 0.013625
4 0.198337 0.519336 0.03363 0.0171719
4 0.375082 0.748172 0.2074 0.0200313
4 0.101054 0.559453 0.0907728 0.0120313
4 0.333208 0.585453 0.206932 0.067875
4 0.0690164 0.785922 0.138033 0.0168437
4 0.267717 0.511609 0.168548 0.0361563
4 0.344239 0.641234 0.191288 0.043875
4 0.30171 0.547484 0.188478 0.0265312
4 0.362014 0.625531 0.171054 0.06925
4 0.322014 0.621781 0.193255 0.0691875
4 0.315995 0.55825 0.165386 0.0440938
4 0.291347 0.652727 0.0778689 0.0121094
4 0.107049 0.540914 0.0988759 0.0131094
4 0.315585 0.608891 0.188361 0.029375
4 0.291019 0.526859 0.156511 0.022875
4 0.211639 0.555391 0.0308665 0.009
4 0.101581 0.845914 0.203162 0.0200469
4 0.298618 0.614945 0.211803 0.0319219
4 0.361253 0.772805 0.200773 0.0193906
4 0.350902 0.577383 0.150937 0.0470781
4 0.12055 0.612227 0.0982436 0.0118281
4 0.109555 0.83375 0.21911 0.0226562
4 0.106885 0.531703 0.0980328 0.0182187
4 0.355785 0.668102 0.200468 0.0246719
4 0.0857494 0.59825 0.171499 0.0297812
4 0.12726 0.573125 0.0987822 0.0169687
4 0.206838 0.590547 0.0292272 0.0135625
4 0.235304 0.577836 0.0197424 0.0124531
4 0.0693326 0.804695 0.13548 0.0180156
4 0.178208 0.507766 0.0111241 0.0115625
4 0.303267 0.643031 0.165457 0.035875
4 0.298314 0.50743 0.146838 0.0440469
4 0.282424 0.591297 0.108689 0.0225312
4 0.293712 0.500289 0.181241 0.0618906
4 0.121358 0.591453 0.105152 0.0204063
4 0.205867 0.623422 0.0367447 0.0144063
4 0.360059 0.782516 0.190515 0.012125
4 0.297845 0.492711 0.157471 0.0556094
4 0.240913 0.665898 0.0285714 0.0162656
4 0.125035 0.581836 0.100141 0.0155781
6 0.96897 0.82068 0.0620141 0.0407656
6 0.896499 0.681414 0.0693911 0.0513281
6 0.956077 0.66707 0.0546838 0.0415781
6 0.889297 0.634305 0.0469321 0.0585156
6 0.893337 0.694469 0.0895316 0.077375
6 0.813864 0.635219 0.0690398 0.06775
6 0.966838 0.63607 0.0520843 0.0467969
6 0.875199 0.706336 0.104965 0.100328
6 0.833607 0.630711 0.0303044 0.0440469
6 0.913794 0.621391 0.0862295 0.0397813
6 0.987049 0.638602 0.0259016 0.0436719