8 0.662 0.409354 0.0539063 0.092
8 0.726297 0.484885 0.104062 0.180188
8 0.652047 0.6575 0.159 0.177125
8 0.403672 0.332292 0.042125 0.0537083
11 0.389297 0.393562 0.0418125 0.08475
11 0.700539 0.486135 0.100953 0.126271
11 0.592187 0.479271 0.120094 0.162417
11 0.323266 0.449656 0.0828438 0.126646
11 0.636953 0.615604 0.141094 0.171792
11 0.475414 0.329688 0.112109 0.149917
11 0.548445 0.32176 0.0527031 0.0999375
11 0.605828 0.361802 0.11825 0.132188
11 0.423562 0.362375 0.0454688 0.0466667
11 0.287992 0.584687 0.135328 0.18025
11 0.515258 0.438563 0.0939531 0.113375
43 0.319148 0.75124 0.0481406 0.0407708
43 0.290109 0.70051 0.0901563 0.0797708
43 0.379398 0.771062 0.110234 0.06275
43 0.435195 0.770177 0.0463281 0.0289375
43 0.312937 0.685479 0.0379375 0.0295417
42 0.52143 0.369073 0.0462031 0.0425208
42 0.618539 0.532844 0.0460781 0.0650208
42 0.661031 0.454667 0.0397813 0.0515417