18 0.578838 0.729172 0.015939 0.0086875
18 0.563533 0.711797 0.0196479 0.0261562
18 0.501596 0.711727 0.0411737 0.0182656
18 0.464883 0.724102 0.0177465 0.0102656
18 0.71 0.72618 0.0347887 0.0106094
18 0.717312 0.730031 0.0188967 0.0276875
18 0.711209 0.746281 0.0285211 0.0259062
18 0.673462 0.753477 0.0161268 0.0162656
18 0.516444 0.725266 0.0214789 0.0133437
18 0.677207 0.732563 0.0142723 0.00921875
18 0.694155 0.741281 0.0146479 0.0189687
18 0.74169 0.766703 0.0167606 0.00953125
18 0.795387 0.741109 0.0188967 0.0187187
18 0.753791 0.725898 0.0450939 0.0143594
18 0.808803 0.72782 0.0181221 0.0222969
18 0.763286 0.732141 0.0210798 0.0217188
18 0.458016 0.732062 0.0153286 0.00790625