11 0.161688 0.191584 0.174094 0.223593
11 0.0936797 0.519669 0.0926719 0.121513
11 0.144727 0.770437 0.118234 0.09487
11 0.242055 0.521738 0.234547 0.273877
11 0.281039 0.112281 0.218266 0.224563
11 0.407609 0.399421 0.0649062 0.0838061
11 0.0141484 0.33643 0.0282969 0.122506
14 0.373859 0.111761 0.126 0.17383
14 0.0483125 0.368771 0.0946562 0.163924
14 0.268422 0.508392 0.090125 0.132624
42 0.169602 0.455414 0.115328 0.211962
42 0.217781 0.895674 0.305969 0.208652
42 0.491344 0.109208 0.089125 0.135012
42 0.128438 0.351726 0.2075 0.151537
42 0.0864141 0.620402 0.141578 0.111017