6 0.8437 0.161711 0.107307 0.156328
6 0.873068 0.159508 0.147728 0.156484
6 0.620808 0.732234 0.0745433 0.160281
6 0.82178 0.43225 0.0792974 0.110594
6 0.850656 0.644133 0.188618 0.118547
6 0.641148 0.146547 0.0757377 0.133906
6 0.762506 0.452062 0.0350351 0.141906
6 0.613173 0.424359 0.158197 0.124969
6 0.596979 0.705016 0.141311 0.148562
6 0.667354 0.218453 0.0479625 0.0665313
6 0.892096 0.417625 0.149719 0.11625
6 0.685386 0.72368 0.101358 0.172516
6 0.696663 0.188859 0.0611944 0.105719
6 0.879063 0.242953 0.0603747 0.068375
6 0.851148 0.438594 0.122201 0.1275
6 0.720585 0.718555 0.044637 0.151922
6 0.899251 0.389602 0.125995 0.0691719
6 0.736335 0.144922 0.0686417 0.133531
6 0.870843 0.42682 0.139672 0.114609
6 0.801511 0.449906 0.0751054 0.141656
6 0.625094 0.0916641 0.126253 0.0733906
6 0.762881 0.209984 0.0604215 0.101625
6 0.633326 0.129891 0.154567 0.121938
6 0.671534 0.449281 0.104426 0.132156
6 0.680925 0.135586 0.0869087 0.121422
6 0.709813 0.466289 0.0615925 0.158859
6 0.823103 0.232227 0.0631148 0.0841719
6 0.800761 0.154898 0.0678454 0.145766
6 0.754075 0.720492 0.0606557 0.112141
6 0.850644 0.351258 0.108829 0.0231406
6 0.690621 0.355727 0.0837705 0.0165469
6 0.652869 0.450563 0.120398 0.138281
6 0.823899 0.681859 0.152436 0.138563
6 0.806358 0.346461 0.0565574 0.0195156
6 0.631897 0.437758 0.153396 0.146641
6 0.626112 0.198719 0.0471663 0.0657812
6 0.658794 0.782969 0.0414286 0.0562187
6 0.79178 0.702937 0.102576 0.143187
44 0.928794 0.849719 0.105972 0.0685313
44 0.696733 0.920023 0.0773068 0.0684531
44 0.625199 0.815578 0.107588 0.0608437
44 0.918571 0.902305 0.096534 0.0597344
44 0.462471 0.903414 0.0387588 0.0439219
44 0.989988 0.854305 0.0178689 0.0472031
44 0.155726 0.0300312 0.0793677 0.0494687
44 0.834438 0.808594 0.106112 0.0614688
44 0.989321 0.802461 0.0188759 0.0551719
44 0.949169 0.950805 0.0721077 0.0452344
44 0.93137 0.790859 0.103911 0.0635625
44 0.736429 0.869102 0.105972 0.0764844
44 0.241323 0.0298281 0.080445 0.054375
44 0.519719 0.806992 0.100468 0.0602969
44 0.431909 0.865242 0.0877986 0.0525781
44 0.0173536 0.0204531 0.0332084 0.0359063
44 0.773841 0.89607 0.0515691 0.0261719
44 0.0364169 0.0528281 0.0715222 0.044625
44 0.202237 0.0592812 0.0877518 0.0569687
44 0.0766979 0.0258125 0.0732553 0.04225
44 0.111838 0.0504922 0.0755269 0.0391406
44 0.639309 0.864258 0.0974005 0.0554219
44 0.985129 0.910016 0.0297424 0.0609062
44 0.72863 0.810781 0.101148 0.0620938
44 0.703384 0.953734 0.0354333 0.0377188
44 0.978197 0.953781 0.0371429 0.0245
44 0.528232 0.854773 0.107705 0.0487344
44 0.838115 0.86182 0.102365 0.0562031
44 0.070644 0.0737578 0.0800703 0.0287344
1 0.517155 0.0803203 0.096089 0.0520156
1 0.0827166 0.235555 0.0862295 0.0446406
1 0.550293 0.614109 0.0842389 0.044875
1 0.0183607 0.427125 0.0367213 0.0305312
1 0.0475527 0.395016 0.0936066 0.0587188
1 0.692459 0.0107188 0.0579859 0.01625
1 0.861557 0.023875 0.0813817 0.0367188
1 0.189192 0.353578 0.0821311 0.0484062
1 0.760808 0.522539 0.0931382 0.0336094
1 0.203314 0.166563 0.0758548 0.0417187
1 0.972131 0.194031 0.0546136 0.0460625
1 0.368876 0.11668 0.0796253 0.0440781
1 0.547963 0.120156 0.0374239 0.0382813
1 0.372916 0.155531 0.0939813 0.0425
1 0.0567447 0.207461 0.0862295 0.0515781
1 0.0166276 0.317547 0.0332553 0.0351562
1 0.0924239 0.32468 0.0544496 0.0320156
1 0.490012 0.0317031 0.0499063 0.0286563
1 0.244227 0.267055 0.0825059 0.0659531
1 0.394543 0.0111875 0.0846838 0.022375
1 0.123911 0.17 0.083466 0.0574375
1 0.0224824 0.287672 0.0432319 0.0353438
1 0.96959 0.120406 0.0608197 0.0400313
1 0.187576 0.389484 0.0868618 0.047875
1 0.956862 0.0241328 0.0831382 0.0402969
1 0.0658314 0.134391 0.0867916 0.0449688
1 0.0583724 0.3065 0.0551522 0.0383437
1 0.45137 0.663953 0.0732319 0.0435625
1 0.201276 0.122242 0.0933255 0.0580156
1 0.200703 0.238258 0.0770023 0.0382344
1 0.568735 0.194945 0.07274 0.0372031
1 0.685117 0.0518359 0.060445 0.0251406
1 0.00704918 0.345539 0.0140984 0.0247969
1 0.963419 0.553602 0.0696956 0.0448281
1 0.867037 0.510977 0.0853162 0.0473594
1 0.889192 0.603383 0.0600234 0.0324844
1 0.19685 0.323844 0.0615691 0.0302812
1 0.038466 0.338719 0.0642857 0.0446562
1 0.212002 0.200328 0.0722482 0.0503437
1 0.586382 0.0130937 0.088548 0.0230937
1 0.657611 0.606047 0.090726 0.0500938
1 0.867178 0.560141 0.087377 0.050875
1 0.471885 0.116734 0.0840515 0.0466875
1 0.582763 0.0268594 0.0819204 0.0371875
1 0.533642 0.528414 0.0720609 0.0359219
1 0.932611 0.0687734 0.0619906 0.0297656
1 0.457658 0.238031 0.09274 0.0395937
1 0.771686 0.0562109 0.048993 0.0308281
1 0.433185 0.569023 0.102014 0.0464531
1 0.454368 0.511867 0.045644 0.0247969
1 0.412553 0.0683516 0.085808 0.0492656
1 0.0862295 0.355195 0.0654333 0.0390156
1 0.961674 0.00749219 0.0746838 0.0128281
1 0.515187 0.568312 0.0596956 0.0464375
1 0.149227 0.311023 0.0618267 0.0374531
1 0.117775 0.381875 0.0723653 0.06
1 0.675679 0.0286484 0.082178 0.0318281
1 0.188056 0.424328 0.0888993 0.0374063
1 0.0439578 0.174625 0.0879157 0.05825
1 0.974684 0.590594 0.0506323 0.032625
1 0.584122 0.0552812 0.0381733 0.0224375
1 0.53137 0.664172 0.0670023 0.044875
1 0.0240398 0.242328 0.0480796 0.0306875
1 0.437354 0.617297 0.0957377 0.0539063
1 0.978349 0.0531719 0.0433021 0.039
1 0.963548 0.24032 0.0669087 0.0443594
1 0.0145433 0.370391 0.0290867 0.0265312
1 0.75055 0.565625 0.0983372 0.0451875
1 0.485574 0.160258 0.0777518 0.0443906
1 0.115398 0.0946172 0.0601171 0.0289844
1 0.965632 0.157047 0.0687354 0.0385
1 0.553314 0.239672 0.0923888 0.0271875
1 0.881054 0.0505156 0.0706792 0.0263125
1 0.139286 0.211664 0.0842857 0.0587656
1 0.139052 0.340109 0.0588525 0.0361563
1 0.777881 0.0208672 0.057541 0.0254531
1 0.46329 0.195938 0.0634895 0.0347187
1 0.400468 0.0305391 0.0746604 0.0251406
1 0.970691 0.657297 0.0586183 0.0618437
1 0.65829 0.515977 0.0602342 0.0452344
1 0.485937 0.0101484 0.0868618 0.0198281
1 0.0109485 0.213398 0.0183372 0.0427969