29 0.722458 0.389313 0.0696667 0.0320625
29 0.409396 0.370836 0.155292 0.0537031
29 0.294073 0.396234 0.0703125 0.0290625
29 0.622854 0.374398 0.132125 0.0557344
29 0.771542 0.411328 0.0350417 0.0279063
55 0.347354 0.723805 0.0750417 0.0827969
55 0.291198 0.722359 0.119313 0.0723125
55 0.382979 0.689703 0.042 0.084
55 0.271104 0.690391 0.0314583 0.03
55 0.354781 0.706445 0.0611042 0.100484
55 0.304906 0.689102 0.0532708 0.103859
55 0.319469 0.721672 0.0358958 0.0223125
55 0.385385 0.708242 0.0466875 0.0351406
55 0.396917 0.674281 0.034875 0.0310312
55 0.261219 0.720594 0.0779792 0.056875
14 0.522719 0.338422 0.0194792 0.0912813
14 0.535844 0.377406 0.0382708 0.175125
14 0.493646 0.38443 0.0297083 0.144891
14 0.519115 0.373641 0.0358958 0.17025
14 0.475865 0.432945 0.0222292 0.0643594
14 0.550104 0.335898 0.009875 0.0284844
37 0.505302 0.252484 0.0762292 0.07
44 0.427552 0.259633 0.0823958 0.0625781
44 0.343771 0.257477 0.0834167 0.0628281
44 0.668208 0.253602 0.0813333 0.0657656
44 0.587021 0.253398 0.084125 0.0657344
1 0.384531 0.213297 0.0743958 0.0576562
1 0.626948 0.210797 0.0682292 0.0538125
1 0.552542 0.208719 0.0704167 0.0591563
1 0.462625 0.208859 0.0687917 0.0562187