14 0.30652 0.425413 0.0356 0.0616533
14 0.32901 0.208627 0.06322 0.0808267
14 0.24337 0.431533 0.07826 0.102693
14 0.30565 0.36196 0.0657 0.0876
14 0.35692 0.235347 0.04044 0.04488
14 0.24819 0.187373 0.0473 0.06616
14 0.26557 0.36756 0.04674 0.07256
14 0.21581 0.32728 0.06734 0.0864533
14 0.2569 0.48332 0.031 0.0338933
14 0.21151 0.495493 0.05378 0.04352
14 0.29663 0.264733 0.04218 0.0345867
14 0.2989 0.170013 0.05676 0.0713867
14 0.2724 0.30612 0.06356 0.06392
14 0.28641 0.470387 0.02826 0.03
14 0.20975 0.405467 0.0725 0.0936
14 0.2807 0.22416 0.04676 0.0757867
14 0.21056 0.257587 0.02248 0.0582667
14 0.15615 0.45672 0.0873 0.0717867
14 0.33335 0.28608 0.0577 0.0773333
14 0.22212 0.464347 0.04216 0.0377067
14 0.25761 0.224427 0.02058 0.02
14 0.16547 0.393707 0.06106 0.0938133
14 0.156 0.479013 0.06664 0.07552
14 0.1635 0.332693 0.04288 0.0648533
14 0.24568 0.2636 0.06076 0.06704