43 0.0686641 0.649323 0.137328 0.182229
43 0.874195 0.70424 0.148203 0.0957708
43 0.458555 0.517031 0.0871406 0.0737292
43 0.538547 0.707802 0.081625 0.186437
43 0.484047 0.578698 0.106781 0.113979
43 0.28382 0.88976 0.280141 0.166771
43 0.470141 0.371302 0.068125 0.0539792
43 0.119727 0.394885 0.0723594 0.0396458
8 0.715156 0.480021 0.0494687 0.03575
8 0.642266 0.382937 0.0465625 0.0484167
8 0.873797 0.708698 0.1505 0.103938
8 0.200773 0.414667 0.0918281 0.1055
8 0.642891 0.798094 0.257125 0.0886458
8 0.215984 0.345927 0.045 0.0555625
8 0.753562 0.379427 0.0500938 0.0307292
8 0.283805 0.322802 0.0228594 0.0170208
8 0.660586 0.348073 0.113797 0.0643542