38 0.542539 0.596698 0.216422 0.156896
38 0.6315 0.72926 0.179563 0.257812
38 0.352711 0.819927 0.702953 0.269021
38 0.337539 0.850687 0.223797 0.1815
38 0.122344 0.878958 0.244688 0.242083
38 0.371922 0.620406 0.282969 0.171562
38 0.74793 0.20551 0.117953 0.129396
38 0.457172 0.688292 0.186156 0.127542
38 0.883563 0.263125 0.03875 0.03125
38 0.293969 0.568521 0.586156 0.431042
38 0.730789 0.258042 0.136859 0.0866667
38 0.765539 0.292292 0.149547 0.172083
38 0.809437 0.114896 0.0437813 0.065375
38 0.506922 0.451865 0.21075 0.204021