6 0.138453 0.628292 0.0188437 0.0284583
6 0.154695 0.636562 0.0178906 0.026125
6 0.127719 0.631604 0.0136875 0.0365
6 0.151805 0.622635 0.0360469 0.0216458
6 0.138117 0.645865 0.0105781 0.0189375
6 0.177102 0.633844 0.0105781 0.0163958
6 0.148664 0.648146 0.00995313 0.01975
11 0.833344 0.600354 0.128219 0.0665833
59 0.641438 0.653313 0.015 0.0182083
59 0.612688 0.653073 0.0136562 0.0179375
59 0.650539 0.651615 0.00945312 0.0191458
59 0.626547 0.653885 0.0154687 0.0193958
8 0.488836 0.644094 0.0317344 0.0358958
8 0.532539 0.637052 0.0268594 0.0385208
8 0.521945 0.642042 0.0337656 0.0362083