59 0.467133 0.231875 0.0407344 0.050125
59 0.551422 0.245958 0.0329688 0.040625
59 0.37932 0.48626 0.0407344 0.0382292
59 0.602914 0.576292 0.0362031 0.0258333
59 0.539805 0.26124 0.0382031 0.0444792
59 0.481656 0.34449 0.0371875 0.0498542
59 0.474734 0.273823 0.0361563 0.0528958
59 0.412242 0.420167 0.0396719 0.0385833
59 0.494727 0.253615 0.0322969 0.0444375
59 0.600945 0.553177 0.0344844 0.0328542
59 0.631484 0.305052 0.036 0.0505625
59 0.522867 0.479073 0.0299531 0.0358125
59 0.489453 0.451406 0.0371563 0.0323542
59 0.593406 0.380073 0.037 0.0361042
59 0.380898 0.522052 0.0391406 0.0408542
59 0.417945 0.52474 0.0353906 0.0346458
59 0.417008 0.491448 0.0354844 0.0346042
59 0.461383 0.178427 0.0148281 0.0148958
59 0.553852 0.343427 0.0359844 0.0437708
59 0.494563 0.314885 0.0349062 0.0457292
59 0.414047 0.30825 0.0421562 0.0465833
59 0.424711 0.581292 0.0209219 0.01625
59 0.418055 0.558594 0.0379844 0.0374792
59 0.623344 0.194729 0.0209063 0.0354167
59 0.38082 0.199583 0.0231406 0.0157083
59 0.624297 0.240625 0.0334375 0.0457917
59 0.602039 0.517979 0.0372344 0.040875
59 0.600344 0.448479 0.0361563 0.0347083
59 0.68582 0.577354 0.0217031 0.0339583
59 0.353867 0.194729 0.0363906 0.0434583
59 0.562031 0.225635 0.0115625 0.0161042
59 0.638445 0.518083 0.0371406 0.035625
59 0.447641 0.386344 0.0391875 0.0388958
59 0.60043 0.318594 0.0325156 0.0375625
59 0.543562 0.299104 0.03125 0.0444167
59 0.617266 0.282969 0.0331875 0.0417292
59 0.492227 0.519552 0.0368906 0.0378125
59 0.373703 0.416 0.0391875 0.03925
59 0.663266 0.31626 0.0367813 0.0380208
59 0.652562 0.266125 0.036 0.0320833
59 0.635102 0.453615 0.0345781 0.0352292
59 0.492938 0.555083 0.0378437 0.0366667
59 0.409023 0.347635 0.0380469 0.0446042
59 0.561602 0.414365 0.0356406 0.0373958
59 0.440711 0.278594 0.0376719 0.0522292
59 0.431609 0.211083 0.00825 0.00466667
59 0.521117 0.38075 0.0374844 0.036
59 0.48468 0.385927 0.0353281 0.0360625
59 0.409898 0.385198 0.0362031 0.0358125
59 0.45325 0.491229 0.0382813 0.0366667
59 0.490453 0.483594 0.036125 0.0403125
59 0.51157 0.281854 0.0354844 0.0345
59 0.597047 0.414187 0.03575 0.0399583
59 0.357273 0.269271 0.0322656 0.029375
59 0.566656 0.484354 0.0299375 0.0346667
59 0.638195 0.552531 0.0405156 0.0358542
59 0.573594 0.51901 0.02025 0.0358125
59 0.632828 0.419052 0.037375 0.0382708
59 0.519258 0.228323 0.0374531 0.0485625
59 0.450055 0.420667 0.0376094 0.0349583
59 0.562102 0.309156 0.0353594 0.0451042
59 0.343734 0.235677 0.0105313 0.0366458
59 0.589422 0.250698 0.0385 0.0536042
59 0.575344 0.578656 0.0192187 0.0245208
59 0.381352 0.555781 0.0350469 0.0342292
59 0.495602 0.228396 0.0135469 0.0122917
59 0.3725 0.379198 0.0388125 0.0390208
59 0.521008 0.312479 0.0260156 0.0330833
59 0.665883 0.351271 0.0383594 0.037625
59 0.590945 0.341594 0.0380156 0.0429792
59 0.602727 0.209365 0.0268594 0.0336042
59 0.530141 0.578187 0.0313125 0.0322917
59 0.445547 0.34799 0.0350937 0.0432292
59 0.525062 0.413479 0.0377188 0.0345417
59 0.4525 0.454896 0.0379375 0.03925
59 0.415414 0.456125 0.0379844 0.037125
59 0.446563 0.223562 0.0173125 0.0275417
59 0.648609 0.192156 0.0407187 0.0526458
59 0.326781 0.170146 0.024 0.0169583
59 0.522977 0.513365 0.0285156 0.0366458
59 0.628281 0.344052 0.0388125 0.0461875
59 0.675281 0.548135 0.0356875 0.0328125
59 0.563141 0.450635 0.0401875 0.0378542
59 0.456766 0.526583 0.0362813 0.0356667
59 0.63525 0.486646 0.0359688 0.0355417
59 0.524086 0.547854 0.0275469 0.0389583
59 0.487938 0.419521 0.0388125 0.03675
59 0.579914 0.229552 0.0281719 0.0367292
59 0.598758 0.481958 0.0355469 0.0405
59 0.525773 0.445646 0.0382344 0.033875
59 0.445273 0.248729 0.0244844 0.0275833
59 0.391836 0.285656 0.0338594 0.0227708
59 0.65632 0.229865 0.0356094 0.0443958
59 0.367695 0.342833 0.0444844 0.040625
59 0.382695 0.581417 0.0328906 0.0223333
59 0.569336 0.263583 0.0135781 0.0252083
59 0.517852 0.345521 0.0350156 0.0415
59 0.376688 0.450677 0.0399062 0.0353958
59 0.575461 0.55226 0.0177656 0.0327708
59 0.431867 0.24551 0.00785938 0.0242292
59 0.671891 0.454937 0.0334062 0.0332917
59 0.665875 0.418 0.0322812 0.0357083
59 0.455445 0.559187 0.0383906 0.0336667
59 0.576578 0.289531 0.036375 0.0423958
59 0.670703 0.486219 0.035125 0.0330625
59 0.664008 0.384948 0.0340156 0.0341458
59 0.434602 0.227646 0.0157969 0.0235
59 0.557195 0.38101 0.0346094 0.0343125
59 0.630211 0.383333 0.0380156 0.0382917
59 0.458414 0.31675 0.0388281 0.0452917
59 0.359922 0.294219 0.0294687 0.0266042
59 0.664211 0.28575 0.0346094 0.0317083
59 0.672969 0.518813 0.0341562 0.0335417
24 0.843844 0.313635 0.0239688 0.126979
24 0.816484 0.321146 0.0203438 0.119042
24 0.894648 0.308417 0.0197344 0.128
24 0.902422 0.385958 0.0209375 0.0295
24 0.784781 0.561948 0.033875 0.0319375
24 0.951695 0.318323 0.0231406 0.108812
24 0.690203 0.295385 0.016875 0.118604
24 0.783477 0.312188 0.0229531 0.123
24 0.786719 0.493052 0.0181562 0.0228125
24 0.869148 0.392073 0.0205469 0.0328542
24 0.901906 0.429469 0.01775 0.0214375
24 0.948711 0.512823 0.0210469 0.0236875
24 0.701758 0.251042 0.0121406 0.027625
24 0.969102 0.291312 0.0269219 0.129667
24 0.718633 0.312115 0.0198281 0.122313
24 0.737023 0.318729 0.0214844 0.123958
24 0.740125 0.384875 0.0259062 0.033875
24 0.751094 0.324677 0.0145625 0.109104
24 0.923969 0.577625 0.0227187 0.0259167
24 0.885695 0.509188 0.0167656 0.022
24 0.763586 0.312458 0.0179844 0.130583
24 0.730125 0.260531 0.0155312 0.0451458
24 0.785859 0.289115 0.017125 0.103646
24 0.859336 0.411854 0.0194219 0.0247917
24 0.867891 0.319979 0.0248438 0.112958
24 0.911609 0.313906 0.0247812 0.115979
24 0.933719 0.320937 0.0235625 0.109625
24 0.942023 0.402083 0.0245469 0.0321667
24 0.800578 0.328042 0.0139063 0.09575
24 0.813672 0.537719 0.0248125 0.0263542
24 0.75407 0.432948 0.0118906 0.0192708
24 0.884203 0.321375 0.025375 0.114458
24 0.823844 0.388906 0.0174687 0.0218958
24 0.823484 0.311625 0.027 0.137167
24 0.800008 0.257052 0.0120469 0.0178125
24 0.902594 0.525083 0.0218438 0.0364167
24 0.932648 0.448917 0.0203594 0.0254583
24 0.989898 0.555948 0.0202031 0.0228125
24 0.79218 0.385479 0.0243906 0.0271667
24 0.707422 0.321792 0.0199375 0.12025
6 0.122953 0.6485 0.0184375 0.134
6 0.0453047 0.801198 0.0173906 0.0681875
6 0.218531 0.748896 0.100625 0.0465417
6 0.0702188 0.742573 0.106313 0.0306458
6 0.27143 0.568427 0.0211719 0.119313
6 0.0851484 0.611208 0.0527969 0.12325
6 0.127258 0.835177 0.0284531 0.110979
6 0.0630547 0.815833 0.0231406 0.0724583
6 0.0648281 0.694865 0.0970938 0.0386042
6 0.0703906 0.719417 0.103094 0.031125
6 0.127297 0.729667 0.0424687 0.0239167
6 0.0748516 0.607635 0.0471094 0.106062
6 0.241961 0.569073 0.0458281 0.139521
6 0.238109 0.821896 0.0256875 0.1065
6 0.25375 0.819417 0.0369375 0.112958
6 0.0361094 0.840135 0.0722187 0.0978958
6 0.201492 0.81926 0.0405156 0.0971042
6 0.0487969 0.828229 0.0830625 0.102208
6 0.219109 0.729396 0.0960625 0.057
6 0.214789 0.65499 0.106766 0.0410625
6 0.0795313 0.81426 0.0397813 0.0858542
6 0.138148 0.645021 0.0256719 0.148583
6 0.220234 0.766354 0.102656 0.0395
6 0.249672 0.572792 0.0295 0.119042
6 0.0661406 0.672448 0.0971875 0.0402708
6 0.285984 0.574656 0.0334688 0.132229
6 0.108992 0.835229 0.0342969 0.121458
6 0.0340547 0.601458 0.0351094 0.106
6 0.0401797 0.790792 0.0199219 0.0347917
6 0.216469 0.678438 0.100156 0.03925
6 0.210898 0.698125 0.106391 0.039125
6 0.145922 0.833573 0.027125 0.105438
6 0.207922 0.833333 0.0088125 0.0389167
6 0.199852 0.633344 0.0997344 0.0248125
6 0.109547 0.775208 0.0314063 0.0589583
6 0.220375 0.825646 0.02325 0.104417
6 0.159055 0.825812 0.0409219 0.113625
6 0.0576719 0.766021 0.1 0.031
57 0.945531 0.665375 0.0135312 0.0167083
57 0.753625 0.674354 0.024875 0.015375
57 0.972688 0.71301 0.0181875 0.0163125
57 0.89018 0.664531 0.0147656 0.0217292
57 0.899797 0.828156 0.0281563 0.0313958
57 0.863406 0.825677 0.020875 0.0247708
57 0.869992 0.793635 0.0215469 0.0304792
57 0.758336 0.719677 0.0189844 0.0253125
57 0.979047 0.783698 0.0210625 0.0298125
57 0.888984 0.751656 0.0179687 0.0223125
57 0.890844 0.704396 0.0199063 0.022375
57 0.896922 0.679375 0.0161875 0.0119583
57 0.904445 0.631198 0.0134531 0.0198125
57 0.790445 0.612708 0.0166406 0.024375
57 0.888039 0.799042 0.0206406 0.025875
57 0.872219 0.647531 0.0125625 0.00797917
57 0.741875 0.823458 0.024125 0.0285833
57 0.953344 0.700885 0.0179375 0.0272708
57 0.774133 0.702813 0.0234844 0.022625
57 0.917641 0.837365 0.0109687 0.0104792
57 0.860711 0.6535 0.0164531 0.024125
57 0.939172 0.690865 0.017875 0.0181042
57 0.98582 0.802229 0.0283594 0.0215417
57 0.928422 0.762375 0.018125 0.0244583
57 0.893109 0.787469 0.0163438 0.0161042
57 0.862719 0.605688 0.0129688 0.0198333
57 0.969977 0.65275 0.0204531 0.022875
57 0.928211 0.745302 0.0172031 0.0222292
57 0.842258 0.723292 0.0164531 0.0223333
57 0.786172 0.74675 0.0194375 0.0229167
57 0.986336 0.679948 0.0153594 0.0233125
57 0.809352 0.793583 0.0140781 0.0225417
57 0.951063 0.780052 0.0252188 0.0290208
57 0.773461 0.804021 0.0140156 0.0141667
57 0.836398 0.652344 0.0136406 0.0275625
57 0.758023 0.809969 0.0225469 0.0289375
57 0.794516 0.802552 0.0212812 0.0213542
57 0.782938 0.790865 0.021 0.0255625
57 0.880719 0.671625 0.0188125 0.0247917
57 0.838117 0.623281 0.0193281 0.0226458
57 0.854547 0.805833 0.0254063 0.0255
57 0.90368 0.693792 0.0212969 0.0230833
57 0.823281 0.727229 0.0165937 0.0186667
57 0.821766 0.664083 0.0168437 0.0316667
57 0.750914 0.692406 0.0230469 0.0331875
57 0.728141 0.652062 0.0169375 0.027
57 0.73743 0.664062 0.0182656 0.0268333
57 0.730711 0.63026 0.0232969 0.0242708
57 0.783305 0.701781 0.0144531 0.0272708
57 0.964617 0.640375 0.0183594 0.0130833
57 0.872977 0.717083 0.0201719 0.0246667
57 0.807063 0.655781 0.0115625 0.0217708
57 0.753711 0.77901 0.0196719 0.0212708
57 0.947719 0.725031 0.0223438 0.0226458
57 0.912312 0.751073 0.0232812 0.0268542
57 0.710164 0.729615 0.0243906 0.0261875
57 0.775406 0.654604 0.0124688 0.016625
57 0.854383 0.678729 0.0172656 0.0196667
57 0.808984 0.750146 0.0162813 0.020625
57 0.856102 0.778115 0.0243594 0.0360208
57 0.914297 0.676042 0.0206563 0.02975
57 0.715336 0.673052 0.0173594 0.0281042
57 0.973805 0.668385 0.0177344 0.0179375
57 0.780977 0.618812 0.0173281 0.021625
57 0.803305 0.612115 0.0128594 0.0191458
57 0.911687 0.787417 0.0218438 0.0246667
57 0.706289 0.623156 0.0115156 0.0201458
57 0.916203 0.772365 0.0180312 0.0240625
57 0.924523 0.805781 0.0233594 0.0264375
57 0.764062 0.743698 0.014125 0.0316042
57 0.751555 0.624604 0.0206406 0.0243333
57 0.850258 0.696542 0.0146719 0.02025
57 0.938266 0.731406 0.014875 0.0176458
57 0.815641 0.701375 0.019625 0.0198333
57 0.850258 0.8325 0.0208594 0.0261667
57 0.796109 0.634427 0.01075 0.0110208
57 0.738305 0.738458 0.0256719 0.0250417
57 0.823984 0.740604 0.0156563 0.0137917
57 0.703141 0.781271 0.0169375 0.017625
57 0.902156 0.725531 0.015625 0.0236458
57 0.985633 0.64224 0.0261094 0.0258125
57 0.820852 0.779781 0.0206094 0.0219375
57 0.796945 0.760062 0.0235781 0.0269167
57 0.759453 0.623448 0.00946875 0.0213958
57 0.748547 0.799365 0.0182812 0.0360208
57 0.807922 0.627052 0.0169687 0.0162292
57 0.823672 0.833625 0.0239063 0.0255833
57 0.790727 0.838448 0.0187656 0.0187292
57 0.973797 0.625771 0.0237813 0.02225
57 0.739625 0.781083 0.0179063 0.0215833
57 0.849734 0.603354 0.0152187 0.0190833
57 0.959484 0.80674 0.0280313 0.0306875
57 0.751242 0.762323 0.0160156 0.0126042
57 0.852617 0.758958 0.0110781 0.0189583
57 0.880133 0.781042 0.0227969 0.019625
57 0.715344 0.816365 0.0215 0.0256042
57 0.869875 0.696563 0.0264375 0.0239583
57 0.908273 0.710906 0.0196094 0.0183542
57 0.941844 0.609729 0.0203125 0.024875
57 0.954391 0.657625 0.0154375 0.0230833
57 0.86843 0.768375 0.0188594 0.02225
57 0.932703 0.782354 0.0154687 0.0265
57 0.778164 0.831823 0.0144844 0.0187292
57 0.896086 0.64101 0.0154219 0.0153542
57 0.848711 0.791125 0.0134844 0.0124167
57 0.949125 0.830469 0.0214062 0.0237292
57 0.941914 0.771417 0.0149531 0.0195417
57 0.734289 0.701552 0.0235156 0.0219792
57 0.94632 0.624417 0.0150469 0.0182083
57 0.875555 0.598573 0.0190156 0.0275625
57 0.831898 0.690125 0.0157656 0.0194167
57 0.826289 0.785448 0.0179219 0.0123125
57 0.923609 0.693375 0.0210625 0.023375
57 0.78618 0.665958 0.0153594 0.0127083
57 0.727516 0.80226 0.0222188 0.0258125
57 0.948398 0.644031 0.0150469 0.0211042
57 0.814508 0.68176 0.0188906 0.0191042