43 0.829281 0.548627 0.195621 0.473301
43 0.700735 0.746634 0.108072 0.197353
43 0.589796 0.369232 0.0689379 0.0923203
43 0.501871 0.867663 0.108742 0.125163
43 0.640891 0.729281 0.263513 0.391176
43 0.639951 0.376732 0.0386928 0.044085
44 0.428031 0.461601 0.0868791 0.0836601
44 0.517304 0.574346 0.0756536 0.0736601
44 0.433096 0.348391 0.0910294 0.0941013
44 0.569281 0.509493 0.0916013 0.0935948
44 0.525515 0.422835 0.0964542 0.0879575
44 0.338971 0.452696 0.0883333 0.0893791
44 0.453007 0.53616 0.0794771 0.0712092