43 0.738297 0.335552 0.123469 0.115354
43 0.774109 0.516406 0.0806562 0.157562
43 0.40968 0.209865 0.0437969 0.0174792
43 0.776539 0.363229 0.0592031 0.0831667
43 0.296563 0.406562 0.069125 0.0370833
43 0.747242 0.643042 0.132703 0.122917
43 0.244984 0.433719 0.0667188 0.0176875
43 0.208555 0.418698 0.0340469 0.106396
43 0.725375 0.290385 0.142687 0.151521
43 0.160266 0.375646 0.037375 0.098875
43 0.277383 0.19376 0.0463906 0.0476042
43 0.444789 0.141333 0.0646094 0.034875
43 0.779836 0.581031 0.113078 0.0676875
43 0.421086 0.227427 0.0554219 0.0426875