59 0.20699 0.366016 0.0765625 0.0429688
59 0.397365 0.94443 0.113312 0.0992656
59 0.299917 0.0739297 0.04075 0.0256406
59 0.464969 0.547109 0.0557292 0.044875
59 0.841781 0.754312 0.0525625 0.0685625
59 0.406719 0.0928906 0.0480208 0.0380937
59 0.308875 0.38782 0.045125 0.0484531
59 0.254885 0.502758 0.0978958 0.0568594
59 0.0680625 0.447664 0.04675 0.0315156
59 0.133156 0.114484 0.0321458 0.0360625
59 0.168635 0.0342969 0.0188958 0.0246875
59 0.571573 0.763281 0.136979 0.0664062
59 0.355302 0.354398 0.0405625 0.0340469
59 0.0753646 0.0724297 0.0259792 0.0382031
59 0.164521 0.0649297 0.0404167 0.0366719
59 0.353812 0.556281 0.0735 0.0325625
59 0.293604 0.116148 0.03425 0.0239844
59 0.45974 0.366445 0.0222708 0.0186094
59 0.558573 0.445328 0.0201042 0.0189062
59 0.576094 0.395563 0.0510208 0.030625
11 0.77724 0.574102 0.0526458 0.0322969
11 0.71776 0.896836 0.152896 0.136672
11 0.448896 0.0380937 0.0977917 0.044375
11 0.400375 0.444094 0.126458 0.119375
11 0.0878333 0.75743 0.161708 0.123078
11 0.23024 0.409492 0.0628958 0.0605156
11 0.327688 0.347867 0.0964167 0.0556406
11 0.31801 0.905289 0.0998542 0.0998281
11 0.659385 0.77718 0.0372708 0.0322969
11 0.369552 0.0778672 0.0453125 0.0381094
11 0.682365 0.788461 0.0741875 0.0405156
11 0.462313 0.641445 0.0602083 0.0442969
11 0.0476562 0.513328 0.0492292 0.0287187
11 0.742667 0.822398 0.079 0.0440156
11 0.524021 0.708109 0.0617917 0.0463438
11 0.15826 0.667563 0.125479 0.0771875
11 0.264115 0.584352 0.0903958 0.0565469
11 0.603885 0.686688 0.0753542 0.100562
11 0.239333 0.452508 0.132625 0.0600156
11 0.420135 0.354898 0.129229 0.0749219
42 0.712698 0.7665 0.0931042 0.0600625
42 0.381969 0.725562 0.0776042 0.0725625
42 0.147208 0.813633 0.205792 0.0985156
42 0.571073 0.945742 0.144146 0.0711719
42 0.452177 0.0765469 0.0840208 0.0385937
42 0.52476 0.129359 0.104604 0.0428125
42 0.882448 0.873797 0.196146 0.158938
42 0.936042 0.225383 0.0782917 0.0635781
42 0.208948 0.154609 0.0611875 0.0412813