34 0.571109 0.405897 0.0434375 0.0421026
34 0.368086 0.141526 0.0414219 0.0414103
34 0.604859 0.516064 0.132688 0.0716154
34 0.374352 0.445949 0.0726406 0.0717949
34 0.795195 0.388038 0.0532969 0.0794615
34 0.339758 0.442769 0.0747656 0.086359
34 0.470992 0.160744 0.0912344 0.0384615
34 0.640227 0.418154 0.138391 0.0746667
34 0.546438 0.389231 0.0529063 0.0280513
34 0.454695 0.431282 0.0566406 0.0783077
34 0.496969 0.458103 0.051625 0.0928718
34 0.408203 0.117346 0.0325625 0.0382821
34 0.707789 0.442026 0.0827031 0.100769
34 0.439914 0.180256 0.0398281 0.0282051
34 0.374164 0.231731 0.0377031 0.0363333
34 0.528141 0.464487 0.0385937 0.0397436
34 0.260383 0.458231 0.0594531 0.0843077
34 0.481523 0.392603 0.0423281 0.0409487
34 0.427719 0.421513 0.0401562 0.0517949
34 0.392266 0.121333 0.0159375 0.0189744
34 0.860227 0.365974 0.0310469 0.0310256
34 0.520734 0.431282 0.0498437 0.0551282
34 0.577312 0.156705 0.0717187 0.0414615
34 0.537617 0.150603 0.0195469 0.0209487
34 0.56325 0.169667 0.0259375 0.0135897
34 0.754844 0.316269 0.0316563 0.0432051
34 0.440422 0.376795 0.0765312 0.0424103
34 0.775492 0.472295 0.0402344 0.0490513
34 0.659758 0.200987 0.0436406 0.0355128
34 0.488555 0.136179 0.0261719 0.0445641
34 0.280805 0.217564 0.0319531 0.0842051