14 0.299073 0.471734 0.0355208 0.0240313
14 0.527146 0.688461 0.100167 0.0507656
14 0.537375 0.363406 0.0947917 0.052
14 0.306729 0.21275 0.048875 0.0387188
14 0.727438 0.660508 0.0729167 0.0682031
14 0.470135 0.476289 0.0379375 0.0269219
14 0.250833 0.504766 0.059 0.0449062
14 0.362104 0.531695 0.114708 0.0857969
14 0.283385 0.417953 0.0591458 0.0323125
14 0.342208 0.198641 0.019375 0.0600625
14 0.347479 0.642758 0.0547083 0.0469219
14 0.523906 0.457375 0.0467292 0.0274375
14 0.699167 0.611078 0.0560833 0.054875
14 0.542938 0.476383 0.0282083 0.0181719
14 0.452458 0.524469 0.06025 0.0307812
14 0.46876 0.629719 0.106729 0.0763438
14 0.481708 0.41293 0.0268333 0.0252656
14 0.282115 0.613766 0.0810208 0.0889687
14 0.66874 0.468289 0.0405625 0.0279219
14 0.796719 0.605133 0.0560625 0.0682031
14 0.296083 0.24393 0.0248333 0.0372344
14 0.316792 0.266211 0.0283333 0.0247969
14 0.759833 0.481477 0.0887083 0.0268906
14 0.7355 0.523219 0.071 0.0330625
14 0.326813 0.406289 0.0468333 0.0356406
14 0.799635 0.538969 0.0687292 0.0687187
14 0.273198 0.439844 0.0291458 0.0290625
14 0.548115 0.61168 0.0313125 0.0320781
14 0.675719 0.564328 0.0558542 0.0496562