1 0.931078 0.798056 0.0401875 0.0477283
1 0.615492 0.837365 0.0351094 0.0495785
1 0.701406 0.82219 0.0305625 0.0365574
1 0.863367 0.81685 0.0438281 0.0666276
1 0.853695 0.765644 0.0321719 0.04637
1 0.0169687 0.947799 0.0305625 0.0560656
1 0.0164375 0.982963 0.032875 0.0340749
1 0.120867 0.916265 0.0313906 0.047377
1 0.773883 0.791066 0.0315156 0.0516393
1 0.127547 0.886944 0.041 0.0440515
1 0.0375078 0.931686 0.0417344 0.0638876
1 0.731836 0.883735 0.0367344 0.0568852
1 0.796828 0.833009 0.0358438 0.0461593
1 0.369188 0.898525 0.0394375 0.0473068
1 0.970883 0.812728 0.0424219 0.0499063
1 0.757836 0.883618 0.0296406 0.0440515
1 0.609125 0.895035 0.0336562 0.0545199
1 0.822195 0.763478 0.0316094 0.0477518
1 0.802945 0.797213 0.0260781 0.0392037
1 0.79857 0.789344 0.0320156 0.0427635
1 0.898867 0.830176 0.0408281 0.0568384
1 0.599688 0.815363 0.0311875 0.0439813
1 0.543203 0.916674 0.0334688 0.0520375
1 0.830297 0.850515 0.036 0.0541452
1 0.644867 0.826405 0.0355469 0.0466745
1 0.809102 0.862272 0.0334844 0.0508197
1 0.432781 0.860656 0.0594375 0.0800937
1 0.434391 0.955398 0.0496875 0.0711241
1 0.159414 0.919075 0.0473906 0.0666745
1 0.0137969 0.908033 0.0275938 0.0268852
1 0.531242 0.839719 0.0503281 0.0832319
1 0.674523 0.900972 0.0401406 0.0305152
1 0.518219 0.921288 0.0315937 0.0464637
1 0.705211 0.87952 0.0281094 0.0474239
1 0.903305 0.805199 0.0409219 0.0429977
1 0.732602 0.858197 0.0317031 0.0218267
1 0.716055 0.80856 0.0337344 0.0536066
1 0.87943 0.770293 0.0334531 0.0350117
1 0.144344 0.977014 0.0486875 0.0425527
1 0.625375 0.913677 0.04275 0.0576112
48 0.534781 0.807073 0.0558125 0.062904
48 0.432711 0.862143 0.0615469 0.0799297
48 0.334711 0.893829 0.0430469 0.0766979
48 0.369547 0.898454 0.0389062 0.0441686
48 0.300102 0.902213 0.0549531 0.0797424
48 0.502727 0.934473 0.0520469 0.0579391
48 0.410195 0.964836 0.0731094 0.0678454
48 0.435383 0.955703 0.0512969 0.0721546
48 0.518227 0.921323 0.0272031 0.0466276
48 0.553328 0.932002 0.0322188 0.051733
48 0.543305 0.914801 0.0344844 0.0514286
48 0.531086 0.839415 0.0508281 0.0836534