38 0.709677 0.955438 0.0885625 0.0441875
38 0.674292 0.934836 0.028 0.0139219
38 0.683188 0.966141 0.151292 0.0677188
38 0.822615 0.978258 0.0429792 0.0342656
38 0.730323 0.899617 0.0466875 0.0343281
38 0.634594 0.888391 0.0629375 0.0574063
38 0.771687 0.94918 0.0154583 0.0125156
38 0.787427 0.966422 0.0281458 0.0201563
38 0.779146 0.988039 0.0207083 0.0178594
38 0.638917 0.93225 0.0414583 0.0261562
38 0.565802 0.927148 0.0237292 0.0403281
38 0.658958 0.909797 0.0515833 0.0189375
38 0.613708 0.931492 0.020875 0.0154219
38 0.6095 0.961461 0.0457917 0.0397969
38 0.697229 0.904586 0.0534583 0.0205781
38 0.812115 0.971844 0.0373958 0.0286563
38 0.734865 0.938953 0.0357708 0.0197813
38 0.780135 0.940266 0.0368958 0.021
38 0.789156 0.911344 0.0489375 0.0576875
38 0.688698 0.982531 0.0286458 0.0164687
38 0.553375 0.956047 0.0189583 0.0119688
59 0.887198 0.907914 0.0378958 0.0332031
59 0.862052 0.951336 0.0467708 0.0533594
59 0.835969 0.854219 0.0452708 0.0248125
59 0.842562 0.872453 0.0254583 0.0179063
59 0.753292 0.883805 0.051375 0.0576406
59 0.820385 0.866945 0.0465208 0.0330156