44 0.45603 0.439293 0.23098 0.290213
44 0.64404 0.414093 0.37184 0.175547
44 0.2911 0.283587 0.13172 0.107707
44 0.63097 0.260067 0.22494 0.0721867
44 0.50863 0.338853 0.28214 0.172587
44 0.67196 0.310293 0.19268 0.0580267
44 0.6346 0.197227 0.23164 0.0710933
44 0.31039 0.484573 0.15574 0.187653
44 0.3531 0.24792 0.1046 0.136053
6 0.72762 0.540813 0.2222 0.243547
6 0.11006 0.48684 0.171 0.154693
6 0.15439 0.578733 0.19626 0.113307
6 0.85997 0.257067 0.12494 0.0674667
6 0.51952 0.117573 0.10856 0.0904
6 0.63311 0.685107 0.20298 0.19
6 0.87963 0.42384 0.2175 0.138453
6 0.73876 0.139573 0.11964 0.0868267
6 0.38717 0.11844 0.11442 0.0902133
6 0.0589 0.40384 0.1178 0.17088
6 0.30825 0.617213 0.16874 0.136453
6 0.43793 0.68256 0.18962 0.1192
6 0.81759 0.18084 0.1655 0.136187
6 0.30066 0.176813 0.1178 0.0932533
6 0.47814 0.163413 0.15904 0.0934933
6 0.62344 0.09876 0.11196 0.11992
6 0.86295 0.305947 0.2179 0.12416
6 0.17515 0.22196 0.13498 0.0836
6 0.11281 0.31408 0.12398 0.13264