6 0.0368267 0.19418 0.0641452 0.0527031
6 0.562389 0.27693 0.167728 0.133484
6 0.263653 0.303695 0.429368 0.134047
6 0.240878 0.26893 0.412248 0.0980156
6 0.626815 0.189375 0.0669321 0.07225
6 0.198091 0.171602 0.0568852 0.0954531
6 0.166241 0.220141 0.0485948 0.0616563
6 0.57637 0.208508 0.037377 0.0391719
6 0.0991101 0.224664 0.1963 0.216828
6 0.478981 0.195586 0.107002 0.0626094
6 0.201792 0.307609 0.279602 0.0438125
6 0.72185 0.280367 0.187963 0.107234
6 0.527717 0.255641 0.141944 0.0720313
6 0.303852 0.228984 0.0609602 0.0387813
6 0.0455152 0.336266 0.0910304 0.0617188
6 0.357951 0.212211 0.109157 0.0454219
6 0.532728 0.201687 0.0623653 0.063125
6 0.243653 0.235969 0.0622482 0.0525312
33 0.127869 0.477508 0.255738 0.0608906
33 0.20589 0.384906 0.408267 0.057875
33 0.187588 0.432875 0.363185 0.0922813
33 0.115948 0.501641 0.231897 0.0498125
33 0.0696838 0.576688 0.139368 0.0488438
33 0.0692857 0.40693 0.138571 0.0488281
33 0.238794 0.454203 0.144848 0.0299687
14 0.835843 0.755484 0.298571 0.291563
14 0.693735 0.565727 0.253466 0.241047
14 0.630515 0.407102 0.43911 0.217016
14 0.72623 0.901469 0.213911 0.189437
14 0.208536 0.826125 0.394637 0.13625
14 0.170152 0.777578 0.340304 0.1665
14 0.24534 0.5835 0.183232 0.112406
14 0.171464 0.491273 0.247143 0.0538594
14 0.641581 0.675023 0.275386 0.219641
14 0.0706206 0.690766 0.141241 0.0725937
14 0.618946 0.530938 0.100656 0.0472187
14 0.203735 0.535188 0.220632 0.0370313
14 0.270726 0.870289 0.538033 0.234266
14 0.403208 0.637492 0.310726 0.0626094
14 0.936909 0.770539 0.126183 0.241109
14 0.332963 0.497234 0.232342 0.0663438
14 0.523595 0.808148 0.365504 0.178359
14 0.904836 0.551789 0.190328 0.186984
14 0.335796 0.57775 0.0571663 0.0327188
14 0.347459 0.711523 0.230375 0.0667344
14 0.790843 0.445234 0.0305386 0.0306875
14 0.138103 0.600711 0.17733 0.0634844
14 0.314754 0.453813 0.483888 0.109438
14 0.327237 0.594164 0.193115 0.0539844
14 0.52397 0.587133 0.291358 0.0934531
14 0.488232 0.495766 0.389532 0.147812
14 0.521089 0.935406 0.159133 0.105625
14 0.33308 0.728867 0.179461 0.0627656
14 0.267389 0.615781 0.411077 0.0694375
14 0.795738 0.817047 0.181452 0.145875
14 0.88363 0.62732 0.23274 0.211422
14 0.949555 0.91343 0.10089 0.126328
14 0.0397892 0.693109 0.0772365 0.051125
14 0.0658548 0.610469 0.13171 0.0523438
14 0.14555 0.536766 0.28623 0.05025
14 0.103138 0.703969 0.0922717 0.0776563
14 0.230749 0.664922 0.238642 0.0466875
14 0.513009 0.740977 0.357635 0.221609
14 0.501721 0.393453 0.345269 0.130344
14 0.780808 0.804961 0.241569 0.0191719