43 0.077113 0.501734 0.0853556 0.0765625
43 0.293149 0.357414 0.0579707 0.0339219
43 0.346527 0.479867 0.0751464 0.0611094
43 0.277458 0.555555 0.0428661 0.0305781
43 0.200837 0.474703 0.0728452 0.0519063
43 0.293902 0.452875 0.0548326 0.0450938
43 0.12863 0.308312 0.0544561 0.02325
42 0.22863 0.404164 0.105544 0.0777344
42 0.183065 0.272219 0.0790167 0.0880313
42 0.129676 0.257484 0.0791423 0.034625
42 0.169425 0.340664 0.0867155 0.0630156
42 0.3166 0.458563 0.12613 0.0741875
42 0.347103 0.480664 0.0818619 0.0630156
42 0.256454 0.272305 0.0939121 0.0520156
42 0.224603 0.313867 0.0615063 0.0529219