6 0.46643 0.393271 0.0178594 0.0149583
6 0.569055 0.401688 0.0235156 0.01775
6 0.426891 0.500979 0.0243125 0.0652083
6 0.672383 0.435052 0.0602031 0.0463958
6 0.55193 0.452448 0.0317344 0.0469792
6 0.598352 0.380385 0.00614063 0.0018125
6 0.568328 0.537885 0.0652188 0.0659375
6 0.763484 0.421594 0.0511875 0.0708958
6 0.423992 0.497354 0.0331406 0.066125
6 0.756141 0.426708 0.040625 0.057125
6 0.264992 0.0534687 0.00942187 0.0223125
6 0.46182 0.423302 0.0153906 0.0450625
6 0.356656 0.386302 0.0304063 0.0184792
6 0.769484 0.419948 0.0571562 0.0605625
6 0.466961 0.503594 0.0380781 0.0728125
6 0.584125 0.448594 0.04 0.0812708
6 0.495172 0.423333 0.0275 0.0169167
6 0.454344 0.502688 0.0350625 0.0746667
6 0.497781 0.381927 0.01 0.0105208
6 0.594008 0.471448 0.0267969 0.0623958
6 0.519195 0.396969 0.0384531 0.0374375
6 0.637133 0.38075 0.0379531 0.0264583
6 0.510461 0.495125 0.0230781 0.06
6 0.469695 0.38175 0.0132656 0.0212917
6 0.695305 0.389698 0.0285781 0.0164375
6 0.536312 0.39151 0.007125 0.0107708
6 0.610672 0.476844 0.0157813 0.0792292
6 0.479773 0.457469 0.0297969 0.0194792
6 0.712086 0.404646 0.0224219 0.0224167
6 0.379578 0.0318333 0.007125 0.0265417
6 0.126437 0.0558021 0.0111562 0.0196875
6 0.454656 0.418771 0.0208438 0.0395
6 0.425281 0.4 0.0119063 0.043375
6 0.373875 0.0256354 0.0123125 0.0292292
6 0.372836 0.410375 0.0155781 0.0183333
6 0.497023 0.494417 0.0153906 0.06
6 0.741125 0.430073 0.02475 0.0546042
6 0.55457 0.438427 0.0347344 0.0342708
6 0.590563 0.385 0.0290312 0.0310417
6 0.679141 0.455406 0.0423437 0.0445625
6 0.404852 0.406719 0.0380781 0.0302708
6 0.586547 0.46475 0.0342187 0.062875
6 0.435484 0.506719 0.030375 0.0611875
6 0.47157 0.421406 0.00948437 0.0449375
6 0.528273 0.477313 0.0337344 0.0396667
6 0.444625 0.505313 0.0323125 0.0664167
6 0.494492 0.432125 0.0247031 0.0137917
6 0.497344 0.406927 0.0223125 0.0205208
6 0.548805 0.410417 0.0277344 0.0139167
6 0.379664 0.410177 0.00607813 0.0140625
6 0.635242 0.470865 0.0392344 0.100521
6 0.388734 0.0321771 0.00903125 0.0289792
6 0.364234 0.414542 0.0209688 0.0166667
6 0.446055 0.362781 0.0148594 0.00977083
6 0.54957 0.396365 0.0236719 0.0263542
6 0.719117 0.455385 0.0342344 0.0292292
6 0.355133 0.403594 0.0355781 0.0271875
6 0.622984 0.478646 0.0261562 0.094625
6 0.486094 0.466792 0.022875 0.0217917
6 0.70975 0.436031 0.0530625 0.0363958
6 0.354672 0.409365 0.0306875 0.0231042
6 0.107 0.0512813 0.00615625 0.0210208
6 0.563094 0.382177 0.03325 0.0221875
6 0.687727 0.402563 0.0134531 0.0266667
6 0.472672 0.49525 0.0424375 0.0761667
6 0.704406 0.388083 0.0340312 0.0166667
6 0.393648 0.0248958 0.0107031 0.0184583
6 0.446805 0.379854 0.0116719 0.0114167
6 0.482625 0.442062 0.027375 0.0217083
6 0.116742 0.0576042 0.00507813 0.024375
6 0.669914 0.40026 0.0155781 0.0271875
6 0.506664 0.519333 0.0180469 0.031125
6 0.455008 0.379688 0.00645312 0.00991667
6 0.609164 0.393615 0.0577344 0.0281875
6 0.665289 0.4685 0.0321406 0.0452083
6 0.559508 0.42551 0.0396094 0.0253958
6 0.490555 0.47774 0.0196094 0.0343542
6 0.573492 0.531479 0.0678594 0.05925
6 0.269023 0.0434583 0.00904687 0.01975
6 0.43907 0.387042 0.0152656 0.0190417
6 0.60293 0.474812 0.0197344 0.0707083
6 0.717945 0.410833 0.0117344 0.0159583
6 0.772188 0.403625 0.0661875 0.0564167
6 0.498055 0.440208 0.0250156 0.018875
6 0.418648 0.4 0.0132656 0.0430833
6 0.489711 0.391844 0.0265469 0.0174375
6 0.559422 0.387812 0.02875 0.020375
6 0.545492 0.537844 0.0270469 0.0536042
6 0.510414 0.447177 0.00923437 0.0174375
6 0.476273 0.37625 0.0237031 0.0229583
6 0.44118 0.403802 0.0328281 0.0402292
6 0.577242 0.511406 0.0719219 0.0561458
6 0.443539 0.371958 0.0154844 0.0121667
6 0.419828 0.489604 0.036125 0.0596667
6 0.520367 0.481333 0.0246094 0.0359167
6 0.432437 0.395792 0.0110312 0.0272917
6 0.711734 0.46276 0.0339375 0.0266458
6 0.476922 0.414615 0.0115312 0.0343542
6 0.680195 0.403802 0.0112969 0.0271042
6 0.128555 0.0514375 0.0150156 0.0169167
6 0.54893 0.45551 0.0322969 0.0489792
6 0.700609 0.378719 0.0273125 0.0123125
6 0.399055 0.0174583 0.00698437 0.018625
6 0.528727 0.382312 0.0121094 0.0120417
6 0.690938 0.397677 0.017125 0.0236042
6 0.127594 0.0459375 0.01225 0.0142083
6 0.722977 0.415083 0.00917187 0.017125
6 0.448109 0.415771 0.0267188 0.0412917
6 0.525375 0.537948 0.0151875 0.0394792
6 0.657828 0.405 0.0284375 0.0285417
6 0.575297 0.523906 0.068 0.0591458
6 0.516062 0.530427 0.0125 0.0322708
6 0.705734 0.403042 0.0237188 0.0195
6 0.670094 0.457052 0.052125 0.0551458
6 0.394031 0.410313 0.0188437 0.0184583
6 0.65525 0.400479 0.0396562 0.03525
6 0.526766 0.377906 0.0323437 0.0140208
6 0.731188 0.430385 0.0157813 0.0515208
6 0.384805 0.395313 0.0134531 0.0120417
6 0.275125 0.0458437 0.0127188 0.0210625
6 0.384922 0.411448 0.00725 0.0138958
6 0.421234 0.461667 0.0307812 0.024875
6 0.271852 0.0668333 0.00670312 0.01025
6 0.348711 0.423854 0.00510938 0.003875
6 0.606469 0.420833 0.0326875 0.0340833
51 0.638539 0.219615 0.0196094 0.0402708
51 0.610695 0.189417 0.0184531 0.0312083
51 0.648336 0.225469 0.0134844 0.0289792
51 0.587289 0.22525 0.0171094 0.0315417
51 0.623805 0.23126 0.0127344 0.0175208
51 0.626188 0.193687 0.0169687 0.0287917
51 0.577133 0.221021 0.0139219 0.0348333
51 0.608437 0.218187 0.014875 0.0423333
51 0.584695 0.20551 0.0109531 0.0192292
51 0.617898 0.212094 0.0139531 0.0306458
51 0.596008 0.206385 0.0155781 0.0343542
51 0.597898 0.228833 0.0111094 0.02275
61 0.395609 0.169354 0.029625 0.0315417
61 0.331813 0.143594 0.0273125 0.0220625
61 0.440445 0.164344 0.0139844 0.0161458
61 0.373758 0.151333 0.0297656 0.0366667
61 0.4055 0.197094 0.0261875 0.0216875
61 0.343836 0.162042 0.0200469 0.029375
61 0.364672 0.194708 0.01925 0.0190417
61 0.334773 0.177333 0.0226719 0.032
61 0.426664 0.163885 0.0258281 0.0209792
61 0.343383 0.194302 0.0257656 0.0238125
61 0.415367 0.157052 0.0159531 0.0269375
61 0.319117 0.196896 0.0232656 0.02025
61 0.319086 0.160635 0.0161094 0.0330208