59 0.51608 0.436787 0.03344 0.0452533
59 0.09108 0.386533 0.10816 0.115733
59 0.39605 0.320373 0.0349 0.0475733
59 0.47172 0.4318 0.03596 0.0477067
59 0.43896 0.308507 0.03136 0.0317867
59 0.06682 0.43776 0.07304 0.0916267
59 0.54633 0.40692 0.03278 0.04312
59 0.21027 0.358853 0.05846 0.0705067
59 0.44576 0.40244 0.03384 0.0484533
59 0.5353 0.307133 0.02084 0.0169333
59 0.57306 0.341787 0.02788 0.0384533
59 0.14473 0.44648 0.08334 0.0587733
59 0.39197 0.3612 0.02386 0.0397333
59 0.47125 0.469347 0.03306 0.0295733
59 0.22682 0.43288 0.08884 0.0958933
59 0.34886 0.373587 0.03076 0.042
59 0.50018 0.3086 0.03364 0.04744
59 0.15581 0.316067 0.07178 0.1012
59 0.38265 0.400413 0.03114 0.04344
59 0.39975 0.456413 0.0349 0.03416
59 0.47504 0.318493 0.02084 0.01688
59 0.49235 0.45992 0.02962 0.04256
59 0.24173 0.364973 0.08126 0.0719733
59 0.54579 0.448187 0.03094 0.0399467
59 0.42317 0.43808 0.02826 0.0433067
59 0.58513 0.41128 0.0323 0.0384533
59 0.46207 0.373307 0.01806 0.0349867
59 0.48292 0.348453 0.03808 0.0492267
59 0.55415 0.320173 0.02942 0.0407733
59 0.59216 0.34724 0.0322 0.0446133
59 0.43913 0.327587 0.03654 0.0350133
59 0.56484 0.400773 0.02652 0.04768
59 0.35614 0.41488 0.03076 0.0403733
59 0.52796 0.333067 0.03352 0.0454933
59 0.49105 0.407307 0.03346 0.0453867
59 0.51725 0.40572 0.02442 0.0297333
59 0.49498 0.374227 0.035 0.03768
59 0.37175 0.353747 0.02938 0.0301067
59 0.37133 0.37936 0.0275 0.03104
59 0.5281 0.37644 0.03532 0.0461067
59 0.51131 0.358347 0.0229 0.0259733
59 0.42893 0.47052 0.02942 0.0236
59 0.37135 0.439187 0.0317 0.0441867
59 0.55321 0.35936 0.0275 0.0381867
59 0.41505 0.38476 0.0371 0.0454133
59 0.41167 0.354907 0.02418 0.0309333
59 0.3999 0.422653 0.03468 0.0412533
59 0.44899 0.445627 0.03658 0.0493867
59 0.17931 0.394973 0.06134 0.07752
59 0.44047 0.355893 0.0373 0.0441067
14 0.74675 0.77672 0.0603 0.16192
14 0.5685 0.715253 0.02912 0.100053
14 0.67034 0.775173 0.03428 0.141493
14 0.59051 0.723587 0.0375 0.09384
14 0.68655 0.706973 0.0337 0.119653
14 0.60711 0.753627 0.03418 0.201333
14 0.54495 0.72632 0.03914 0.20464
14 0.86187 0.805 0.06634 0.13512
14 0.82927 0.825827 0.05966 0.199387
14 0.78423 0.7812 0.10194 0.210507
14 0.71608 0.672147 0.04132 0.03912
14 0.6266 0.73212 0.05936 0.102533
14 0.76261 0.680893 0.0661 0.0443467
14 0.7069 0.775013 0.04188 0.1856
14 0.73082 0.689667 0.01784 0.0246667
14 0.58302 0.744573 0.01708 0.128293
14 0.68337 0.86248 0.02322 0.0341867
14 0.64301 0.76852 0.0425 0.223867