38 0.559562 0.107767 0.0609375 0.0860217
38 0.587797 0.224051 0.130406 0.149693
38 0.289234 0.469928 0.181406 0.732116
38 0.750977 0.184774 0.108672 0.189873
38 0.135289 0.537342 0.0613281 0.132297
38 0.334492 0.057387 0.0623906 0.0687703
38 0.487969 0.231031 0.151719 0.399494
38 0.641125 0.156175 0.128156 0.102333
38 0.0964766 0.384376 0.161453 0.220651
52 0.727617 0.346863 0.110641 0.156582
52 0.734922 0.473246 0.0761875 0.115642
52 0.779203 0.483183 0.0653125 0.117179
52 0.82675 0.370416 0.06525 0.142459
52 0.785328 0.357821 0.0887813 0.163345
14 0.823055 0.655633 0.0671094 0.128481
14 0.968023 0.634973 0.0639531 0.0590235
14 0.893906 0.565181 0.0587188 0.0545208
14 0.443492 0.391555 0.0458594 0.224882
14 0.877234 0.66981 0.0596563 0.159222
14 0.892797 0.600552 0.124406 0.173906
14 0.879148 0.532532 0.101453 0.151175
14 0.421305 0.354557 0.0322344 0.11302
14 0.828023 0.566664 0.0421094 0.195533
14 0.901664 0.510271 0.0872031 0.0786618
14 0.364422 0.403626 0.0356875 0.328879
46 0.632586 0.654928 0.182703 0.130398
46 0.759641 0.589476 0.043 0.041519
46 0.509844 0.561212 0.0535937 0.108644
46 0.750484 0.616637 0.0313125 0.0526582
46 0.662508 0.6267 0.167703 0.0690597
46 0.714562 0.532269 0.0868437 0.0677939
46 0.673758 0.560072 0.0888281 0.061519
46 0.475141 0.529521 0.0403437 0.129421
46 0.546828 0.625868 0.0820937 0.027179
46 0.541 0.672251 0.0520312 0.0513382
46 0.64657 0.704412 0.126547 0.0714647
46 0.577391 0.690823 0.0445625 0.0474684
46 0.758789 0.547251 0.0394219 0.0328752
46 0.626023 0.587197 0.0753281 0.0745027
46 0.587477 0.593373 0.0680781 0.0497107
46 0.563242 0.526682 0.0921719 0.0802351
15 0.563172 0.340172 0.121812 0.121718
15 0.70532 0.216184 0.131516 0.117685
15 0.670539 0.298128 0.0774531 0.0953526
59 0.621672 0.452712 0.146437 0.153671
24 0.329688 0.544964 0.413562 0.368481