11 0.341047 0.446667 0.132688 0.106667
11 0.221719 0.487438 0.214688 0.193917
11 0.393484 0.528552 0.0467813 0.0586458
11 0.237539 0.589875 0.136547 0.203333
11 0.438633 0.489542 0.0811406 0.0805
11 0.33418 0.595042 0.213359 0.171333
59 0.221047 0.379365 0.0623125 0.189479
59 0.352063 0.700854 0.0399375 0.0628333
59 0.285961 0.340625 0.121672 0.128708
59 0.462055 0.595635 0.0463594 0.0528125
59 0.446914 0.747438 0.0540469 0.0866667
59 0.430414 0.68225 0.0749844 0.074625
59 0.394695 0.74 0.0557656 0.055375
59 0.472359 0.535552 0.0572812 0.0803125