14 0.378656 0.290219 0.119219 0.0708125
14 0.603047 0.816469 0.0956562 0.0856875
14 0.760398 0.363542 0.0537344 0.0834583
14 0.553438 0.288875 0.0962812 0.0410833
14 0.55375 0.190177 0.116062 0.0636458
14 0.317828 0.750479 0.137437 0.126792
14 0.434805 0.564594 0.133984 0.0535208
14 0.648383 0.226875 0.0648906 0.0869167
14 0.608828 0.725708 0.0915 0.171458
14 0.738344 0.484948 0.0964062 0.138729
14 0.694359 0.704333 0.14075 0.0917917
14 0.224516 0.692365 0.0721563 0.164604
14 0.435055 0.451531 0.138703 0.0614792
14 0.307328 0.324146 0.131406 0.0424583
14 0.47293 0.367677 0.0939531 0.0335208
14 0.394508 0.371135 0.111672 0.128938
14 0.436727 0.508156 0.0979219 0.0648958
14 0.699391 0.294937 0.133969 0.0657917
14 0.730594 0.622229 0.101344 0.0780417
14 0.492336 0.27826 0.0880781 0.0418958
14 0.536562 0.239 0.104125 0.0685
14 0.363477 0.660177 0.0986406 0.156812
14 0.700008 0.464313 0.0974844 0.1435
14 0.270937 0.421917 0.113594 0.0972083
14 0.46843 0.219865 0.0837344 0.0942708
14 0.471297 0.406219 0.128656 0.0573542
14 0.392484 0.693875 0.0850313 0.164417
14 0.409047 0.263302 0.117094 0.0843958
14 0.325859 0.421146 0.0368125 0.0499167
14 0.498812 0.329198 0.123438 0.0878125
14 0.443422 0.495042 0.0632188 0.054
14 0.685031 0.669521 0.134563 0.061375
14 0.423617 0.230313 0.110172 0.0847083
14 0.282625 0.370427 0.0964688 0.0630625
14 0.606422 0.240312 0.0587188 0.0938333
14 0.364297 0.484708 0.0875937 0.120375
14 0.661992 0.760521 0.0601719 0.0782083
14 0.758984 0.528062 0.107406 0.12475