59 0.39495 0.598411 0.06385 0.0840397
59 0.369337 0.831589 0.150675 0.122384
59 0.589175 0.300232 0.07405 0.0925828
59 0.49575 0.175099 0.03155 0.0490066
59 0.387838 0.690894 0.095675 0.102781
59 0.528513 0.845811 0.047925 0.127185
59 0.26235 0.735629 0.0717 0.0662252
59 0.517413 0.146987 0.037275 0.0586093
59 0.268338 0.819487 0.056325 0.0716225
59 0.351762 0.163394 0.058625 0.074404
59 0.463888 0.279586 0.037475 0.075
59 0.292975 0.531507 0.03485 0.0387086
59 0.488488 0.661159 0.116975 0.161258
59 0.411363 0.925712 0.061025 0.0715563
59 0.488837 0.849801 0.040175 0.094106
59 0.436025 0.0486755 0.0512 0.0550993
59 0.676725 0.31096 0.0883 0.0703311
59 0.414363 0.237483 0.053425 0.0529139
59 0.454388 0.788874 0.086975 0.0930464
59 0.423625 0.173891 0.08705 0.0898344
59 0.347525 0.604702 0.02645 0.0594702
59 0.494663 0.756937 0.031025 0.0515563
59 0.445725 0.87394 0.0499 0.0610596
59 0.218562 0.819272 0.035725 0.0586755
59 0.239563 0.712301 0.046975 0.0699669
38 0.902925 0.49596 0.1453 0.368477
38 0.80895 0.181904 0.2157 0.299305
38 0.668325 0.809023 0.22415 0.251821