11 0.67543 0.433934 0.211641 0.204356
11 0.771141 0.60719 0.264719 0.351616
11 0.677281 0.185878 0.158281 0.2037
11 0.549227 0.0879977 0.175391 0.172295
11 0.189031 0.794496 0.0372188 0.0480094
11 0.140297 0.407553 0.280594 0.309719
11 0.33407 0.934672 0.0757969 0.130656
11 0.260727 0.0874239 0.152109 0.166323
11 0.283281 0.794625 0.131281 0.204614
11 0.0756875 0.80034 0.147406 0.237728
11 0.161477 0.705258 0.208172 0.20719
11 0.946594 0.597131 0.106813 0.2626
11 0.512 0.425269 0.148313 0.198735
11 0.5185 0.631593 0.261 0.363607
11 0.976773 0.375867 0.0464531 0.170515
11 0.121539 0.204157 0.214359 0.296932
11 0.920453 0.428103 0.138813 0.158033
11 0.148617 0.572623 0.0664844 0.0512881
11 0.577758 0.295656 0.0435469 0.0781499
11 0.23318 0.55 0.270672 0.238923
11 0.789859 0.917881 0.208375 0.162693
11 0.470969 0.908314 0.1305 0.183372
11 0.0479922 0.112635 0.0937344 0.218899
11 0.319883 0.126042 0.132359 0.235363
11 0.476984 0.283595 0.0619062 0.149719
11 0.888437 0.0286651 0.0863437 0.0518033
11 0.575914 0.767518 0.145109 0.179485
11 0.60468 0.152459 0.140859 0.239813
11 0.0714766 0.928009 0.141047 0.138126
11 0.920742 0.175386 0.158516 0.329227
11 0.0603516 0.615445 0.120703 0.224988
11 0.424555 0.117951 0.163953 0.228501
11 0.287969 0.310023 0.1645 0.338501