11 0.508273 0.692844 0.0903594 0.165437
11 0.415477 0.528219 0.0688281 0.0788958
11 0.623133 0.645146 0.0956094 0.1405
11 0.576859 0.704167 0.058875 0.1035
11 0.718992 0.505604 0.0761406 0.171042
11 0.652687 0.506771 0.0400625 0.05425
11 0.670359 0.600438 0.0836563 0.148458
11 0.598938 0.516573 0.0894062 0.148563
11 0.554086 0.623146 0.0640469 0.0587083
11 0.523562 0.552469 0.0649062 0.0827292
42 0.49532 0.207875 0.0374531 0.0465417
42 0.448211 0.372417 0.0794844 0.058
42 0.446328 0.303875 0.100875 0.0782917
42 0.468695 0.247365 0.0563594 0.0225625
42 0.504133 0.267229 0.0440469 0.0482083
42 0.349594 0.434875 0.0325 0.0979583
42 0.384133 0.336719 0.0294219 0.0258958
42 0.521805 0.186094 0.0679844 0.0411875