14 0.3775 0.198441 0.0556562 0.0739261
14 0.450992 0.299746 0.0570469 0.0859584
14 0.53293 0.480947 0.144266 0.119538
14 0.294703 0.283279 0.0736875 0.0800462
14 0.328914 0.322436 0.0520781 0.0701848
14 0.398563 0.232898 0.0577812 0.0930023
14 0.642094 0.506074 0.096875 0.0994919
14 0.315328 0.373072 0.0494687 0.0748268
14 0.352969 0.267009 0.0560937 0.079515
14 0.382336 0.302229 0.0571406 0.0782217
14 0.546008 0.413464 0.0619844 0.0672517
14 0.507414 0.61582 0.140547 0.116674
14 0.382352 0.359781 0.0454844 0.0608083