6 0.704695 0.563361 0.0558281 0.0117799
6 0.852523 0.668689 0.0875156 0.0374239
6 0.386359 0.777693 0.163875 0.0499532
6 0.864563 0.650562 0.112781 0.0771429
6 0.785539 0.586628 0.100672 0.0351288
6 0.834414 0.636534 0.100734 0.061452
6 0.298164 0.663407 0.105578 0.0687354
6 0.804672 0.623841 0.0689687 0.0593911
6 0.258445 0.591276 0.0933281 0.0435831
6 0.284672 0.63411 0.0845313 0.0510304
6 0.333742 0.704274 0.116766 0.0494848
6 0.719477 0.57308 0.0288906 0.0169321
6 0.289695 0.620047 0.0940156 0.0528337
6 0.361781 0.727049 0.139562 0.0504918
6 0.278398 0.60993 0.102266 0.0594848
6 0.688875 0.555129 0.0671875 0.0112881
6 0.362437 0.742564 0.13675 0.0569321
6 0.864023 0.708923 0.104953 0.0628103
1 0.502938 0.689415 0.0591563 0.0577049
1 0.569703 0.70877 0.0370937 0.0748712
1 0.577406 0.56397 0.04 0.0564637
1 0.943586 0.515504 0.0321406 0.0453864
1 0.412695 0.678899 0.0508281 0.0661358
1 0.266219 0.756007 0.054 0.0845667
1 0.516242 0.723911 0.0601094 0.0944262
1 0.942852 0.555644 0.0302656 0.0453864
1 0.431148 0.703876 0.0435781 0.0777283
1 0.202391 0.662998 0.0487187 0.0674473
1 0.882844 0.602166 0.0375625 0.0402108
1 0.59607 0.719251 0.0542031 0.0864169
1 0.741016 0.631159 0.0606875 0.0905152
1 0.968867 0.558817 0.0307344 0.0425527
1 0.687555 0.689871 0.0492344 0.0863934
1 0.611031 0.64993 0.0550312 0.0754098
1 0.402891 0.592049 0.0541875 0.0728103
1 0.475078 0.644778 0.0633125 0.0957845
1 0.441938 0.610585 0.05225 0.081452
1 0.797 0.554836 0.034875 0.03
1 0.688984 0.606148 0.0566875 0.0827869
1 0.453828 0.729333 0.0649375 0.0955738
1 0.647094 0.716417 0.0507812 0.0789696
1 0.656211 0.587834 0.0467656 0.0690632
1 0.565516 0.556663 0.038375 0.0629274
1 0.356883 0.61534 0.0322969 0.0264169
1 0.981414 0.687998 0.0371719 0.0620375
1 0.990281 0.496276 0.018125 0.0228103
1 0.921594 0.551066 0.0243438 0.038103
1 0.62943 0.580726 0.0442344 0.0748478
1 0.677937 0.645 0.0271875 0.0381967
1 0.586437 0.641124 0.0396875 0.0673536
1 0.651055 0.647049 0.0401719 0.0674473
1 0.815898 0.571979 0.0290156 0.0202576
1 0.552906 0.690562 0.0393125 0.0728337
1 0.556227 0.617049 0.0357344 0.0571897
1 0.499555 0.588958 0.0372344 0.060445
1 0.514883 0.638126 0.0230781 0.0414052
1 0.90668 0.621464 0.0432656 0.0591803
1 0.539156 0.606335 0.04375 0.0607728
1 0.459648 0.566276 0.0288906 0.0346136
1 0.156695 0.592389 0.0304219 0.0542857
1 0.723055 0.704602 0.0632656 0.0939813
1 0.379148 0.572096 0.0417031 0.0629742
1 0.192305 0.744028 0.0449844 0.0664637
1 0.520102 0.597436 0.0357656 0.0658314
1 0.539211 0.660562 0.0288906 0.0389696
1 0.766656 0.560222 0.0285938 0.0193208
1 0.194898 0.645656 0.0453906 0.0656909
1 0.453406 0.629719 0.0449062 0.0748478
1 0.402828 0.652447 0.0439375 0.0366511
1 0.578789 0.624356 0.0482031 0.0666511
1 0.48332 0.573021 0.0377344 0.0497424
1 0.987336 0.654239 0.0241094 0.0161593
1 0.387383 0.583712 0.0350469 0.0597424
1 0.36718 0.630422 0.0389844 0.0391569
1 0.216844 0.684461 0.0536875 0.0802576
1 0.602219 0.57582 0.0385937 0.0699063
1 0.354961 0.568864 0.0343594 0.0602108
1 0.779 0.703044 0.0541562 0.0859953
1 0.524484 0.650129 0.0371875 0.034637
1 0.988273 0.522822 0.0205156 0.0482201
1 0.74775 0.555152 0.0302812 0.0227166
1 0.954227 0.650164 0.0469531 0.0690398
1 0.387547 0.645902 0.0341875 0.0384543
1 0.16532 0.694016 0.0360781 0.0455972
1 0.2505 0.721323 0.0465 0.0423185
47 0.0493906 0.676674 0.031625 0.0502576
47 0.0777188 0.770515 0.0606875 0.0902576
47 0.0697266 0.696159 0.0524844 0.0389696
47 0.165297 0.695948 0.034875 0.0389696
47 0.265727 0.756148 0.0547344 0.0826464
47 0.125227 0.644953 0.0265469 0.0272834
47 0.215984 0.769415 0.06225 0.0868384
47 0.122672 0.71411 0.0487187 0.0564169
47 0.0369922 0.63897 0.0147031 0.0312881
47 0.192508 0.749766 0.0461406 0.0768618
47 0.151523 0.642108 0.0227344 0.0174239
47 0.139898 0.626159 0.0300781 0.0297424
47 0.0619687 0.584555 0.0407813 0.0426932
47 0.145797 0.76397 0.0665 0.0894848
47 0.0862734 0.644707 0.0529219 0.0814988
47 0.190687 0.615258 0.0467813 0.0540749
47 0.173555 0.605433 0.0392031 0.0584075
47 0.179852 0.712635 0.0369531 0.039555
47 0.0459922 0.652424 0.00754687 0.0107963
47 0.194875 0.64603 0.0454062 0.0650351
47 0.147164 0.635632 0.0237656 0.0338407
47 0.249812 0.720258 0.0458125 0.04
47 0.0887031 0.600644 0.0435938 0.0474239
47 0.0700703 0.685304 0.0540156 0.0387119
47 0.138492 0.7263 0.0535781 0.0482436
47 0.160172 0.671393 0.0289063 0.040726
47 0.216695 0.683841 0.0524844 0.08
47 0.0659062 0.61952 0.0497187 0.0661124
47 0.193898 0.63623 0.0493281 0.0567213
47 0.0660547 0.717986 0.0471719 0.0383607
47 0.119758 0.69315 0.0523594 0.0405386
47 0.152781 0.656534 0.0328437 0.0279157
47 0.0835 0.739637 0.0587812 0.0611475
47 0.122508 0.633817 0.0258594 0.0193911
47 0.173656 0.590562 0.044125 0.0484778
47 0.131414 0.613466 0.0227031 0.0267916
47 0.245289 0.683185 0.00607813 0.0199532
47 0.122555 0.651991 0.0195781 0.00978923
47 0.123828 0.677693 0.0512813 0.0446136
47 0.170352 0.620773 0.0198281 0.0569087
47 0.202172 0.661663 0.0484375 0.0659016
47 0.0323438 0.624333 0.0195 0.0270258
47 0.156422 0.59233 0.0298125 0.0539813
47 0.246352 0.699578 0.0172656 0.0161593