11 0.290042 0.187727 0.0112917 0.00820313
11 0.722427 0.210359 0.0406458 0.0270937
11 0.930708 0.168656 0.04675 0.0284687
11 0.697313 0.242977 0.0215417 0.0156406
11 0.316188 0.211734 0.0275417 0.0188125
11 0.281708 0.161719 0.018125 0.01975
11 0.38049 0.276664 0.0522292 0.0487656
11 0.363292 0.196586 0.040625 0.0334844
11 0.753521 0.328141 0.0806667 0.0336875
11 0.772969 0.298969 0.0568958 0.0340937
11 0.308542 0.152617 0.0405 0.0459531
11 0.900458 0.307477 0.058625 0.0339531
11 0.903323 0.147859 0.0588542 0.0458438
11 0.353313 0.11593 0.07125 0.0362656
11 0.984969 0.164539 0.0293958 0.0382031
11 0.74924 0.268172 0.0331458 0.0308437
11 0.942187 0.297531 0.0532917 0.0327812
11 0.802969 0.0667969 0.0222292 0.0120625
11 0.772885 0.170422 0.0645625 0.048125
11 0.861552 0.0838672 0.0767292 0.0304219
11 0.78899 0.114672 0.0882708 0.047125
11 0.980833 0.204844 0.0383333 0.0528125
11 0.871625 0.189625 0.0845833 0.050375
11 0.46601 0.122789 0.0366042 0.0327344
11 0.322542 0.184867 0.036125 0.0385781
11 0.308042 0.306234 0.0184583 0.0361563
11 0.942104 0.130609 0.0455 0.048
11 0.29749 0.255898 0.0157292 0.0179531
11 0.450385 0.144594 0.0437708 0.033375
11 0.802677 0.197383 0.0511042 0.0354844
11 0.358958 0.320836 0.0339583 0.0377031
11 0.362917 0.288094 0.040125 0.0396875
11 0.369865 0.233695 0.0660208 0.0227656
11 0.89351 0.261258 0.0388542 0.0315156
11 0.279354 0.142898 0.028375 0.0197344
11 0.690635 0.323164 0.0527708 0.0267656
11 0.304885 0.249234 0.0157292 0.0187187
11 0.824417 0.0832031 0.0331667 0.025375
11 0.278687 0.111891 0.0379583 0.0210938
11 0.649677 0.30318 0.0399375 0.0299531
11 0.84075 0.288852 0.0792917 0.0494844
11 0.955063 0.164984 0.0404583 0.0328437
11 0.883563 0.236664 0.0403333 0.0282031
11 0.967969 0.256453 0.0448958 0.02175
11 0.688646 0.227305 0.045 0.0182031
11 0.407042 0.190219 0.0639167 0.0379063
11 0.351021 0.163391 0.071 0.0552188
11 0.690146 0.211156 0.0317917 0.0274375
11 0.29126 0.237562 0.0188125 0.0238438
11 0.932594 0.216984 0.0444792 0.0230625
11 0.68851 0.297977 0.0380625 0.0318281
11 0.332958 0.274625 0.0229583 0.0217188
11 0.940521 0.0725625 0.04 0.0225625
11 0.950833 0.0643594 0.038625 0.0240938
11 0.71299 0.31 0.0362292 0.0415312
11 0.923344 0.238844 0.0449375 0.0299375
11 0.334146 0.200117 0.019875 0.0228281
11 0.696688 0.264492 0.0677083 0.0380156
11 0.869708 0.109156 0.0403333 0.0310312
11 0.32 0.339828 0.0105833 0.0107188
11 0.84824 0.242586 0.0678958 0.0502656
11 0.710406 0.181539 0.0659792 0.0415469
11 0.325458 0.241922 0.0251667 0.0180625
11 0.818437 0.316906 0.0680833 0.035
14 0.422812 0.290102 0.061875 0.0305156
14 0.575552 0.62293 0.120771 0.0603281
14 0.203385 0.629531 0.0233125 0.0113125
14 0.240448 0.841258 0.102396 0.0446719
14 0.244 0.569492 0.0533333 0.0292344
14 0.334187 0.805352 0.0882917 0.0778594
14 0.500271 0.241086 0.0701667 0.0115781
14 0.495281 0.638594 0.0423958 0.03975
14 0.217521 0.792844 0.11475 0.0173437
14 0.478438 0.666047 0.032125 0.0211875
14 0.666052 0.5295 0.0723125 0.01125
14 0.654208 0.589945 0.132167 0.0320781
14 0.364479 0.65768 0.0300833 0.0392344
14 0.660229 0.576797 0.078625 0.025375
14 0.297896 0.618508 0.0732083 0.0366719
14 0.524417 0.279609 0.0397917 0.0360313
14 0.470552 0.628625 0.0376458 0.0865
14 0.464 0.239477 0.0496667 0.0107656
14 0.718125 0.519664 0.028375 0.0330781
14 0.102375 0.696109 0.0801667 0.0330937
14 0.398313 0.748094 0.0411667 0.045125
14 0.263979 0.645961 0.0815833 0.0423281
14 0.337156 0.719969 0.0331875 0.0330937
14 0.600146 0.295133 0.0389583 0.0666719
14 0.181542 0.729922 0.015375 0.0525625
14 0.0359167 0.811445 0.0525417 0.0207969
14 0.0779792 0.822125 0.119833 0.0505313
14 0.32776 0.612547 0.100896 0.0690625
14 0.473396 0.719359 0.0403333 0.0417812
14 0.789542 0.634102 0.0950417 0.0764219
14 0.474156 0.530289 0.0244375 0.00976562
14 0.560708 0.61825 0.03425 0.0887187
14 0.661938 0.175875 0.0232083 0.0168125
14 0.393917 0.559289 0.079 0.0122344
14 0.618521 0.568844 0.0335 0.0315312
14 0.26301 0.683969 0.0506042 0.034875
14 0.436 0.575883 0.0830833 0.0255156
14 0.580958 0.222289 0.105833 0.0555469
14 0.562438 0.679281 0.147833 0.0204688
14 0.572021 0.29257 0.0412917 0.0612344
14 0.562396 0.626977 0.10325 0.0553906
14 0.428792 0.7985 0.065125 0.093625
14 0.525875 0.195125 0.085375 0.0235313
14 0.0447604 0.751539 0.0888958 0.0271719
14 0.933594 0.725539 0.130771 0.0227656
14 0.611719 0.624437 0.0169375 0.0254063
14 0.749656 0.607586 0.0831458 0.0538906
14 0.0534792 0.923969 0.106 0.0464062
14 0.339833 0.683398 0.030375 0.0331094
14 0.317406 0.801672 0.0540208 0.0674375
14 0.596688 0.257633 0.101042 0.0367656
14 0.702396 0.544609 0.0441667 0.0322812
14 0.237156 0.740453 0.113021 0.0486562
14 0.480938 0.79525 0.0735 0.0838437
14 0.502792 0.209156 0.104375 0.0264375
14 0.311156 0.715344 0.0390625 0.0892813
14 0.603469 0.65718 0.0957292 0.0215469
14 0.649771 0.129836 0.133292 0.0232969
14 0.539635 0.189344 0.0916875 0.0180312
14 0.627667 0.315258 0.0796667 0.0771719
14 0.78951 0.532164 0.104271 0.0260469
14 0.507 0.265695 0.0133333 0.00460938
14 0.598802 0.246445 0.0893958 0.0387656
14 0.211729 0.601195 0.112917 0.0520781
14 0.414052 0.858297 0.0656458 0.0758438
14 0.800833 0.696156 0.143583 0.0415312
14 0.440146 0.65182 0.018125 0.0954531
14 0.502052 0.563641 0.0724792 0.0276875
14 0.646531 0.137125 0.120479 0.0230937
14 0.690406 0.648203 0.0926458 0.015375
14 0.634219 0.757477 0.166313 0.0305469
14 0.433146 0.675602 0.0134167 0.0808906
14 0.509542 0.801875 0.0409583 0.0475938
14 0.718125 0.672633 0.0261667 0.0107656
14 0.203135 0.670031 0.0376042 0.01975
14 0.529375 0.739492 0.03625 0.0369219
14 0.564063 0.507812 0.0127083 0.0230312
14 0.269396 0.703656 0.0879167 0.07575
14 0.316927 0.593383 0.0724792 0.0153906
14 0.91875 0.613383 0.126708 0.0144844
14 0.778604 0.611281 0.0314583 0.0328125
14 0.770219 0.337352 0.136771 0.0243594
14 0.830656 0.662305 0.0958542 0.0167969
14 0.524375 0.142734 0.069125 0.0130938
14 0.140021 0.873969 0.128 0.059875
14 0.60924 0.200055 0.0782708 0.0348281
14 0.47851 0.932727 0.138979 0.0291094
14 0.972625 0.52243 0.0519583 0.0217969
14 0.648323 0.61693 0.0978125 0.0405469
14 0.476729 0.232734 0.0728333 0.0175937
14 0.540542 0.151664 0.101833 0.0146094
14 0.241042 0.825023 0.0743333 0.0462656
14 0.591948 0.805383 0.167521 0.0246094
14 0.464385 0.768094 0.0446458 0.0519687
14 0.444531 0.268156 0.0759792 0.0255937
14 0.34049 0.823461 0.113854 0.0746094
14 0.187083 0.820406 0.100042 0.0465625
14 0.586125 0.544359 0.01025 0.00615625
14 0.456885 0.31543 0.0728958 0.0760156
14 0.404333 0.673828 0.0487083 0.0246562
14 0.751458 0.542438 0.118042 0.0148125
14 0.748583 0.581523 0.0318333 0.0164531
14 0.310437 0.676422 0.041125 0.0593437
14 0.502823 0.842797 0.0653542 0.0697812
14 0.892531 0.585258 0.108896 0.0416406
14 0.17724 0.906672 0.108729 0.085125
14 0.0640833 0.679234 0.0950417 0.0138437
14 0.91224 0.658055 0.0584792 0.0743906
14 0.505792 0.231414 0.0519583 0.0217969
14 0.149573 0.677695 0.0786458 0.0615469
14 0.68926 0.61207 0.0667708 0.0134219
14 0.558 0.804641 0.0723333 0.074
14 0.658635 0.597383 0.166271 0.0200156
14 0.151792 0.806922 0.155542 0.0533438
14 0.182708 0.984617 0.149042 0.0302656
14 0.561594 0.562633 0.0360208 0.0145781
14 0.277771 0.595375 0.0604167 0.0544687
14 0.665125 0.598383 0.141542 0.0330781
14 0.444312 0.300023 0.0824167 0.0671719
14 0.113396 0.665516 0.0984583 0.015125
14 0.540792 0.244344 0.0377083 0.0401562
14 0.454156 0.698641 0.0693958 0.035125
14 0.50374 0.200898 0.0888958 0.0258906
14 0.452969 0.718977 0.0960625 0.0677031
14 0.592646 0.721672 0.02325 0.0464062
14 0.599552 0.516945 0.0151875 0.0598594
14 0.555552 0.698219 0.0478958 0.0244375
14 0.548167 0.303563 0.017625 0.0577187
14 0.505469 0.538133 0.0543542 0.0379531
14 0.0686771 0.789 0.137354 0.0328437
14 0.532354 0.285992 0.0302917 0.0355781
14 0.30325 0.566289 0.12025 0.0269219
14 0.386729 0.553672 0.029875 0.021875
14 0.275969 0.895617 0.120354 0.0848594
14 0.557073 0.678836 0.0973542 0.0412031
14 0.526521 0.18418 0.0514583 0.0175156
14 0.601885 0.224742 0.0947708 0.0515156
14 0.205625 0.738383 0.056375 0.0520469
14 0.641531 0.62943 0.0109375 0.0130469
14 0.547135 0.759992 0.0554792 0.0990781
14 0.669646 0.553547 0.0133333 0.0186562
14 0.181135 0.743227 0.0605208 0.0369219
14 0.478021 0.965508 0.0381667 0.0679531
14 0.51899 0.545008 0.0472292 0.0220781
14 0.244313 0.61807 0.0335 0.0194844
14 0.499115 0.741664 0.0311042 0.0571719
14 0.485469 0.613461 0.0153958 0.0222969
14 0.638115 0.637875 0.142229 0.0259062
14 0.06525 0.766406 0.0440833 0.0445625
14 0.406302 0.689102 0.0458125 0.0361406
14 0.836615 0.567859 0.138438 0.01475
14 0.450635 0.547492 0.0425625 0.0185469
14 0.463542 0.249938 0.0840417 0.01825
14 0.383135 0.613719 0.0413542 0.0135937
14 0.222438 0.656898 0.0403333 0.00948437
14 0.623583 0.540898 0.0147083 0.0228281
14 0.372781 0.644703 0.0172708 0.0345937
14 0.659073 0.688414 0.0793125 0.0158906