1 0.565177 0.550273 0.0121042 0.0106094
1 0.493323 0.539891 0.0113542 0.00759375
1 0.48125 0.548203 0.014875 0.0133125
1 0.535813 0.52882 0.0124583 0.0111094
1 0.577625 0.539742 0.01525 0.0107969
1 0.541292 0.534156 0.0119167 0.007875
1 0.550646 0.544477 0.0135417 0.00857813
1 0.557792 0.529687 0.0182917 0.0103438
1 0.489427 0.555742 0.0141458 0.00982813
1 0.529667 0.555836 0.0135417 0.0101406
1 0.60326 0.55643 0.0135625 0.00798438
1 0.58 0.56218 0.00875 0.00845313
1 0.554948 0.554367 0.0129375 0.00954687
1 0.564531 0.559562 0.0148542 0.0113437
1 0.507615 0.529648 0.0121875 0.00735937
1 0.586396 0.526258 0.019125 0.0101719
1 0.611375 0.553898 0.013375 0.00751562
1 0.545875 0.516344 0.00479167 0.00390625
1 0.520792 0.533055 0.010875 0.00676562
1 0.508094 0.546555 0.0138958 0.00789063
1 0.571417 0.529758 0.013375 0.00751562
1 0.599615 0.550609 0.00960417 0.00440625
1 0.469156 0.548383 0.0142708 0.0116406
1 0.605719 0.547406 0.0103125 0.0043125
1 0.516771 0.556469 0.00829167 0.00734375