11 0.722711 0.541335 0.202578 0.215738
11 0.779984 0.688712 0.186156 0.202061
11 0.649758 0.311382 0.0922031 0.153864
11 0.582477 0.310234 0.0540469 0.123044
11 0.79007 0.371967 0.0478281 0.113208
11 0.786117 0.471546 0.0791719 0.10637
11 0.714172 0.37308 0.132656 0.155386
11 0.840609 0.587787 0.0454688 0.0997424
11 0.701281 0.268747 0.126156 0.158899
17 0.243109 0.757892 0.0629062 0.126651
17 0.455437 0.688232 0.0815312 0.147705
17 0.4045 0.489742 0.0680313 0.189836
17 0.415828 0.379719 0.030375 0.0361124
17 0.303414 0.597646 0.0933281 0.114684
17 0.585555 0.798126 0.0529219 0.040281