15 0.626258 0.564914 0.153672 0.184766
15 0.48707 0.538266 0.125359 0.109781
15 0.321805 0.539875 0.217641 0.21825
15 0.703477 0.598906 0.0313594 0.071125
15 0.430813 0.593477 0.1345 0.178703
15 0.721547 0.677687 0.0847813 0.0990313
11 0.763516 0.513453 0.201 0.344313
11 0.269461 0.145992 0.0342969 0.0486719
11 0.138609 0.619305 0.164906 0.116984
11 0.753711 0.289273 0.107078 0.0888281
11 0.850227 0.314117 0.0932969 0.0807656
14 0.357812 0.697836 0.123937 0.118422
14 0.064875 0.633742 0.1005 0.104109
14 0.205172 0.523344 0.146531 0.143
14 0.108438 0.353867 0.186594 0.230047
14 0.278711 0.207953 0.128703 0.102375