11 0.742547 0.08306 0.110587 0.078
11 0.648493 0.26851 0.266053 0.15498
11 0.824733 0.10178 0.1244 0.07396
11 0.763653 0.24581 0.0747733 0.07366
11 0.71412 0.16187 0.139973 0.10774
11 0.869293 0.22648 0.261413 0.13112
11 0.73464 0.36059 0.213013 0.09338
11 0.765187 0.34823 0.08184 0.04354
11 0.90452 0.16482 0.140667 0.06132
11 0.8918 0.08003 0.132667 0.04154
11 0.952467 0.29208 0.0926133 0.09608
11 0.91648 0.11605 0.126133 0.0605
11 0.982893 0.1534 0.0342133 0.07964
11 0.8534 0.14904 0.135333 0.06152
11 0.864053 0.33115 0.166613 0.1329
11 0.9826 0.10234 0.02984 0.0394
46 0.2206 0.55459 0.05448 0.0361
46 0.09152 0.83925 0.0720533 0.03642
46 0.503747 0.70882 0.0489333 0.03284
46 0.168587 0.77405 0.0552 0.03926
46 0.514547 0.65744 0.0588533 0.04232
46 0.1316 0.91502 0.04368 0.0496
46 0.498573 0.75858 0.0648267 0.04588
46 0.558787 0.72896 0.05096 0.05072
46 0.0528533 0.61179 0.0544 0.03438
46 0.404387 0.77469 0.05496 0.03574
46 0.11428 0.85877 0.0201867 0.02282
46 0.13684 0.85347 0.0290933 0.03822
46 0.15616 0.59353 0.0511467 0.03362
46 0.03064 0.82493 0.0597333 0.04814
46 0.0127333 0.78232 0.0254667 0.049
46 0.6018 0.72195 0.05112 0.04598
46 0.27268 0.7718 0.05288 0.02724
15 0.541667 0.1397 0.182587 0.08344
15 0.504587 0.07272 0.0698667 0.06464
15 0.60548 0.063 0.1372 0.0868
15 0.34524 0.17702 0.126907 0.08924
15 0.533853 0.29914 0.218213 0.19116
15 0.404573 0.11339 0.0854667 0.06858
15 0.338253 0.25803 0.142907 0.1345
15 0.39836 0.08388 0.11224 0.08312
15 0.437507 0.17566 0.0822667 0.07108
15 0.63332 0.12982 0.14904 0.16896
15 0.456973 0.23331 0.102267 0.06514
15 0.45824 0.08415 0.06272 0.0803
15 0.577053 0.19456 0.221787 0.07696