39 0.741019 0.422453 0.0550585 0.0228125
39 0.609215 0.47525 0.058993 0.0414687
39 0.768056 0.417758 0.0154098 0.0107656
39 0.695457 0.464531 0.0607494 0.0415937
39 0.745234 0.439422 0.061897 0.0375625
39 0.577213 0.497859 0.049274 0.0269375
39 0.622916 0.495664 0.0283607 0.0115469
39 0.650515 0.441914 0.0552693 0.0309844
39 0.798501 0.419477 0.0585012 0.0295156
39 0.624684 0.438672 0.0473536 0.0361875
39 0.552963 0.503438 0.0687822 0.0266875
39 0.657447 0.482859 0.0638876 0.0408125
39 0.69329 0.441492 0.0446604 0.0233594
39 0.586171 0.471531 0.028267 0.0347187
39 0.691511 0.487172 0.014918 0.0130312
39 0.648185 0.459508 0.038103 0.0141094
39 0.667014 0.513094 0.0608197 0.0218125
39 0.697822 0.50357 0.0456206 0.0224844
39 0.616674 0.509062 0.058548 0.0238125
39 0.717834 0.476391 0.0504215 0.0377188
40 0.37644 0.797844 0.109321 0.0769688
40 0.45733 0.722625 0.0673068 0.0323125
40 0.449496 0.837063 0.104988 0.0400625
40 0.566112 0.79425 0.117377 0.0751875
40 0.580351 0.199094 0.0695082 0.0336875
40 0.623829 0.190508 0.0538407 0.0230781
40 0.297319 0.759914 0.111124 0.0684219
40 0.251124 0.799078 0.093911 0.0379688
40 0.612272 0.209125 0.0622951 0.0129688
40 0.175105 0.788297 0.0916159 0.0364375
40 0.810269 0.191062 0.0591335 0.025375
40 0.577155 0.747094 0.108735 0.0619062
40 0.524532 0.734477 0.0800703 0.0463281
40 0.540386 0.848687 0.0993208 0.039
40 0.509778 0.814898 0.0660187 0.0548594
40 0.471745 0.769609 0.105176 0.0715937
40 0.226674 0.773227 0.0516628 0.0366719
40 0.542201 0.198625 0.0508197 0.0306563
40 0.336464 0.704992 0.0917564 0.0677969
40 0.798571 0.206414 0.0580328 0.0112344
40 0.731967 0.196141 0.0758782 0.0330625
37 0.544848 0.471328 0.0555504 0.0300938
37 0.487447 0.465406 0.0552225 0.0165937
37 0.543314 0.442203 0.0725293 0.039875
37 0.457471 0.476758 0.0662763 0.0268906
37 0.527728 0.41482 0.068103 0.0358906
37 0.461721 0.426859 0.0701405 0.0449062
37 0.581183 0.433156 0.0573536 0.0544063
37 0.403864 0.488508 0.0831382 0.0356719
37 0.59959 0.448898 0.0209602 0.0172031
37 0.336604 0.482211 0.0638876 0.0359219
37 0.360152 0.457781 0.0596487 0.0302812
37 0.392307 0.43407 0.0567447 0.0428281
37 0.497775 0.442125 0.0415457 0.0376875
37 0.478888 0.495305 0.0771663 0.0322031
37 0.300293 0.486797 0.013466 0.0166563
37 0.516136 0.486914 0.0635129 0.0490156
37 0.426768 0.448203 0.0862295 0.0425937
37 0.39507 0.467625 0.0642857 0.024
44 0.292248 0.759305 0.100703 0.0665469
44 0.540187 0.848656 0.100562 0.0394062
44 0.507026 0.815984 0.0592037 0.054625
44 0.39445 0.739047 0.108056 0.076875
44 0.456733 0.72225 0.0655035 0.0329688
44 0.449379 0.837109 0.104707 0.0400313
44 0.250761 0.798984 0.0947775 0.0373125
44 0.577014 0.746266 0.109297 0.0605625
44 0.376417 0.797922 0.108946 0.0756875
44 0.647541 0.768219 0.0565808 0.0359375
44 0.535761 0.214906 0.0357845 0.00334375
44 0.523548 0.733164 0.0825059 0.0460156
44 0.472436 0.768602 0.103934 0.0714219
44 0.565129 0.793547 0.118548 0.0750625
44 0.226475 0.772031 0.0518267 0.0359375
44 0.623326 0.190141 0.0546604 0.024125
44 0.306557 0.809688 0.0685714 0.04225
44 0.321803 0.785648 0.0167213 0.0133594
44 0.173981 0.787969 0.0888993 0.0361875
44 0.447845 0.808203 0.0571429 0.0293438
44 0.798419 0.206023 0.0585246 0.00992188
44 0.581323 0.199234 0.0719204 0.033375
44 0.611674 0.209164 0.06363 0.0120469
44 0.687881 0.209758 0.0409602 0.00770312
44 0.542283 0.198781 0.0506089 0.0309375
44 0.731323 0.196461 0.0757611 0.0330781
44 0.33507 0.704438 0.0931382 0.0667188