59 0.422859 0.631335 0.023 0.0238876
59 0.250672 0.730773 0.032 0.0309133
59 0.218492 0.596721 0.0355156 0.0362529
59 0.356711 0.596874 0.00992188 0.0223185
59 0.491398 0.695726 0.0522656 0.0349649
59 0.319852 0.694485 0.0248594 0.0258314
59 0.532977 0.632974 0.0154844 0.022623
59 0.277523 0.684379 0.0156406 0.024637
59 0.451594 0.634906 0.030125 0.0222717
59 0.341617 0.577541 0.0368281 0.0223888
59 0.295461 0.651874 0.0176406 0.0274941
59 0.306008 0.594403 0.0204531 0.0291335
59 0.166492 0.585316 0.0208281 0.0276347
59 0.467297 0.649286 0.0214375 0.0262998
59 0.518617 0.634215 0.0161094 0.0176581
59 0.226008 0.686581 0.0582969 0.0349883
59 0.371828 0.690234 0.0242812 0.0305855
59 0.276266 0.58671 0.0309687 0.0203513
59 0.316187 0.573548 0.0427812 0.0201639
59 0.179719 0.650644 0.0264375 0.0300468
59 0.35293 0.561077 0.0181406 0.0160187
59 0.297047 0.71767 0.043625 0.0240984
59 0.388508 0.649625 0.0297656 0.0189227
59 0.433742 0.650023 0.0260156 0.0139578
59 0.214102 0.620539 0.0346094 0.0274941
59 0.326906 0.723759 0.041625 0.0254567
59 0.181172 0.700351 0.022875 0.0222482
59 0.549094 0.62945 0.0239688 0.0322014