14 0.309461 0.40051 0.194609 0.113854
14 0.339109 0.504625 0.123188 0.0750417
14 0.320867 0.649906 0.161328 0.269021
14 0.287648 0.436375 0.189234 0.085125
14 0.316727 0.564667 0.0617344 0.085625
14 0.218484 0.631875 0.0860313 0.1655
14 0.249172 0.552083 0.147094 0.156375
52 0.726398 0.41249 0.102953 0.165521
52 0.741125 0.623396 0.101031 0.227375
52 0.617719 0.507708 0.204937 0.23575
52 0.744664 0.301083 0.0788594 0.11025
52 0.657797 0.248802 0.102094 0.0506458
52 0.641578 0.339271 0.215281 0.1255
52 0.815703 0.498594 0.155781 0.251771
52 0.678836 0.267323 0.00920312 0.0219792