59 0.856066 0.255391 0.0575644 0.0351562
59 0.918864 0.250031 0.0646136 0.024875
59 0.845761 0.280148 0.0575644 0.0345469
59 0.812717 0.243773 0.0392506 0.0307969
59 0.776628 0.221961 0.048103 0.0174531
59 0.908162 0.303437 0.0485012 0.0161563
59 0.82959 0.228797 0.0531382 0.0289375
59 0.94089 0.295477 0.0277283 0.0141406
59 0.731897 0.266773 0.0586885 0.0336719
59 0.922084 0.277867 0.0619204 0.0433281
59 0.953852 0.317797 0.0627869 0.03825
59 0.691616 0.247047 0.0261358 0.0270625
59 0.964286 0.273148 0.0386885 0.0343906
59 0.738162 0.238641 0.0513115 0.0364375
59 0.7763 0.247039 0.0590632 0.0357969
59 0.96582 0.29843 0.0394145 0.0209844
59 0.792693 0.276367 0.0638876 0.0359219
14 0.615632 0.256828 0.0661593 0.0426562
14 0.474555 0.252016 0.116698 0.03725
14 0.567166 0.259609 0.098548 0.0346562
14 0.436382 0.282648 0.0945433 0.0363906
14 0.433337 0.290711 0.0853162 0.0106406
14 0.444157 0.305359 0.0619906 0.0107813
14 0.448759 0.269469 0.160515 0.0194687
14 0.435105 0.27893 0.120094 0.0261719
14 0.447775 0.260383 0.0371897 0.0105781
45 0.216593 0.899273 0.342225 0.199828
45 0.142717 0.547219 0.238454 0.153438
45 0.442354 0.511523 0.182646 0.106203
45 0.24959 0.511164 0.104333 0.0718594
45 0.697705 0.748633 0.116019 0.0570469
45 0.0803279 0.654711 0.160656 0.167891
45 0.469438 0.650234 0.130117 0.0939688
45 0.573536 0.919977 0.307681 0.160047
45 0.385269 0.739945 0.206042 0.0973594
45 0.867927 0.745297 0.244988 0.165031
45 0.601323 0.690531 0.203443 0.137156
45 0.874005 0.887961 0.249087 0.155484
45 0.487529 0.771625 0.239555 0.15175
45 0.858583 0.972055 0.282834 0.0558906
45 0.264215 0.813961 0.263653 0.119578
45 0.34171 0.609234 0.194473 0.168813
45 0.330995 0.480367 0.145129 0.0964844
45 0.253208 0.676445 0.236253 0.157078
45 0.684204 0.843539 0.246487 0.169797
45 0.0691686 0.812937 0.138337 0.206312
45 0.0408431 0.971672 0.0807494 0.0561562
45 0.385925 0.932586 0.134005 0.134828
45 0.15603 0.775781 0.0519672 0.0656875
45 0.970468 0.749039 0.0573302 0.133922
45 0.430667 0.848523 0.0962295 0.0685156
51 0.93507 0.225141 0.0908431 0.0692813
51 0.830597 0.215984 0.10733 0.0667188
51 0.880527 0.196297 0.0329508 0.0259375
51 0.535129 0.147648 0.120047 0.112891
51 0.724309 0.1055 0.019719 0.0227187
51 0.656265 0.299711 0.362787 0.195203
6 0.897049 0.608852 0.171054 0.0269531
6 0.613384 0.496289 0.195199 0.0448594
6 0.631159 0.568312 0.214778 0.053125
6 0.856054 0.5275 0.191686 0.0414062
6 0.650691 0.536 0.15445 0.0481562
6 0.947319 0.517523 0.0896721 0.0420781
6 0.857576 0.569078 0.219789 0.0413125
6 0.589461 0.613711 0.18267 0.0194219
6 0.568466 0.408234 0.0361827 0.0607812
6 0.839122 0.627914 0.286159 0.0370156
6 0.732728 0.46643 0.039555 0.0430781
6 0.447916 0.573266 0.0585012 0.0256563
6 0.459543 0.454844 0.123162 0.0744375
6 0.716405 0.58407 0.0728103 0.0357656
6 0.721522 0.438859 0.0299766 0.0342187
6 0.971874 0.525531 0.0562061 0.0554375
6 0.0483489 0.479383 0.0715457 0.0394844
6 0.586698 0.599086 0.190773 0.0222656
6 0.894379 0.485367 0.160141 0.0256719
6 0.463794 0.586477 0.0573302 0.0418281
6 0.852295 0.652156 0.259813 0.0495
6 0.61048 0.410781 0.0550117 0.0815
6 0.104672 0.444047 0.0952459 0.0185312
6 0.633536 0.54593 0.190539 0.0346406
6 0.747857 0.43557 0.0419906 0.0385156
6 0.599742 0.622781 0.161499 0.0266875
6 0.941429 0.462828 0.0857143 0.0558125
6 0.870129 0.583922 0.212529 0.0530625
6 0.734403 0.592305 0.0359719 0.0414531
6 0.90623 0.477086 0.134895 0.0327344
6 0.81541 0.454969 0.0346604 0.039
6 0.628173 0.461391 0.153911 0.0498125
6 0.853677 0.668945 0.246417 0.0484844
6 0.611979 0.587242 0.160492 0.0320781
6 0.246698 0.46818 0.0311944 0.0228281
6 0.761874 0.435688 0.0266979 0.0311875
6 0.0137471 0.540898 0.0274941 0.0358906
6 0.550457 0.425836 0.0595082 0.0947031
6 0.0234543 0.544648 0.0165574 0.0402969
6 0.856194 0.54225 0.208595 0.0293125
6 0.706674 0.469789 0.0404215 0.0357969
6 0.798255 0.48632 0.0440047 0.0455781
6 0.897857 0.509906 0.161663 0.031875
6 0.653934 0.520914 0.206698 0.0451719
6 0.953326 0.665477 0.0880094 0.0475781
6 0.686112 0.641344 0.0220609 0.025125
6 0.68055 0.628844 0.046534 0.0289687
6 0.771194 0.472305 0.0386885 0.0510469
6 0.756674 0.487641 0.0359251 0.0318437
6 0.684145 0.462797 0.0230913 0.0254063
6 0.510597 0.583484 0.046534 0.0310312
6 0.701756 0.43957 0.0239344 0.0404844