6 0.842602 0.845742 0.183891 0.178984
6 0.132102 0.239164 0.108953 0.137422
6 0.524484 0.326781 0.278469 0.475375
6 0.522406 0.171227 0.326281 0.216984
6 0.752648 0.333664 0.363766 0.541422
6 0.238383 0.711898 0.298703 0.355766
6 0.136656 0.6525 0.143094 0.302187
6 0.804242 0.519844 0.265078 0.661906
6 0.130047 0.203039 0.132969 0.275703
6 0.923383 0.203102 0.0220469 0.163922
6 0.678664 0.835883 0.195891 0.197641
6 0.536742 0.772352 0.371203 0.319953
6 0.118938 0.852547 0.105125 0.163437
6 0.29018 0.465961 0.237516 0.348578
6 0.38032 0.219414 0.0425781 0.117172
6 0.902438 0.880906 0.0632188 0.108187
6 0.146984 0.43943 0.165563 0.242109
6 0.59968 0.537891 0.130891 0.270688
6 0.265336 0.238687 0.163016 0.346031
6 0.382469 0.690195 0.362312 0.487984
6 0.900313 0.692648 0.0699375 0.176953