24 0.25914 0.691133 0.17348 0.217893
24 0.16846 0.47556 0.13024 0.10552
24 0.34837 0.69816 0.03798 0.116213
14 0.14066 0.648733 0.08428 0.0564533
14 0.13619 0.580187 0.11202 0.118293
14 0.38389 0.56568 0.12042 0.228427
14 0.15985 0.530653 0.0449 0.0590133
14 0.17993 0.593707 0.05502 0.0837333
14 0.52367 0.743467 0.0213 0.0528533
14 0.61618 0.570373 0.06376 0.04432
38 0.22246 0.455093 0.1126 0.0947733
38 0.42495 0.679067 0.1433 0.31168
38 0.307 0.339933 0.10948 0.16888
38 0.69746 0.613907 0.0378 0.132507
38 0.63313 0.64004 0.0133 0.01576
38 0.42336 0.355467 0.15672 0.180693
38 0.57031 0.685747 0.11222 0.04408
38 0.66476 0.798987 0.12732 0.0778133
38 0.37986 0.492533 0.04708 0.0911467
38 0.2705 0.58128 0.1314 0.0699733
38 0.57906 0.628933 0.02996 0.05344
38 0.57477 0.838187 0.03914 0.0315733
38 0.72474 0.66484 0.053 0.19464
38 0.71692 0.607 0.02256 0.0178933
38 0.62627 0.732747 0.09222 0.17232