44 0.449461 0.747943 0.162891 0.2786
44 0.584055 0.718731 0.185141 0.28512
38 0.404234 0.492888 0.0944062 0.0961488
38 0.260477 0.528031 0.159891 0.215624
38 0.467344 0.496236 0.056625 0.0873961
38 0.309727 0.732221 0.202422 0.250175
38 0.496406 0.51826 0.0249688 0.066105
38 0.496195 0.623425 0.0245469 0.0427352
38 0.286055 0.616608 0.0678594 0.100438
38 0.308336 0.353906 0.125641 0.163961
38 0.426594 0.569125 0.0479687 0.0473961
38 0.231211 0.6493 0.0593281 0.153348
38 0.499063 0.577582 0.0559687 0.0592341
38 0.384562 0.450547 0.04125 0.0306346