42 0.419195 0.307308 0.101641 0.111772
42 0.539406 0.541096 0.144437 0.177436
42 0.218055 0.536014 0.128609 0.279534
42 0.31332 0.460338 0.0764219 0.0679953
42 0.67168 0.307028 0.0867031 0.0544289
42 0.383422 0.629079 0.260125 0.198159
42 0.592508 0.293939 0.0510469 0.0776224
42 0.465617 0.467179 0.109328 0.116783
42 0.547031 0.43803 0.0710937 0.0611422
42 0.503875 0.366818 0.0745938 0.0694406
42 0.462234 0.244359 0.0369063 0.0709557
42 0.721211 0.387284 0.108672 0.126037
42 0.332906 0.555606 0.134563 0.135082
42 0.351164 0.424138 0.104109 0.104079
42 0.623914 0.597984 0.290484 0.184406
42 0.555422 0.337191 0.151594 0.111865
42 0.770656 0.525117 0.0848437 0.152424
42 0.352992 0.376189 0.0383594 0.0335897
42 0.629102 0.467389 0.0989844 0.112541