59 0.460453 0.622698 0.0567813 0.0463542
59 0.433047 0.316573 0.0225 0.0231042
59 0.278422 0.20625 0.0272812 0.0393333
59 0.55082 0.636 0.0698281 0.0560833
59 0.491781 0.23974 0.031625 0.0386458
59 0.408758 0.174083 0.0349531 0.040125
59 0.761961 0.54824 0.0533906 0.0585625
59 0.358453 0.473062 0.0506562 0.0262917
59 0.402102 0.542312 0.0559531 0.0466667
59 0.512359 0.544479 0.0423125 0.0782083
59 0.596688 0.572823 0.0636562 0.0594792
59 0.475094 0.51374 0.055375 0.0528125
38 0.689594 0.703969 0.124406 0.164021
38 0.36143 0.286177 0.0779844 0.0220625
38 0.389367 0.155948 0.0607656 0.0758958
38 0.677547 0.860156 0.0452813 0.0816042
38 0.54518 0.739875 0.0865469 0.0761667
38 0.493875 0.850635 0.0979063 0.176229
38 0.635328 0.820969 0.0495937 0.203979
38 0.683695 0.802583 0.0307344 0.0422083
38 0.332344 0.249531 0.0165 0.0504375
38 0.478875 0.137885 0.0474375 0.0471875
38 0.413852 0.200802 0.0380156 0.0177708
38 0.443727 0.881271 0.0814219 0.0877917
38 0.470375 0.700844 0.088625 0.137479
38 0.57593 0.820813 0.0614844 0.1085