39 0.755313 0.782305 0.489375 0.435391
14 0.429042 0.451039 0.15175 0.0672344
14 0.0871771 0.541242 0.174354 0.0509219
14 0.251854 0.498156 0.287417 0.0564687
14 0.405521 0.0276641 0.0825417 0.0539219
14 0.249719 0.114461 0.122438 0.113703
14 0.297469 0.531852 0.594938 0.230453
14 0.492229 0.16918 0.128958 0.336516
14 0.114333 0.488555 0.16425 0.0772969
14 0.473958 0.0213672 0.0799583 0.0362969
14 0.101688 0.401781 0.203375 0.14175
14 0.0408021 0.287086 0.0816042 0.0704219
14 0.0685937 0.361711 0.137187 0.122891
14 0.538396 0.260047 0.062625 0.139688
14 0.383958 0.130187 0.1515 0.0801875
14 0.543875 0.0347578 0.0671667 0.0639219
14 0.652802 0.217875 0.0771042 0.0979688
14 0.577969 0.163484 0.0989792 0.0662812