8 0.466531 0.641802 0.0904375 0.122937
8 0.116891 0.325677 0.111844 0.127312
8 0.210273 0.234021 0.111828 0.107542
8 0.160828 0.519885 0.141719 0.153313
8 0.530234 0.48775 0.094 0.07975
8 0.48282 0.568844 0.122953 0.0928125
8 0.30557 0.434677 0.0272969 0.0319375
8 0.598406 0.676625 0.201719 0.1645
8 0.183852 0.34574 0.0926406 0.117813
8 0.27475 0.619292 0.055625 0.052625
8 0.266211 0.18376 0.0539844 0.0511458
8 0.353031 0.422396 0.0597812 0.0822917
8 0.421141 0.404479 0.117969 0.0940417
8 0.436711 0.495333 0.115359 0.180625
8 0.25975 0.451073 0.070125 0.126604
8 0.303086 0.13224 0.0744531 0.0580208
8 0.317812 0.18325 0.058875 0.0646667
8 0.263703 0.303823 0.102844 0.220979
8 0.3205 0.540344 0.168063 0.140354
8 0.647414 0.59226 0.0895781 0.131896
8 0.410195 0.316792 0.0705781 0.0721667
8 0.419891 0.420979 0.0309687 0.0200833
8 0.733047 0.558771 0.208188 0.139875
8 0.451773 0.373854 0.0383906 0.050375
8 0.381875 0.639125 0.0949375 0.092375
8 0.288516 0.326656 0.0843437 0.120146
8 0.699734 0.67176 0.0675625 0.0718958
8 0.545086 0.591125 0.0853906 0.0715833
8 0.315172 0.47925 0.0713125 0.0880417
8 0.1575 0.259365 0.0755938 0.0784375
42 0.531336 0.335365 0.130047 0.212771
42 0.369852 0.169594 0.133984 0.0857708
42 0.405516 0.274927 0.17625 0.161979
42 0.344258 0.0955729 0.160484 0.0853542
42 0.864164 0.544469 0.0682344 0.124229
42 0.799219 0.669635 0.087875 0.119396
59 0.491203 0.697719 0.389 0.199937
59 0.355703 0.375781 0.0216875 0.0456042