34 0.23053 0.877867 0.0815 0.150293
34 0.58809 0.381053 0.03454 0.0525067
34 0.26545 0.320173 0.0329 0.03112
34 0.10179 0.43048 0.02754 0.0220267
34 0.44135 0.236187 0.0173 0.0449067
34 0.2947 0.668587 0.04832 0.02992
34 0.90656 0.51948 0.025 0.0454667
34 0.84143 0.836613 0.04066 0.0175467
34 0.95354 0.776253 0.03776 0.0233867
34 0.01514 0.477173 0.03028 0.03888
14 0.7338 0.439933 0.20672 0.122693
14 0.44824 0.324907 0.07048 0.08208
14 0.44649 0.921227 0.26098 0.0967467
14 0.55826 0.860747 0.2138 0.278507
14 0.81871 0.906027 0.12942 0.146347
14 0.2996 0.293507 0.0994 0.0610933
14 0.92168 0.346973 0.15664 0.139387
14 0.03405 0.418027 0.0453 0.11056
14 0.11527 0.540253 0.21754 0.104613
14 0.52925 0.88564 0.42986 0.128827
14 0.81244 0.492253 0.10776 0.07752
14 0.26435 0.857387 0.16446 0.0416
14 0.96358 0.32456 0.07028 0.10688
14 0.19359 0.375627 0.16866 0.0541867
14 0.37955 0.642787 0.09902 0.0560267
14 0.38297 0.374013 0.1725 0.0874933
14 0.8082 0.582973 0.12924 0.0751733
14 0.03067 0.368347 0.06134 0.13696
14 0.5821 0.440733 0.05384 0.0561867
14 0.42868 0.766 0.0736 0.131467
14 0.16773 0.459067 0.09326 0.128
14 0.26227 0.48116 0.07422 0.0831733
14 0.53144 0.602893 0.09836 0.0743733
14 0.08988 0.36584 0.04716 0.156907
14 0.47566 0.255093 0.06736 0.116267
14 0.85554 0.553693 0.19276 0.104667
14 0.91305 0.95344 0.10702 0.09312
14 0.49195 0.47268 0.16494 0.0807733