33 0.554594 0.746372 0.047875 0.0197713
33 0.531047 0.645915 0.0232187 0.0410187
33 0.556727 0.666933 0.0312969 0.0853846
33 0.529102 0.575291 0.195828 0.0776507
33 0.507906 0.55947 0.254219 0.0892516
33 0.512141 0.648108 0.0204063 0.0327235
33 0.540391 0.6279 0.211969 0.0442412
33 0.493852 0.668337 0.0184531 0.0606237
33 0.514336 0.600385 0.229266 0.0764449
33 0.53943 0.691143 0.0278906 0.0241996
33 0.602633 0.650166 0.0448281 0.0368399
33 0.477992 0.685509 0.0727031 0.0442827
33 0.422453 0.671143 0.0846875 0.0334719
33 0.576828 0.561933 0.0460625 0.0165073
33 0.626578 0.574262 0.0409687 0.0272765
33 0.441352 0.525114 0.0445781 0.0199168
33 0.589742 0.63604 0.0289844 0.019896
33 0.486719 0.727661 0.0552188 0.0350312
33 0.483656 0.6008 0.117938 0.0838877
33 0.437406 0.600998 0.0504062 0.0351351
33 0.570719 0.647609 0.0175625 0.0444491
33 0.404203 0.614761 0.0760312 0.100707
33 0.59118 0.603108 0.0182344 0.00987526