8 0.03791 0.447658 0.07282 0.0615015
8 0.10826 0.58964 0.01896 0.0559159
8 0.04176 0.625075 0.08352 0.0496096
8 0.78936 0.59009 0.02836 0.0318919
8 0.03589 0.670736 0.07178 0.0514414
8 0.48 0.54018 0.19928 0.276637
8 0.03434 0.30991 0.05608 0.0681682
8 0.11464 0.413408 0.03104 0.207297
8 0.06549 0.355375 0.05842 0.0435435
8 0.80043 0.522042 0.03614 0.0384985
8 0.8134 0.651396 0.02764 0.0457958
8 0.07493 0.495105 0.0691 0.243784
8 0.04827 0.563649 0.04482 0.0733033
8 0.70588 0.473889 0.03856 0.0351652
8 0.04278 0.441471 0.08296 0.20979
8 0.77275 0.38494 0.1121 0.189399
8 0.83386 0.562568 0.0868 0.0573874
8 0.05673 0.299339 0.10634 0.145526
8 0.83786 0.58979 0.0372 0.0535135
8 0.09142 0.574159 0.02084 0.0858559
8 0.81107 0.584009 0.0307 0.0443544
8 0.87209 0.603273 0.02614 0.0563363
8 0.79469 0.626156 0.0305 0.0350751
8 0.1263 0.501847 0.01856 0.166396
8 0.7868 0.607432 0.0082 0.0113814
8 0.86881 0.747237 0.0189 0.0195195
8 0.76659 0.558033 0.0231 0.0286186
8 0.8088 0.71973 0.02996 0.0335135
8 0.83783 0.668438 0.02706 0.0392192
8 0.7393 0.638498 0.02704 0.0310511
8 0.01755 0.576216 0.03022 0.0387988
8 0.13923 0.421907 0.03218 0.184955
8 0.03601 0.406697 0.02058 0.0347748
8 0.02995 0.531021 0.0253 0.0566967
8 0.02713 0.467913 0.05426 0.0384084
8 0.86499 0.649069 0.01866 0.0532132
8 0.75289 0.57512 0.0219 0.0324024
8 0.8581 0.712853 0.0374 0.0456456
8 0.66909 0.443619 0.02986 0.0372673