15 0.986659 0.28432 0.0266824 0.0387344
15 0.956106 0.324836 0.0877882 0.0502969
15 0.890153 0.384383 0.0788471 0.0566719
15 0.974012 0.433906 0.0504706 0.0745313
15 0.956 0.376367 0.0875765 0.0705469
15 0.880659 0.431422 0.121176 0.067625
15 0.820071 0.4995 0.1 0.0734687
14 0.288659 0.799617 0.0330353 0.0283906
14 0.227965 0.871414 0.0541882 0.0370469
14 0.177353 0.893586 0.0504235 0.0350469
14 0.501212 0.813047 0.0276941 0.0225625
14 0.3776 0.819648 0.0709176 0.0462969
14 0.158729 0.864297 0.0285647 0.0300625
14 0.400212 0.896516 0.0420235 0.0394375
14 0.233906 0.800117 0.0952941 0.0251406
14 0.336059 0.864008 0.0444471 0.0344531
14 0.421965 0.875164 0.0433176 0.0280156
14 0.428765 0.802406 0.0826118 0.08875
14 0.200929 0.863562 0.0388941 0.02775
14 0.314235 0.832945 0.0734588 0.0430781
14 0.265471 0.787422 0.0375294 0.0571875
14 0.451329 0.894687 0.0462353 0.0286563
14 0.225294 0.787094 0.0491294 0.0274375
14 0.263718 0.920852 0.0368941 0.0301719
14 0.3974 0.755031 0.0367294 0.0501875
14 0.488706 0.83982 0.0552 0.0338281
14 0.533459 0.812398 0.0393412 0.0637656
14 0.203871 0.828047 0.0835059 0.0255937
14 0.430941 0.910227 0.0298353 0.0110781
14 0.241671 0.904305 0.0500235 0.0322344
14 0.227671 0.82093 0.143529 0.0231406
14 0.333035 0.761969 0.109694 0.0595
14 0.512506 0.79282 0.038 0.0166406
14 0.323624 0.890383 0.0423529 0.0240781
14 0.505071 0.879148 0.0342353 0.0255781
14 0.353129 0.777516 0.0564235 0.0479062
14 0.233035 0.835648 0.110918 0.0327969
14 0.290106 0.897711 0.0322588 0.0294219
14 0.471659 0.793484 0.0409176 0.0702187
14 0.361753 0.883117 0.0427529 0.0292344
14 0.505306 0.911055 0.0292 0.0257656
14 0.296612 0.919109 0.0365176 0.0165937
14 0.5464 0.791359 0.0438118 0.023
14 0.294765 0.866781 0.0406353 0.02875
14 0.366824 0.801617 0.0866824 0.0308281
14 0.387318 0.832 0.0418353 0.0386875
14 0.312365 0.742586 0.0667529 0.0241094
14 0.314576 0.802578 0.0323059 0.0278125
14 0.176976 0.856328 0.0316941 0.0285313
14 0.258529 0.87775 0.0448235 0.0350312
14 0.434306 0.845523 0.0564706 0.0355469
14 0.398706 0.780687 0.0866824 0.06475
14 0.461188 0.920133 0.0423294 0.0279531
14 0.375976 0.863711 0.0390118 0.0211719
14 0.492718 0.777937 0.0449176 0.0165937
33 0.329953 0.965844 0.0646588 0.0306875
33 0.349953 0.93407 0.192329 0.0422344
33 0.420071 0.980125 0.152518 0.028125
33 0.518459 0.978594 0.0634118 0.00678125
33 0.356929 0.912766 0.0715059 0.0136875
33 0.309765 0.944266 0.117035 0.00871875
33 0.312259 0.930344 0.0588706 0.0168125
33 0.268012 0.972016 0.0970588 0.023125
33 0.389612 0.971398 0.0696235 0.0572031
33 0.400788 0.931172 0.108871 0.0264062
33 0.506482 0.985477 0.118376 0.0290469
33 0.2902 0.952031 0.0335294 0.00715625
33 0.373765 0.986578 0.0315765 0.0114687
33 0.448624 0.942047 0.0796471 0.0311875
33 0.307141 0.956422 0.0324 0.0164375
33 0.331682 0.965562 0.0347529 0.068875
33 0.493282 0.960953 0.0634118 0.0115312
33 0.625047 0.915172 0.0351765 0.169656
33 0.278588 0.987367 0.0757176 0.0142031
33 0.183565 0.986234 0.0335765 0.0073125
33 0.366812 0.971945 0.216871 0.0299844
33 0.238447 0.994422 0.0272471 0.00878125
33 0.503271 0.95125 0.122588 0.028625
33 0.406129 0.962875 0.0539529 0.0560312
33 0.220188 0.987656 0.0253176 0.0100625
33 0.258918 0.932172 0.0479059 0.0161875
33 0.260694 0.965945 0.0274118 0.0104844
33 0.174224 0.988891 0.0264706 0.0222188
33 0.427847 0.946906 0.0721176 0.0299687
33 0.391341 0.880664 0.0435765 0.0711719
33 0.375165 0.9785 0.0339529 0.00959375
33 0.626447 0.536258 0.0473882 0.0116094
33 0.497976 0.970391 0.0231059 0.0112187
33 0.448129 0.994656 0.0357412 0.0106875
33 0.251094 0.986453 0.00938824 0.00625
33 0.375094 0.99618 0.0124941 0.00432813
33 0.726141 0.537281 0.0234353 0.00590625
33 0.538671 0.97343 0.01 0.00804688
33 0.398824 0.953039 0.0254588 0.00864063
59 0.00922353 0.643664 0.0184471 0.0182969
59 0.0872588 0.571461 0.0196941 0.0137969
59 0.2944 0.600648 0.0136471 0.0120781
59 0.180506 0.633945 0.0294824 0.0184531
59 0.184494 0.568211 0.0297882 0.0130156
59 0.157059 0.656828 0.0360941 0.019125
59 0.220071 0.605383 0.0269176 0.0162031
59 0.275318 0.580148 0.0266824 0.0159844
59 0.277282 0.593953 0.03 0.0165313
59 0.133082 0.598969 0.0307765 0.0160625
59 0.166635 0.603875 0.0350118 0.0234375
59 0.181153 0.560508 0.0242824 0.0100469
59 0.129235 0.554445 0.0257647 0.0110781
59 0.202388 0.614492 0.0307059 0.0175781
59 0.0854 0.651055 0.0216706 0.0146719
59 0.150588 0.550281 0.0256471 0.0146875
59 0.243176 0.597938 0.0286118 0.0156563
59 0.127118 0.63775 0.0376235 0.0215938
59 0.263529 0.618031 0.0235765 0.0174375
59 0.159259 0.587586 0.0292 0.0171719
59 0.0495765 0.584937 0.0228706 0.010625
59 0.0229647 0.615039 0.0242824 0.0144844
59 0.0677882 0.631344 0.0243765 0.0165937
59 0.213424 0.645094 0.0286824 0.0200625
59 0.198459 0.64768 0.0229412 0.0174531
59 0.0214471 0.630414 0.0328235 0.0186406
59 0.107271 0.665461 0.0303059 0.0165156
59 0.247906 0.652117 0.0271059 0.0122031
59 0.187612 0.588008 0.0251059 0.0129844
59 0.176059 0.651383 0.0306588 0.0195469
59 0.1056 0.601953 0.0312 0.0159063
59 0.143965 0.584742 0.0188941 0.0124219
59 0.235165 0.641516 0.0215765 0.0186562
59 0.0724471 0.591922 0.0297412 0.0145
59 0.0672588 0.567883 0.0267059 0.0155156
59 0.147471 0.614219 0.0304235 0.0202188
59 0.235153 0.619734 0.0356235 0.0192187
59 0.104094 0.652078 0.0239059 0.0150937
59 0.220118 0.629078 0.0262118 0.0174375
59 0.187424 0.578328 0.0319294 0.0150625
59 0.102506 0.562273 0.00543529 0.00567187
59 0.305424 0.638484 0.0179529 0.0145
59 0.0471882 0.616633 0.0321647 0.0148281
59 0.281941 0.619234 0.0209176 0.0147813
59 0.283435 0.609055 0.0228706 0.0186094
59 0.263165 0.645258 0.0311294 0.0177969
59 0.144106 0.576031 0.0315529 0.01475
59 0.0986353 0.636109 0.0383529 0.0203438
59 0.116129 0.568312 0.0206353 0.0132812
59 0.0505765 0.600516 0.0358824 0.0198125
59 0.0874118 0.562523 0.0248471 0.00785938
59 0.155706 0.626695 0.0304706 0.0184219
59 0.301282 0.613961 0.0213412 0.0151406
59 0.207635 0.586305 0.0171059 0.00720313
59 0.264224 0.605438 0.0187529 0.01425
59 0.0409294 0.568953 0.0253882 0.0109063
59 0.140294 0.562672 0.0222353 0.0134687
59 0.273247 0.632375 0.0244235 0.017875
59 0.0858941 0.664547 0.0239294 0.0150937
59 0.00862353 0.597625 0.0172471 0.0149062
59 0.199294 0.631055 0.0221176 0.0180156
59 0.1326 0.668391 0.03 0.015375
59 0.239671 0.587492 0.0294118 0.0167656
59 0.311482 0.627133 0.0173647 0.0132969
59 0.0799765 0.636391 0.0154353 0.0162188
59 0.319953 0.637336 0.0163765 0.00989063
59 0.113624 0.612203 0.0363765 0.017
59 0.123306 0.579766 0.0130118 0.00984375
59 0.157835 0.67025 0.0354824 0.0156563
59 0.0818118 0.606102 0.0249412 0.0137031
59 0.149965 0.641937 0.0273176 0.0181562
59 0.285965 0.644773 0.0219059 0.0141406
59 0.0659647 0.646922 0.0268 0.017875
59 0.290565 0.632742 0.0174118 0.0139219
59 0.105435 0.574461 0.0254588 0.0145469
59 0.252918 0.591398 0.0274824 0.0151719
59 0.0224235 0.658133 0.0245647 0.0153906
59 0.198882 0.661859 0.0252 0.0135
59 0.0328118 0.579602 0.0224706 0.0127031
59 0.249988 0.632336 0.0264235 0.0196094
59 0.231576 0.573695 0.0278118 0.0194844
59 0.0656 0.663609 0.0246118 0.0124688
59 0.0452471 0.659266 0.0355765 0.0189375
59 0.181988 0.667211 0.0245412 0.0138906
59 0.0268706 0.598437 0.0338824 0.0190625
59 0.130647 0.655641 0.0260941 0.0154687
59 0.177718 0.61743 0.0300706 0.0186094
59 0.229094 0.656133 0.0276941 0.0134531
59 0.208706 0.594695 0.0192 0.0112031
59 0.118106 0.561375 0.0255765 0.0124688
59 0.0617882 0.618766 0.024 0.0156563
59 0.0451176 0.630539 0.0276471 0.0155469
59 0.0875529 0.619125 0.0309647 0.0195938
59 0.120835 0.622211 0.0307059 0.0197344
59 0.0771059 0.577797 0.0112 0.00825
52 0.322282 0.479727 0.0260706 0.0131719
52 0.152788 0.472367 0.0289647 0.0136406
52 0.257388 0.494453 0.0360941 0.0169063
52 0.193976 0.516148 0.0229647 0.0144531
52 0.2892 0.496188 0.0288 0.0159375
52 0.171082 0.516766 0.0268706 0.01225
52 0.193341 0.478695 0.0296 0.0167031
52 0.236082 0.50618 0.026 0.0142656
52 0.320588 0.494242 0.0378824 0.0192031
52 0.351035 0.515844 0.0266353 0.0152187
52 0.241224 0.518281 0.0260706 0.0121563
52 0.268294 0.516312 0.0292 0.0144687
52 0.244518 0.481453 0.0233412 0.0159688
52 0.151847 0.514844 0.0248235 0.014125
52 0.311894 0.504617 0.0305647 0.0152656
52 0.191435 0.470766 0.0301176 0.0129688
52 0.240094 0.467883 0.0235765 0.0122031
52 0.3666 0.516703 0.0124 0.0101875
52 0.188553 0.505602 0.0273176 0.0170469
52 0.276376 0.464461 0.0210824 0.0106719
52 0.326776 0.516836 0.0256941 0.0144531
52 0.261353 0.466961 0.0185647 0.00929687
52 0.294988 0.482984 0.0270118 0.018125
52 0.168965 0.501836 0.0210824 0.0191719
52 0.217694 0.516086 0.0274353 0.0150781
52 0.230224 0.494391 0.0203529 0.0119375
52 0.309424 0.48275 0.00849412 0.0115
52 0.254882 0.475062 0.0315059 0.0121875
52 0.298188 0.517758 0.0336941 0.0167656
52 0.344765 0.4915 0.0192706 0.0131875
52 0.1504 0.501867 0.0241412 0.0143906
52 0.285553 0.50782 0.0277647 0.0162031
52 0.258553 0.507352 0.0267059 0.0160469
52 0.269706 0.482953 0.0252471 0.0133125
52 0.335318 0.508617 0.0220235 0.0141719
52 0.362647 0.500469 0.0184706 0.0139063
52 0.169106 0.479914 0.0206118 0.0108594
52 0.286506 0.475086 0.0367294 0.0135781
52 0.212753 0.503672 0.0300706 0.01775
52 0.221365 0.485602 0.0221176 0.0134844
52 0.151953 0.486719 0.0279529 0.0163438
52 0.1818 0.489148 0.0247765 0.0136094
52 0.214306 0.469781 0.0149647 0.0079375
52 0.221882 0.475953 0.0278118 0.0127188
52 0.3788 0.510875 0.0231529 0.0181562