14 0.812844 0.50001 0.3725 0.999979
14 0.598812 0.771792 0.202406 0.306583
14 0.671195 0.603312 0.386328 0.689083
14 0.814719 0.695948 0.0938125 0.424188
14 0.901312 0.503177 0.196625 0.992104
47 0.664852 0.386969 0.113859 0.112104
47 0.528969 0.485865 0.0782188 0.145771
47 0.359523 0.452646 0.0623906 0.108167
47 0.49932 0.351813 0.124672 0.1535
52 0.462078 0.643042 0.1015 0.134083
52 0.224883 0.605323 0.0977656 0.124229
52 0.55368 0.591177 0.109609 0.204104
52 0.47768 0.514156 0.0566719 0.170313
52 0.571352 0.363063 0.0816719 0.114292
38 0.0866172 0.153333 0.173234 0.306667
38 0.300648 0.391333 0.187172 0.102708
38 0.287156 0.197521 0.358094 0.395042
38 0.0515625 0.329708 0.100063 0.14125
38 0.184836 0.35974 0.0280781 0.0625625
38 0.0750156 0.581969 0.0838125 0.0934792
38 0.26207 0.0566875 0.206203 0.11225
44 0.475578 0.1835 0.155469 0.217875
1 0.369937 0.604344 0.165625 0.228438
1 0.49875 0.351052 0.1245 0.153313
1 0.398258 0.831917 0.196734 0.286417