44 0.532414 0.30162 0.0361094 0.0635734
44 0.542125 0.352355 0.02375 0.0493075
44 0.125391 0.940665 0.046625 0.0839335
44 0.803312 0.654875 0.0300938 0.0428809
44 0.641242 0.465042 0.0244844 0.045651
44 0.825703 0.35115 0.0150625 0.0202493
44 0.341469 0.454363 0.017 0.0536011
44 0.204039 0.363144 0.0165156 0.0351524
44 0.0879766 0.325512 0.0215781 0.0587258
44 0.443656 0.611496 0.0366875 0.0931856
44 0.286477 0.563393 0.0269844 0.0692244
44 0.73425 0.622299 0.034625 0.0559003
44 0.112047 0.860706 0.0269375 0.0769806
44 0.0929609 0.74036 0.0565781 0.0890859
44 0.626375 0.508975 0.032625 0.060277
44 0.204492 0.880554 0.0452031 0.0857618
44 0.405016 0.67295 0.031875 0.0816343
44 0.542508 0.491662 0.0359219 0.0771745
44 0.155078 0.87036 0.0551562 0.104875
44 0.454094 0.527493 0.0403437 0.0819668
44 0.508469 0.426025 0.0302812 0.0479501
44 0.615922 0.38036 0.037 0.0714127
44 0.114922 0.585706 0.0498437 0.0866482
44 0.506055 0.320914 0.0328906 0.0694737
44 0.803898 0.409695 0.0233281 0.0514127
44 0.550437 0.60331 0.0112187 0.0141551
44 0.407633 0.52662 0.0369219 0.0761773
44 0.195148 0.955443 0.0373594 0.0741551
44 0.195617 0.566385 0.0432344 0.0641828
44 0.296016 0.501468 0.02925 0.0612742
44 0.595156 0.246274 0.0225938 0.0560388
44 0.37075 0.5641 0.0248125 0.0699169
44 0.571969 0.322465 0.0252188 0.0334072
44 0.0587891 0.714363 0.0503906 0.0907756
44 0.868719 0.462479 0.0275313 0.0520499
44 0.186523 0.828199 0.0515469 0.0795014
44 0.519836 0.689488 0.0382344 0.089723
44 0.816805 0.265873 0.0222031 0.0468144
44 0.621359 0.631745 0.0307187 0.0682548
44 0.0916719 0.631981 0.0507187 0.0598615
44 0.46443 0.352881 0.0286719 0.0620499
44 0.845844 0.419224 0.020625 0.052133
44 0.876641 0.474931 0.0184062 0.0428809
44 0.430445 0.324141 0.0252969 0.0324931
44 0.55975 0.339654 0.0300312 0.0596953
44 0.188883 0.487078 0.0486094 0.0745429
44 0.3155 0.559668 0.031875 0.0664266
44 0.54932 0.648296 0.0273594 0.0492244
44 0.113227 0.754889 0.0486406 0.0887258
44 0.785305 0.431302 0.0247969 0.0554017
37 0.113109 0.752825 0.0464687 0.0906925
37 0.286781 0.563338 0.0265 0.0707756
37 0.103781 0.632632 0.0275938 0.0604986
37 0.407367 0.526247 0.0369844 0.0784765
37 0.112383 0.860152 0.0268906 0.0786427
37 0.0980078 0.675762 0.0397344 0.0500831
37 0.102961 0.409875 0.0143281 0.0197507
37 0.0569297 0.717396 0.0462969 0.0839335
37 0.29582 0.502659 0.0291406 0.0608864
37 0.825242 0.351579 0.0160781 0.02
37 0.0877656 0.326676 0.0213125 0.06
37 0.59518 0.251662 0.0220156 0.0664266
37 0.186313 0.828047 0.05175 0.0780886
37 0.0929219 0.740776 0.0575 0.0909695
37 0.154891 0.869404 0.0548125 0.103684
37 0.802891 0.65554 0.0290938 0.0448753
37 0.188258 0.488393 0.0508281 0.0752355
37 0.785305 0.431288 0.0247656 0.055374
37 0.204555 0.880776 0.0460469 0.085651
37 0.734359 0.622327 0.034375 0.0562327
37 0.692219 0.229391 0.0224062 0.0401662
37 0.464422 0.352812 0.0288438 0.063241
37 0.194711 0.566981 0.0405781 0.065928
37 0.868586 0.462978 0.0263594 0.0531025
37 0.125477 0.940388 0.0469219 0.0833241
37 0.519891 0.68946 0.0388125 0.0900554
37 0.443656 0.611953 0.0359063 0.0943213
37 0.115531 0.586524 0.0505313 0.0861773
37 0.626547 0.509792 0.032 0.0615235
37 0.454516 0.52705 0.0396875 0.0818006
37 0.195711 0.942645 0.0365781 0.0467313
37 0.264047 0.466247 0.0447188 0.0863435
37 0.430555 0.32277 0.0252344 0.0327978
37 0.532367 0.301662 0.0357656 0.0643767
37 0.641414 0.466551 0.0243281 0.0479501
37 0.666109 0.677507 0.025375 0.0672576