23 0.491352 0.313508 0.0404219 0.0636748
23 0.409875 0.656425 0.0499062 0.076637
23 0.634437 0.445857 0.0304375 0.041559
23 0.211594 0.623452 0.039 0.0469042
23 0.689391 0.512561 0.0341875 0.0410245
23 0.637445 0.399076 0.0192344 0.0251002
23 0.460609 0.348653 0.0442813 0.0743653
23 0.269945 0.627238 0.0344219 0.0520267
23 0.813102 0.524633 0.0352031 0.0618708
23 0.264867 0.703408 0.0517031 0.0751002
23 0.628961 0.744454 0.0412656 0.0686414
23 0.564234 0.839677 0.0386875 0.0536971
23 0.523117 0.306381 0.0286094 0.059755
23 0.42925 0.357116 0.0246562 0.0430958
23 0.498187 0.361871 0.0403125 0.0536748
23 0.660125 0.204967 0.0287813 0.0508241
23 0.219398 0.362294 0.0475781 0.0669042
23 0.462906 0.454733 0.0471562 0.0574388
23 0.806516 0.367171 0.0369063 0.064098
23 0.525539 0.647272 0.0498594 0.047951
23 0.768109 0.46578 0.0319375 0.0457238
23 0.539797 0.363151 0.0415 0.054098
23 0.782906 0.57451 0.041125 0.0446993