59 0.64475 0.759638 0.0221875 0.0537681
59 0.783523 0.544545 0.0415469 0.0334369
59 0.844016 0.60853 0.042 0.0400828
59 0.606773 0.536304 0.0337344 0.0479296
59 0.595234 0.708437 0.043875 0.0566253
59 0.844328 0.67942 0.04775 0.0497308
59 0.708461 0.770735 0.0438906 0.0815528
59 0.693102 0.79146 0.0250781 0.034472
59 0.818641 0.640373 0.0369375 0.0330849
59 0.568727 0.701449 0.0392344 0.0418219
59 0.783391 0.756667 0.0757812 0.0718012
59 0.740258 0.765849 0.0593281 0.089089
59 0.611867 0.739669 0.0600156 0.0645963
59 0.667734 0.499938 0.0249375 0.0384679
59 0.739281 0.510621 0.0396562 0.0270393
59 0.581484 0.540311 0.0177813 0.0156522
59 0.759687 0.525714 0.0496562 0.0172257
59 0.711414 0.501708 0.0266719 0.0456522
59 0.810023 0.746242 0.0585781 0.0587371
59 0.821172 0.723592 0.0692187 0.0507867
59 0.547656 0.623282 0.0480938 0.041677
59 0.563891 0.663147 0.0465938 0.0382195
59 0.567172 0.570186 0.0379063 0.0425673
59 0.688211 0.502609 0.0193281 0.0223188
59 0.810508 0.601605 0.0489219 0.0289648
59 0.820945 0.619586 0.0315156 0.0356522
59 0.804078 0.574783 0.061 0.0356108
59 0.666203 0.760248 0.0375937 0.0713043
59 0.564203 0.597878 0.0450313 0.0543892
59 0.847438 0.644172 0.031125 0.0340994
38 0.785648 0.632319 0.0447656 0.0730849
38 0.637195 0.686108 0.0346719 0.0323395
38 0.74525 0.693406 0.0390625 0.0961698
38 0.690914 0.680766 0.0698594 0.0591718
38 0.765758 0.568799 0.0326719 0.043147
38 0.766992 0.600828 0.0296406 0.027205
38 0.699492 0.516749 0.0620156 0.0438923
38 0.619266 0.650528 0.0658125 0.0324017
38 0.733648 0.557495 0.0448594 0.0474534
38 0.612789 0.501201 0.0187031 0.0389648
38 0.617023 0.623302 0.0424844 0.0252795
38 0.642297 0.627505 0.0169687 0.0243685
38 0.771219 0.695404 0.0460313 0.0521325
38 0.669602 0.629855 0.0436406 0.0459627
38 0.695156 0.552484 0.034625 0.0448033
38 0.707719 0.631522 0.043875 0.0373706
38 0.660734 0.612205 0.028 0.0235404
38 0.685562 0.532081 0.0330625 0.0220497