57 0.975187 0.55132 0.0472187 0.0425469
57 0.833445 0.568211 0.153328 0.128203
13 0.871977 0.705984 0.207266 0.161187
13 0.54075 0.747742 0.240906 0.159797
13 0.955617 0.542969 0.0477344 0.0325625
13 0.975211 0.763523 0.0495781 0.109547
61 0.918008 0.578289 0.0818281 0.154328
61 0.532469 0.817578 0.167313 0.09
61 0.880984 0.571922 0.0516563 0.17
61 0.869281 0.504188 0.0325625 0.0666563
32 0.989664 0.625219 0.0206719 0.0434063
32 0.880453 0.682477 0.0744688 0.0635469
32 0.96818 0.598117 0.0636406 0.0670469
32 0.968992 0.674188 0.0597656 0.0620625
32 0.933945 0.719523 0.0802969 0.0577656
32 0.959531 0.645555 0.0483438 0.0467344