11 0.73273 0.157253 0.20546 0.28048
17 0.44911 0.85496 0.70286 0.29008
17 0.29306 0.189747 0.16328 0.15128
17 0.69984 0.613173 0.33796 0.127787
17 0.69672 0.466427 0.3464 0.238987
14 0.56878 0.69924 0.209 0.0848267
14 0.67113 0.79876 0.09922 0.0995467
14 0.62105 0.678733 0.1949 0.054
14 0.53946 0.75476 0.1268 0.0280267
14 0.55718 0.80496 0.21316 0.0832533
14 0.70866 0.724613 0.21116 0.110773
1 0.35754 0.104547 0.09212 0.121787
1 0.22068 0.68628 0.08364 0.109253
1 0.16697 0.455933 0.08346 0.110267
1 0.15527 0.573053 0.08654 0.12616
1 0.27671 0.08212 0.0757 0.08536
1 0.13033 0.690093 0.09574 0.119067
1 0.1634 0.345147 0.09172 0.118187
1 0.29926 0.718693 0.08392 0.107253
1 0.1955 0.13264 0.08988 0.10528
1 0.16285 0.22828 0.08526 0.11608
1 0.2069 0.79244 0.085 0.113093