59 0.886555 0.302135 0.136547 0.196771
59 0.380945 0.107948 0.0571094 0.0497292
59 0.920406 0.382375 0.058375 0.120125
14 0.563609 0.667552 0.104875 0.0823958
14 0.402711 0.415667 0.0497969 0.0245
14 0.266156 0.325948 0.0438438 0.0246042
14 0.209445 0.611198 0.0885781 0.0795208
14 0.368719 0.671417 0.151781 0.232583
14 0.581289 0.620896 0.0495469 0.069875
14 0.189031 0.513521 0.045 0.0515417
14 0.486891 0.693656 0.118844 0.158729
14 0.1035 0.224271 0.0412813 0.0593333
14 0.235133 0.60699 0.0725781 0.130354
14 0.12182 0.542438 0.0760156 0.0793333
14 0.185258 0.488927 0.0167656 0.0216875
14 0.444375 0.404063 0.0770312 0.0267917
14 0.605578 0.599281 0.0238438 0.0287292
14 0.619313 0.787719 0.168875 0.229063
14 0.411297 0.658844 0.075 0.205396
14 0.274883 0.59976 0.0152656 0.0195208
14 0.267844 0.585333 0.0432813 0.045125
43 0.537141 0.188979 0.0429062 0.0659583
43 0.818289 0.18575 0.0612656 0.05125
43 0.711781 0.185687 0.0602812 0.080875
43 0.522086 0.165271 0.0658594 0.0990833
43 0.487875 0.635667 0.056125 0.0726667
43 0.74907 0.224333 0.146641 0.063125
43 0.826641 0.150479 0.0643125 0.059625
43 0.556977 0.58074 0.0641406 0.0963125
43 0.604758 0.127677 0.0478594 0.0340625
43 0.146906 0.492302 0.062125 0.0538542
43 0.747828 0.138219 0.0439375 0.148062
43 0.484445 0.128417 0.142703 0.0807917
43 0.77018 0.200385 0.0421094 0.0536042
43 0.521328 0.476687 0.07125 0.08425
43 0.430969 0.1095 0.0946562 0.0771667
43 0.726688 0.0929583 0.0532188 0.060375
43 0.36975 0.56076 0.02175 0.0301042