1 0.88764 0.699039 0.0420998 0.0320469
1 0.197859 0.226008 0.395717 0.286266
1 0.549563 0.657719 0.100166 0.168938
1 0.680385 0.53293 0.194075 0.181828
1 0.456809 0.0835469 0.433576 0.167094
1 0.715624 0.750414 0.261559 0.226047
1 0.608857 0.206219 0.398919 0.254125
1 0.531559 0.451766 0.176258 0.0629062
1 0.715437 0.624242 0.159189 0.0908594
1 0.302245 0.703734 0.121414 0.0862187
1 0.852765 0.548227 0.122952 0.0641406
1 0.384719 0.514289 0.191393 0.188484
1 0.612048 0.681391 0.212952 0.206375
1 0.857983 0.782891 0.119875 0.105281
1 0.508316 0.577711 0.175884 0.236328
1 0.286268 0.623141 0.219106 0.117719
1 0.389491 0.68375 0.0776507 0.172187
1 0.0349272 0.582672 0.0698545 0.152438
1 0.825988 0.642242 0.0886902 0.0811719
1 0.301902 0.760461 0.254075 0.167609