8 0.189823 0.767664 0.153646 0.180297
8 0.195677 0.903984 0.185938 0.192031
8 0.0213542 0.727945 0.039125 0.0770781
8 0.0676354 0.820555 0.0887708 0.135672
8 0.132896 0.534258 0.132458 0.104391
8 0.140521 0.650195 0.277708 0.103859
8 0.178875 0.649625 0.166417 0.115813
14 0.838083 0.207289 0.28225 0.0413594
14 0.796354 0.221797 0.0435417 0.0417812
14 0.663719 0.173281 0.0534375 0.0324375
14 0.98576 0.296906 0.0284792 0.0249062
14 0.140365 0.648914 0.280729 0.105016
14 0.189823 0.765539 0.148521 0.175641
14 0.811938 0.260117 0.046875 0.0257031
14 0.557083 0.235086 0.0525417 0.0399844
14 0.773729 0.14632 0.0382083 0.0156406
14 0.0676146 0.818297 0.0877708 0.131219
14 0.879208 0.212844 0.04025 0.0258125
14 0.606031 0.216844 0.0499375 0.0325312
14 0.659927 0.242477 0.0441458 0.0304844
14 0.711083 0.179563 0.0475 0.0337812
14 0.80001 0.825047 0.0360208 0.0367813
14 0.98426 0.66768 0.0314792 0.101578
14 0.841854 0.222422 0.0425833 0.0269688
14 0.611365 0.176008 0.0300625 0.0237656
14 0.83426 0.152422 0.0543542 0.025875
14 0.908042 0.258937 0.0530833 0.0326875
14 0.859708 0.296477 0.0359167 0.0181406
14 0.986833 0.216805 0.0250833 0.0335156
14 0.758052 0.165078 0.0281875 0.0204688
14 0.938625 0.247781 0.0495417 0.0352813
14 0.833427 0.202211 0.0229375 0.0161094
14 0.698594 0.240664 0.0356875 0.0272969
14 0.728427 0.155906 0.0351875 0.0195
14 0.636979 0.192086 0.0304583 0.0290781
14 0.87926 0.24218 0.0351875 0.0190781
14 0.932875 0.304844 0.0403333 0.0111875
14 0.846458 0.194227 0.0410833 0.0327031
14 0.695729 0.266617 0.0387083 0.0348594
14 0.583396 0.184922 0.0442917 0.0298125