11 0.574853 0.678203 0.0371895 0.0564052
11 0.73384 0.647753 0.0555556 0.0424673
11 0.869853 0.585131 0.0682026 0.0461438
11 0.65857 0.80942 0.0463562 0.0591993
11 0.954036 0.551013 0.0919281 0.0824183
11 0.647475 0.517672 0.0797549 0.0806046
11 0.818023 0.782361 0.0295098 0.0502451
11 0.952092 0.736029 0.0646078 0.0587255
11 0.927982 0.794101 0.0643627 0.0636275
11 0.830065 0.652868 0.0771895 0.0528268
11 0.769003 0.827034 0.0727451 0.0544608
11 0.946103 0.688913 0.072598 0.0647876
11 0.861716 0.730507 0.0669281 0.06
11 0.817165 0.711544 0.0353105 0.0355719
11 0.650057 0.729126 0.051585 0.0771732
11 0.656797 0.615784 0.0512745 0.056634
11 0.701127 0.573391 0.0506863 0.0597876
11 0.588448 0.614853 0.074085 0.054902
11 0.701356 0.84884 0.0451307 0.0512745
11 0.971716 0.615768 0.0482026 0.0602614
11 0.646103 0.576046 0.0639052 0.0430719
11 0.982181 0.639616 0.0328268 0.0279575
11 0.936895 0.867492 0.0430719 0.0456373
11 0.607288 0.757949 0.0415359 0.0276961
11 0.742034 0.477802 0.0513235 0.0473039
11 0.797124 0.857508 0.124412 0.13299
11 0.87817 0.819984 0.0386601 0.0472876
11 0.796258 0.56857 0.0797386 0.0425654
11 0.599828 0.708031 0.0498203 0.0512908
11 0.834722 0.752949 0.0317974 0.0484477
11 0.595016 0.584297 0.0495752 0.0512092
11 0.817966 0.443407 0.136291 0.114069
11 0.885302 0.548333 0.0425654 0.0423203
11 0.714297 0.521038 0.0444771 0.0462255
11 0.732753 0.742933 0.0839052 0.0863235
11 0.874216 0.869493 0.0433333 0.0511438
11 0.691275 0.770784 0.0693791 0.0515033
11 0.840989 0.615433 0.0736438 0.0536111
11 0.623807 0.651438 0.0394118 0.0306209
11 0.911462 0.64692 0.0695261 0.0622386
11 0.880752 0.665237 0.0533007 0.0580556