42 0.489719 0.873524 0.0365938 0.109293
42 0.565289 0.619549 0.0585469 0.0609024
42 0.181898 0.604366 0.0299219 0.0684878
42 0.256336 0.383646 0.0371406 0.0469512
42 0.230656 0.707744 0.0269688 0.0932439
42 0.430781 0.532256 0.0540312 0.0999268
42 0.366492 0.969683 0.0289219 0.0606341
42 0.305461 0.507793 0.0210469 0.0312927
42 0.365391 0.407878 0.0367813 0.104195
42 0.215797 0.495073 0.0310312 0.0674634
42 0.181531 0.746159 0.0337812 0.0452927
42 0.334133 0.771573 0.0717969 0.0840244
42 0.125508 0.948793 0.0329219 0.0412927