38 0.48518 0.616114 0.558547 0.726157
37 0.435102 0.513199 0.197141 0.188275
50 0.203227 0.487282 0.129234 0.497358
59 0.424359 0.577183 0.3195 0.266507
52 0.902625 0.656648 0.124562 0.0873144
52 0.844914 0.485841 0.156984 0.0584061
52 0.865492 0.532664 0.183391 0.0383406
52 0.872773 0.494793 0.192578 0.105611
52 0.914062 0.588155 0.171875 0.0609825
52 0.807742 0.579858 0.137203 0.086179
52 0.879117 0.568941 0.139922 0.0434279
52 0.832633 0.443985 0.165766 0.0682314
52 0.789812 0.516583 0.157469 0.0506769
52 0.920406 0.471026 0.136156 0.0424017
52 0.724437 0.499651 0.156313 0.0475109
52 0.814891 0.644847 0.156594 0.03869
52 0.778047 0.688461 0.0940938 0.0633406
52 0.839164 0.618111 0.193422 0.0546943
52 0.784445 0.700033 0.121766 0.0877074