11 0.151641 0.491396 0.165563 0.237292
11 0.0827187 0.329156 0.160656 0.238021
11 0.734516 0.643177 0.167625 0.264396
11 0.836328 0.578094 0.118875 0.248104
11 0.584047 0.78049 0.176437 0.132396
11 0.62093 0.015375 0.0684531 0.03075
11 0.097875 0.201167 0.147719 0.192708
11 0.331062 0.706729 0.229781 0.287417
11 0.892016 0.285979 0.134063 0.267208
11 0.237328 0.142187 0.16225 0.170833
11 0.157398 0.693604 0.150234 0.225708
11 0.748945 0.151396 0.0663906 0.0439167
11 0.665977 0.0997083 0.0982031 0.120375
11 0.91743 0.475635 0.165141 0.248146