11 0.715234 0.299178 0.0807812 0.14906
11 0.683047 0.77688 0.1025 0.150052
11 0.769422 0.254034 0.0525312 0.116319
11 0.527523 0.228225 0.0635781 0.0840731
11 0.669773 0.378368 0.0741719 0.0886945
11 0.562648 0.193407 0.0867656 0.13423
11 0.631078 0.235157 0.0943438 0.10248
11 0.761664 0.171554 0.0492969 0.0880679
11 0.565758 0.27577 0.125609 0.054517
11 0.590641 0.352193 0.0923438 0.116606
11 0.615609 0.0760705 0.154781 0.0914621
11 0.530242 0.111292 0.0280469 0.136371
11 0.730586 0.218721 0.0411719 0.17953
11 0.55775 0.112389 0.0292812 0.0454047
11 0.659547 0.680483 0.119969 0.139086
11 0.682789 0.894047 0.103703 0.148198
11 0.662547 0.129399 0.0568125 0.0628198
14 0.623219 0.811932 0.0644687 0.144856
14 0.209734 0.221305 0.0365938 0.0413577
14 0.315656 0.510261 0.0389688 0.0600522
14 0.272375 0.158068 0.0339375 0.0457963
14 0.394469 0.383003 0.0451562 0.0914883
14 0.286687 0.185078 0.0585938 0.0385117