52 0.470227 0.63976 0.131141 0.169937
52 0.261305 0.235177 0.169672 0.278104
52 0.706852 0.170271 0.0292656 0.0616667
52 0.345367 0.544156 0.137359 0.220021
52 0.432914 0.4455 0.0885156 0.239125
52 0.465852 0.192594 0.155516 0.239854
52 0.581195 0.101938 0.0747656 0.110417
52 0.493836 0.275677 0.0759219 0.113146
52 0.364398 0.235885 0.0803594 0.124812
14 0.479531 0.195667 0.130438 0.0544583
14 0.745781 0.757156 0.0415937 0.138979
14 0.700523 0.852656 0.0260469 0.183771
14 0.736883 0.399813 0.0671406 0.194667
14 0.499859 0.749281 0.0765312 0.0523125
14 0.725844 0.532948 0.0761563 0.0946042
14 0.543461 0.314281 0.0386406 0.0618125
14 0.543805 0.794177 0.124734 0.206021
14 0.815211 0.595198 0.0478906 0.119521
14 0.628273 0.66449 0.194703 0.204687
14 0.719188 0.634031 0.0911563 0.0971875
14 0.792336 0.507365 0.0477031 0.0788542
14 0.83693 0.357875 0.0419219 0.0330833