14 0.32145 0.75228 0.05534 0.04248
14 0.7043 0.57453 0.08364 0.05406
14 0.79959 0.16338 0.0581 0.08056
14 0.18128 0.79064 0.05292 0.04244
14 0.10298 0.85897 0.03536 0.01534
14 0.86775 0.43577 0.02994 0.02634
14 0.80681 0.2713 0.08358 0.08892
14 0.76179 0.83354 0.0163 0.02944
14 0.89063 0.49928 0.03602 0.02716
14 0.64173 0.13387 0.0909 0.07738
14 0.87174 0.21863 0.05296 0.16934
14 0.89651 0.25222 0.06202 0.12668
14 0.47399 0.4976 0.0325 0.02312
14 0.30199 0.1914 0.04326 0.0452
14 0.65991 0.25049 0.08462 0.08622
14 0.32888 0.81368 0.06136 0.02584
14 0.4833 0.53733 0.03984 0.01794
14 0.68624 0.45614 0.04684 0.07328
14 0.68674 0.49275 0.04896 0.07666
14 0.33677 0.5281 0.01446 0.05236
14 0.83462 0.14141 0.06308 0.1657
14 0.75634 0.51745 0.03676 0.07994
14 0.75353 0.26173 0.08798 0.10846
14 0.88281 0.12199 0.07194 0.1569
14 0.34008 0.56564 0.03436 0.0368
14 0.13889 0.5213 0.05194 0.0188
14 0.53071 0.51126 0.04026 0.00888
14 0.20764 0.23611 0.13052 0.0887
14 0.71077 0.148 0.07426 0.09032
14 0.46407 0.55561 0.03122 0.0203
14 0.2803 0.47429 0.0256 0.06878
14 0.91549 0.14591 0.05018 0.2079
14 0.16235 0.86025 0.0645 0.0575
14 0.49676 0.56933 0.02632 0.01218
14 0.1376 0.81601 0.05856 0.03466
14 0.90496 0.50804 0.01372 0.01088
14 0.33539 0.57775 0.04334 0.01626
14 0.68881 0.21597 0.08046 0.0605
14 0.09916 0.83717 0.04284 0.0463
14 0.53927 0.56112 0.01534 0.0164
14 0.48626 0.52032 0.04888 0.01936
14 0.75199 0.85743 0.0303 0.02082
14 0.77318 0.10579 0.11164 0.09922
14 0.6963 0.83023 0.03284 0.03098
14 0.87731 0.45948 0.0259 0.01704
14 0.4084 0.21538 0.09024 0.1156
14 0.52992 0.53599 0.03316 0.02122
14 0.51234 0.5543 0.04092 0.02076
14 0.26022 0.93538 0.05584 0.03968
14 0.31732 0.51642 0.0242 0.02188
14 0.2635 0.25403 0.11976 0.0935
14 0.33864 0.4563 0.03796 0.04024
14 0.23391 0.78468 0.05858 0.04804
14 0.62726 0.88478 0.04452 0.02644
14 0.84032 0.44775 0.03988 0.02458
14 0.36055 0.24042 0.0787 0.10756
14 0.92852 0.50045 0.03532 0.02898
14 0.20159 0.03296 0.06174 0.03336
14 0.11109 0.76655 0.04326 0.04198
14 0.94544 0.46836 0.03272 0.03608
14 0.41235 0.17213 0.09106 0.1145
14 0.23236 0.86524 0.04484 0.0388
14 0.60623 0.53722 0.03354 0.0298
14 0.75405 0.4589 0.0365 0.0438
14 0.69846 0.85195 0.02976 0.02158
14 0.54618 0.55288 0.03496 0.01496
14 0.44126 0.51799 0.0424 0.02094
14 0.16909 0.76784 0.05034 0.0364
14 0.16019 0.93387 0.03818 0.04214
14 0.29864 0.10797 0.07908 0.05258
14 0.25781 0.88903 0.04734 0.0701
14 0.20222 0.92477 0.0646 0.06166
14 0.33487 0.20976 0.03426 0.0714
14 0.92963 0.43588 0.02538 0.02336
14 0.17966 0.55532 0.0286 0.02544
14 0.30251 0.7087 0.03702 0.01852
14 0.74322 0.83034 0.04076 0.03448
14 0.83543 0.26013 0.0643 0.11138
14 0.30067 0.4697 0.0295 0.06076
14 0.84227 0.49247 0.03402 0.01666
14 0.29776 0.57593 0.02836 0.01878
14 0.84542 0.47476 0.029 0.01628
14 0.09928 0.87662 0.0386 0.03232
14 0.31553 0.5564 0.03066 0.059
14 0.87553 0.47431 0.0229 0.0147
14 0.89744 0.44508 0.0374 0.03264
14 0.65673 0.80821 0.04294 0.03042
14 0.75197 0.03702 0.1327 0.03372
14 0.95568 0.49024 0.03212 0.0338
14 0.62096 0.84523 0.03776 0.02678
14 0.65674 0.88381 0.03128 0.02502
14 0.54215 0.4988 0.0231 0.01548
14 0.61245 0.8156 0.0457 0.0286
14 0.17977 0.22563 0.0631 0.0715
14 0.11792 0.89567 0.02036 0.02086
14 0.6476 0.85014 0.02144 0.0206
14 0.82173 0.47141 0.0223 0.02402
14 0.22663 0.82654 0.02782 0.0208
14 0.69434 0.5415 0.06316 0.02584
14 0.70868 0.28579 0.09212 0.06054
14 0.15082 0.91994 0.0486 0.05424
14 0.57275 0.5368 0.01846 0.021
14 0.2415 0.07134 0.08856 0.05256
14 0.73085 0.50872 0.0507 0.06988
14 0.55752 0.5249 0.02592 0.01032
14 0.69807 0.88155 0.04122 0.01958
14 0.18953 0.8269 0.05022 0.043
14 0.91457 0.46037 0.02086 0.01334
14 0.72316 0.27137 0.08852 0.08042
14 0.32145 0.07524 0.05678 0.03776
14 0.88578 0.52243 0.02896 0.02654
14 0.80347 0.45614 0.02414 0.0264
14 0.14394 0.24051 0.0792 0.0805
14 0.36126 0.90874 0.04256 0.04372
14 0.15249 0.48735 0.00482 0.01366
14 0.34582 0.14894 0.06688 0.09444
14 0.37848 0.0776 0.09008 0.08448
14 0.57218 0.51464 0.0194 0.01292
14 0.90476 0.47611 0.03544 0.0315
14 0.33785 0.49045 0.0391 0.0247
14 0.34198 0.88591 0.01984 0.03498
14 0.27013 0.82719 0.0519 0.05042
14 0.44463 0.53411 0.01066 0.01498
14 0.96161 0.52294 0.02106 0.02796
14 0.41341 0.54223 0.02146 0.02534
14 0.91784 0.53148 0.04128 0.01852
14 0.8694 0.41374 0.02732 0.01272
14 0.25947 0.03418 0.04994 0.03632
14 0.75807 0.18302 0.03622 0.0864
14 0.19742 0.89393 0.04632 0.03318
14 0.79238 0.20931 0.03696 0.08322
14 0.12517 0.04953 0.10766 0.05382
14 0.59238 0.56123 0.04512 0.02774
14 0.30955 0.87902 0.04902 0.04588
14 0.30774 0.92225 0.04376 0.03026
14 0.28963 0.5336 0.0291 0.07036
14 0.36882 0.8454 0.05688 0.05344
14 0.11031 0.46074 0.02714 0.00588
14 0.14738 0.18525 0.08544 0.10298
14 0.25771 0.17292 0.05006 0.0876
14 0.95663 0.52308 0.02934 0.02764
14 0.52666 0.57085 0.03016 0.01734
14 0.69267 0.06282 0.16386 0.05804
14 0.9493 0.52963 0.03608 0.02378
14 0.49694 0.49236 0.01776 0.02356
14 0.07448 0.4575 0.00736 0.01512
14 0.43949 0.55622 0.02106 0.01732
14 0.28232 0.86212 0.02212 0.0142
14 0.83098 0.43448 0.01416 0.00896
14 0.71902 0.85547 0.03688 0.02342
14 0.43555 0.54266 0.03058 0.0266
14 0.21987 0.84916 0.03922 0.03424
14 0.67195 0.88172 0.03182 0.02292
14 0.62883 0.82915 0.02894 0.0151
14 0.0884 0.57786 0.01476 0.00712
14 0.2525 0.73731 0.0506 0.03642
14 0.89212 0.40665 0.02168 0.01486
14 0.53027 0.52226 0.04046 0.01348
14 0.10819 0.53288 0.01094 0.00612
14 0.12003 0.50386 0.00502 0.0148
14 0.67082 0.12369 0.10368 0.03838
14 0.27967 0.72264 0.0337 0.03216
14 0.32237 0.72762 0.05538 0.03436
14 0.64744 0.84385 0.04248 0.0281
14 0.30659 0.49857 0.02858 0.01954
14 0.0616 0.57342 0.01112 0.01192
14 0.63109 0.24259 0.0477 0.07446
14 0.04427 0.53016 0.00962 0.01084
14 0.1171 0.92168 0.03028 0.03432
14 0.32612 0.47747 0.04256 0.0221
14 0.34839 0.53911 0.01314 0.02362
14 0.8713 0.48686 0.01816 0.01752
14 0.33041 0.4343 0.05478 0.02812
14 0.12827 0.57833 0.03318 0.00646
14 0.16592 0.46867 0.00536 0.01334
14 0.11964 0.79738 0.04816 0.02776
14 0.103 0.17456 0.08968 0.08836
14 0.55672 0.56755 0.02616 0.02018
14 0.50675 0.50544 0.0235 0.02144
14 0.19652 0.71947 0.05216 0.04258
14 0.60841 0.88104 0.02514 0.02096
14 0.17437 0.4855 0.00898 0.00396
14 0.05644 0.52411 0.0124 0.01474
14 0.50599 0.53966 0.00842 0.00652
14 0.72871 0.4491 0.03962 0.08052
14 0.96385 0.45128 0.01598 0.02396
14 0.87016 0.03136 0.1398 0.03008
14 0.62003 0.18012 0.05674 0.13496
14 0.92393 0.43467 0.02474 0.01434
14 0.23405 0.11423 0.0531 0.0421
14 0.32343 0.84433 0.02726 0.02902
14 0.80385 0.06519 0.09146 0.04838
14 0.29481 0.7608 0.03558 0.03764
14 0.17875 0.12679 0.07702 0.06922
14 0.28929 0.03888 0.05918 0.0446
14 0.36793 0.78943 0.06022 0.03202
14 0.70587 0.1869 0.11786 0.08804
14 0.59565 0.06129 0.09718 0.07994
14 0.03659 0.50062 0.00542 0.0146
14 0.14528 0.55325 0.00988 0.00582
14 0.66354 0.8165 0.0412 0.0316
14 0.92357 0.52342 0.02186 0.01484
14 0.46127 0.54471 0.02714 0.01326
14 0.21186 0.17746 0.044 0.0902
14 0.07866 0.51154 0.01404 0.00688
14 0.06286 0.55712 0.01424 0.0112
14 0.14384 0.73012 0.0502 0.04176
14 0.57741 0.84041 0.02098 0.02254
14 0.16801 0.07645 0.0701 0.06194
14 0.58228 0.53241 0.01296 0.02182
14 0.34164 0.50724 0.03092 0.03912