11 0.6602 0.63976 0.25796 0.238198
11 0.75237 0.444444 0.1033 0.076997
11 0.46994 0.381742 0.05776 0.0882883
11 0.5494 0.618303 0.15464 0.169099
11 0.5411 0.84961 0.2102 0.151111
11 0.60022 0.306321 0.11176 0.125616
11 0.43793 0.632568 0.02822 0.0625526
11 0.62855 0.410856 0.1417 0.117207
11 0.39177 0.581622 0.16978 0.251532
11 0.73059 0.570796 0.1059 0.177808
11 0.54976 0.698994 0.15452 0.154985
11 0.51276 0.500991 0.07768 0.110571
11 0.44744 0.330601 0.03584 0.0962162
11 0.67833 0.763228 0.04986 0.152042
11 0.39745 0.717973 0.10278 0.217928
11 0.79906 0.59464 0.09348 0.183694
11 0.69668 0.398589 0.10196 0.186967
11 0.76671 0.38476 0.0655 0.0938438
11 0.56198 0.361832 0.14252 0.0581982
11 0.45012 0.420435 0.04652 0.0779279
11 0.38765 0.468348 0.07402 0.113994
11 0.49092 0.303333 0.0646 0.0754955