46 0.73376 0.872227 0.0578068 0.0378594
46 0.847428 0.808375 0.0492689 0.0298125
46 0.520627 0.900141 0.0451175 0.0310312
46 0.380222 0.909359 0.0532898 0.03775
46 0.72158 0.925398 0.0515144 0.0337969
46 0.908016 0.799898 0.0456919 0.0289531
46 0.880914 0.849711 0.0442298 0.0259219
46 0.796384 0.890734 0.0447258 0.02675
46 0.646815 0.940828 0.0594778 0.0359375
46 0.846971 0.913078 0.0488773 0.0364063
46 0.360574 0.942883 0.0368668 0.0321719
46 0.889752 0.813203 0.0458747 0.0223125
46 0.426462 0.834672 0.0445692 0.0223438
46 0.574922 0.866703 0.0503133 0.0254688
46 0.823564 0.865578 0.0693734 0.0319688
46 0.487546 0.896609 0.0392167 0.030875
46 0.26248 0.902562 0.0488773 0.0338437
46 0.867728 0.860906 0.0393211 0.027125
46 0.634086 0.876086 0.0400261 0.0252969
46 0.893747 0.783977 0.0454047 0.0243281
46 0.48923 0.867398 0.055953 0.0316719
46 0.785875 0.928328 0.0488773 0.0325625
46 0.570078 0.84382 0.055718 0.0358906
46 0.179282 0.852719 0.0373629 0.0305937
46 0.722859 0.810258 0.0458747 0.0230781
46 0.334661 0.95 0.0518277 0.031
46 0.44611 0.890563 0.0531593 0.0292187
46 0.772154 0.883078 0.0518799 0.02975
46 0.636593 0.920328 0.0379896 0.0210313
46 0.53 0.876859 0.0457441 0.0209688
46 0.267833 0.930172 0.0398433 0.0312187
46 0.628734 0.901922 0.0497389 0.025375
46 0.765718 0.941789 0.0553003 0.0317969
46 0.801345 0.91125 0.0449869 0.0249375
46 0.776332 0.855539 0.0549608 0.0294219
46 0.201789 0.882703 0.0438903 0.0323437
46 0.460927 0.922813 0.0517232 0.0352188
46 0.841175 0.883203 0.0467363 0.0284687
46 0.607728 0.883852 0.0368668 0.0277031
46 0.908577 0.867063 0.0393473 0.0346562
46 0.694517 0.818516 0.0475718 0.015875
46 0.424439 0.914219 0.0520627 0.0355938
46 0.675601 0.878016 0.0466057 0.0362188
46 0.431292 0.940516 0.0505744 0.0389688
46 0.803159 0.806852 0.0430287 0.0286719
46 0.891488 0.837047 0.0458486 0.0264688
46 0.669713 0.836297 0.0544125 0.0292812
46 0.566684 0.893023 0.049765 0.0314219
46 0.765104 0.826953 0.0569974 0.0249062
46 0.291279 0.942305 0.0569713 0.0329531
46 0.454478 0.867875 0.0282768 0.0223125
46 0.921606 0.768844 0.0415927 0.0228125
46 0.872585 0.878398 0.0307572 0.0188906
46 0.88641 0.897141 0.0506266 0.0380937
46 0.599243 0.934336 0.0450131 0.0366719
46 0.414804 0.869383 0.053577 0.0306719
46 0.514634 0.859617 0.0273368 0.0182031
46 0.676567 0.918406 0.0480157 0.0435938
46 0.317885 0.923266 0.0555614 0.0284375
46 0.71705 0.831063 0.0385901 0.0285938
46 0.620117 0.856766 0.0606527 0.0405313
46 0.759595 0.912195 0.0447258 0.0337969
46 0.830692 0.848414 0.0517755 0.0154844
46 0.593355 0.837305 0.023577 0.0197344
46 0.842833 0.832234 0.0526632 0.0301875
46 0.398681 0.887687 0.0527676 0.0281563
46 0.61188 0.827609 0.0584334 0.0313437
46 0.684399 0.855852 0.0583551 0.0404219
46 0.359909 0.810352 0.0274413 0.0205156
46 0.745535 0.839891 0.0495039 0.03025
46 0.719817 0.891242 0.0669452 0.0369219
46 0.538903 0.920344 0.0460574 0.0349375
46 0.541906 0.855594 0.028094 0.0271562
52 0.263982 0.482969 0.0753786 0.0325
52 0.614726 0.658 0.112324 0.04975
52 0.377833 0.712547 0.104073 0.0584687
52 0.686632 0.693148 0.0994256 0.0692031
52 0.690757 0.7475 0.186893 0.134
52 0.825313 0.708977 0.110627 0.0630781
52 0.434347 0.679055 0.0726632 0.0484219
52 0.228355 0.707148 0.107206 0.0696719
52 0.484021 0.647945 0.0690339 0.0328281
52 0.718368 0.674492 0.0979373 0.0608281
52 0.765914 0.66082 0.100757 0.0528281
52 0.793773 0.749344 0.158512 0.107625
52 0.114674 0.526438 0.0612533 0.0230312
52 0.508799 0.673586 0.0553003 0.0343594
52 0.219869 0.505812 0.0941514 0.0223125