59 0.359641 0.584507 0.046625 0.0346027
59 0.396703 0.641603 0.044625 0.043863
59 0.453258 0.78411 0.124766 0.140822
59 0.646266 0.473726 0.0273438 0.0507397
38 0.533602 0.417014 0.116859 0.182795
38 0.674016 0.754479 0.161625 0.271479
38 0.91307 0.69811 0.173859 0.364548
38 0.51918 0.732137 0.179141 0.111123
38 0.775148 0.900384 0.107859 0.130904
38 0.783117 0.722137 0.242016 0.295178
38 0.585711 0.877699 0.110516 0.125808
38 0.373648 0.919288 0.332078 0.161425
38 0.773203 0.763233 0.0672813 0.0967123
38 0.38207 0.602836 0.0791406 0.0912603