42 0.292609 0.321454 0.0427187 0.0682218
42 0.235914 0.32955 0.0963594 0.101569
42 0.0372813 0.57228 0.0740625 0.127573
42 0.435039 0.462406 0.106859 0.147866
42 0.0874141 0.629561 0.142609 0.161548
42 0.338375 0.559195 0.0744062 0.190397
42 0.21468 0.421266 0.105359 0.145879
42 0.255305 0.595753 0.115953 0.231004
42 0.110328 0.415126 0.119844 0.0996234
42 0.165031 0.684603 0.134 0.170669
42 0.309359 0.413703 0.154438 0.120795
42 0.41618 0.532333 0.0604219 0.121862
42 0.414695 0.637207 0.105641 0.100272
42 0.179461 0.338797 0.0649531 0.126255
42 0.338773 0.333075 0.0681094 0.0842678
42 0.329969 0.705324 0.108469 0.121402
42 0.107633 0.489749 0.119203 0.127531
42 0.412508 0.360722 0.108109 0.0989749
42 0.181703 0.527866 0.139844 0.11954
52 0.0570859 0.346412 0.111953 0.248389
1 0.182758 0.289592 0.163797 0.185167
1 0.502602 0.249404 0.156891 0.203912
1 0.353609 0.253452 0.177937 0.191255
11 0.205094 0.159592 0.18875 0.220941
11 0.393258 0.103577 0.205172 0.207155
28 0.879281 0.239592 0.132312 0.154414