14 0.418672 0.654016 0.223563 0.0879391
14 0.351008 0.633841 0.149516 0.0911944
14 0.459313 0.655504 0.219344 0.0686651
14 0.430008 0.629988 0.233797 0.04363
14 0.582008 0.581066 0.0465469 0.0270492
14 0.625258 0.57007 0.0258594 0.0244965
14 0.323898 0.629883 0.106016 0.0738173
14 0.358867 0.678489 0.0739219 0.0261593
14 0.398398 0.610375 0.0728594 0.0102108
24 0.183203 0.91945 0.241594 0.157869
24 0.155867 0.832963 0.274484 0.172857
24 0.103563 0.412447 0.078625 0.315574
24 0.139797 0.725902 0.142094 0.114005
24 0.132453 0.615913 0.137906 0.100679
24 0.159117 0.691991 0.123547 0.0600468
24 0.162516 0.373033 0.0402187 0.289297
33 0.555484 0.943864 0.139781 0.0846838
33 0.435 0.75774 0.1105 0.0394145
33 0.457109 0.796534 0.126312 0.0481499
33 0.377711 0.7387 0.128047 0.048267
33 0.581719 0.840457 0.0770312 0.0755738
33 0.458008 0.907424 0.116703 0.116628
33 0.590883 0.858677 0.0688594 0.121101
33 0.425945 0.849918 0.0691719 0.0398829
33 0.456414 0.69733 0.157672 0.0857611
33 0.564375 0.872822 0.103062 0.0573068
33 0.426992 0.803888 0.109391 0.0571897
33 0.408461 0.834883 0.0428906 0.0407728
33 0.508328 0.843372 0.156844 0.0418735
33 0.545453 0.725363 0.0373437 0.0286651
33 0.572336 0.793677 0.0755781 0.0515222
33 0.377883 0.721089 0.128047 0.107049
33 0.448719 0.755422 0.148906 0.133513
33 0.420625 0.79459 0.0524375 0.0448712
33 0.447484 0.75897 0.0731875 0.123653
33 0.62418 0.876967 0.0888906 0.122365
33 0.460281 0.942845 0.12 0.114309
33 0.468031 0.780047 0.171 0.0861358
62 0.162367 0.37267 0.0400156 0.287822
62 0.130289 0.388864 0.0484844 0.317728
62 0.11543 0.421792 0.103734 0.334778
59 0.841031 0.893489 0.107187 0.166276
59 0.868875 0.752014 0.117594 0.137799
59 0.95093 0.837623 0.0981406 0.164473
59 0.762727 0.744941 0.0975781 0.12815
59 0.729422 0.883407 0.110156 0.155948
59 0.651367 0.771265 0.116703 0.161311
43 0.220398 0.592623 0.103672 0.147447
43 0.261844 0.733899 0.110719 0.170703
43 0.338547 0.836651 0.101188 0.157049