6 0.42615 0.689563 0.01238 0.0428012
6 0.42454 0.719744 0.01816 0.0175602
6 0.39675 0.757696 0.01978 0.0191867
6 0.4624 0.760015 0.01344 0.0154518
6 0.43533 0.688223 0.01166 0.0396386
6 0.4083 0.74488 0.01804 0.0271687
6 0.41021 0.817123 0.0145 0.025512
6 0.43022 0.738494 0.01144 0.0245181
6 0.3929 0.777756 0.01464 0.0184639
6 0.42206 0.796551 0.01012 0.0125602
6 0.45155 0.716536 0.03286 0.020241
6 0.40776 0.780813 0.02796 0.0321687
6 0.48734 0.769006 0.01512 0.0156024
6 0.41609 0.70512 0.01686 0.0230723
6 0.44256 0.762349 0.03 0.0370482
6 0.47535 0.762319 0.02026 0.0179518
6 0.44727 0.708765 0.02286 0.0206024
6 0.434 0.751521 0.02348 0.0488253
6 0.40812 0.687063 0.00976 0.0186446
6 0.39664 0.819608 0.01328 0.020241
6 0.40554 0.70741 0.01164 0.0212651
6 0.49471 0.75756 0.01838 0.0212651
6 0.42848 0.784352 0.01908 0.0153916
6 0.39927 0.737726 0.01218 0.024488