14 0.72681 0.14772 0.04814 0.119013
14 0.64647 0.218827 0.07898 0.140427
14 0.68737 0.162707 0.04778 0.115547
14 0.62357 0.15384 0.08762 0.140533
14 0.58574 0.11812 0.05388 0.0533067
14 0.71883 0.228493 0.07214 0.12024
14 0.64219 0.0772667 0.11406 0.0691467
1 0.95727 0.45516 0.08546 0.270427
1 0.73004 0.322853 0.09396 0.231947
1 0.6315 0.331973 0.10952 0.21152
1 0.81646 0.32436 0.09104 0.22008
1 0.6814 0.53596 0.10796 0.258373
1 0.77744 0.534107 0.09928 0.219893
1 0.91058 0.345053 0.08912 0.235173
1 0.87297 0.517907 0.14162 0.316773
59 0.22549 0.230307 0.08294 0.123707
59 0.54261 0.264147 0.08166 0.142373
59 0.25313 0.134307 0.07314 0.0724533
59 0.45208 0.29992 0.07956 0.10288
59 0.19103 0.35492 0.0933 0.0977867
38 0.36512 0.43084 0.24772 0.129627
38 0.16718 0.2202 0.06964 0.100613
38 0.46078 0.2444 0.15316 0.265173
38 0.56025 0.1634 0.06906 0.120933
38 0.49198 0.127653 0.12176 0.15808
38 0.39417 0.284747 0.0971 0.169387
38 0.26511 0.255693 0.07846 0.15192
38 0.28906 0.352867 0.07456 0.0845067
38 0.17159 0.294573 0.11414 0.0582133
38 0.42892 0.0607333 0.05888 0.0502133
38 0.36591 0.20504 0.05706 0.129653
38 0.2595 0.383947 0.2296 0.246507
38 0.32688 0.146933 0.08196 0.19088
38 0.30565 0.48544 0.1423 0.13024