11 0.350219 0.293697 0.0769688 0.117965
11 0.478273 0.752047 0.0794844 0.176104
11 0.495797 0.432184 0.165844 0.186551
11 0.280055 0.276563 0.0823281 0.090397
11 0.834031 0.663834 0.187094 0.36871
11 0.602516 0.192221 0.0294063 0.0723325
11 0.424836 0.25031 0.0700156 0.0765509
11 0.470094 0.243387 0.0643438 0.0624566
11 0.682539 0.678313 0.0993594 0.192159
11 0.393047 0.753896 0.097375 0.228387
11 0.504148 0.623784 0.0813906 0.140968
11 0.203172 0.795422 0.0926875 0.210149
11 0.394617 0.534218 0.141547 0.135037
11 0.904258 0.612581 0.159328 0.160496