14 0.72443 0.508525 0.0245781 0.0257143
14 0.663898 0.137775 0.0192031 0.0226698
14 0.620086 0.158314 0.00573437 0.00740047
14 0.610797 0.174204 0.0117188 0.0427869
14 0.595094 0.160937 0.0083125 0.0240749
14 0.690898 0.452424 0.0112031 0.0198361
14 0.675211 0.505433 0.0220469 0.0287119
14 0.617336 0.166276 0.0205156 0.015644
14 0.719562 0.511358 0.0119688 0.0102576
14 0.689555 0.508583 0.0143594 0.0479391
14 0.756734 0.499239 0.00975 0.0538407
14 0.638016 0.158981 0.0109375 0.014356
14 0.699953 0.545246 0.00753125 0.00744731
14 0.703602 0.530726 0.0157031 0.0806089
14 0.669578 0.463126 0.0345312 0.0379625
14 0.686609 0.589532 0.0325 0.0152693
14 0.677937 0.526862 0.0125625 0.0443091
14 0.729961 0.446628 0.0352031 0.0279157
14 0.696828 0.517553 0.008625 0.0217564
14 0.714656 0.579297 0.0316563 0.0228103
14 0.680164 0.431674 0.0224844 0.0304215
14 0.744094 0.460129 0.0225625 0.0397424
14 0.719305 0.531148 0.00735937 0.0140984
14 0.731187 0.53103 0.02975 0.02