38 0.626023 0.412365 0.0799219 0.127312
38 0.766672 0.530719 0.104344 0.0493125
38 0.835391 0.476948 0.257594 0.105979
38 0.653375 0.265781 0.12475 0.156812
38 0.555148 0.384885 0.0471406 0.0691458
38 0.662203 0.491094 0.0329062 0.0301458
38 0.682617 0.422375 0.0656406 0.190917
38 0.613883 0.45124 0.0504219 0.0611458
38 0.813367 0.567219 0.142766 0.0528958
38 0.880602 0.543594 0.0381406 0.0638125
38 0.810711 0.539458 0.0635156 0.0527083
38 0.721195 0.329698 0.0419219 0.0503125
38 0.625898 0.23376 0.0539531 0.106313
38 0.731547 0.514188 0.0621875 0.0807083
38 0.727055 0.378292 0.0612344 0.130542