4 0.527258 0.45007 0.0206094 0.0619718
4 0.493375 0.643521 0.056625 0.139108
4 0.526094 0.467735 0.0394375 0.101526
4 0.497766 0.61527 0.104906 0.167066
4 0.511562 0.655751 0.0528125 0.110751
4 0.469367 0.619073 0.0723906 0.184859
4 0.517109 0.469671 0.0567813 0.133427
4 0.503445 0.487031 0.0468906 0.115516
4 0.508031 0.478873 0.0639062 0.140516
4 0.558461 0.477711 0.0343281 0.11115
4 0.541516 0.473991 0.036375 0.113427
4 0.445953 0.615634 0.080625 0.176714
4 0.515633 0.621373 0.0950156 0.153638
11 0.666398 0.766232 0.107203 0.160869
11 0.633125 0.572523 0.0636562 0.0828873
11 0.631133 0.7123 0.143359 0.115399
11 0.664203 0.493404 0.0548125 0.071784
11 0.589672 0.808862 0.098625 0.115188
11 0.716133 0.552394 0.0709219 0.0706103