0 0.616586 0.393156 0.00789063 0.0165625
0 0.510766 0.479344 0.013625 0.0128125
0 0.502617 0.489323 0.00939062 0.00977083
0 0.451898 0.40349 0.00476562 0.0080625
0 0.536328 0.415042 0.00578125 0.00854167
0 0.475273 0.47175 0.0142031 0.0112917
0 0.579094 0.38576 0.0106875 0.0060625
0 0.582977 0.419615 0.0160781 0.0239375
0 0.563672 0.429344 0.0095 0.0245208
0 0.591805 0.458406 0.0121719 0.0094375
0 0.586734 0.40674 0.010875 0.0160625
0 0.577102 0.410469 0.00620313 0.0115625
0 0.525188 0.374885 0.0130938 0.0138958
0 0.447555 0.449031 0.00992188 0.0132292
0 0.478219 0.395781 0.0059375 0.00789583
0 0.473484 0.419167 0.0110625 0.0130833
0 0.630734 0.441906 0.00859375 0.00872917
0 0.50807 0.37825 0.0171719 0.0161667
0 0.490125 0.496563 0.0132188 0.00854167
0 0.54518 0.474677 0.00845313 0.0121458
0 0.613289 0.471813 0.00489063 0.0085
0 0.533805 0.427792 0.0100156 0.00766667
0 0.582266 0.39749 0.00925 0.0166042
0 0.568836 0.397333 0.00867187 0.01475
0 0.537141 0.512125 0.00959375 0.0124167
0 0.575742 0.469146 0.00676562 0.00770833
0 0.598281 0.41474 0.00765625 0.00689583
0 0.482453 0.46951 0.0138437 0.0113542
0 0.519086 0.373823 0.0121094 0.0281042
0 0.574766 0.389563 0.00940625 0.00970833
0 0.459406 0.479542 0.00928125 0.01475
0 0.609078 0.374562 0.00921875 0.00995833
0 0.549828 0.497979 0.00959375 0.0172917
0 0.637922 0.402896 0.0073125 0.00725
0 0.567805 0.369427 0.0119844 0.0165208
0 0.597633 0.451187 0.0244531 0.0135833
0 0.475953 0.49351 0.0029375 0.0056875
0 0.514859 0.50099 0.011375 0.0123542
0 0.542391 0.368896 0.0095625 0.0111667
0 0.447875 0.43399 0.00684375 0.0147292
0 0.556055 0.394833 0.00942187 0.009375