14 0.173914 0.542229 0.0851094 0.141083
14 0.420852 0.344135 0.108328 0.173896
14 0.220297 0.526406 0.0275 0.0676875
14 0.277359 0.395187 0.090375 0.12
14 0.497922 0.475771 0.0261562 0.0320417
14 0.351445 0.518 0.0842344 0.0795
37 0.535062 0.860396 0.313094 0.189625
37 0.804023 0.722958 0.254016 0.252375
11 0.472844 0.682208 0.207625 0.22525
11 0.337594 0.606812 0.176969 0.18125
11 0.251984 0.558656 0.341 0.411771
11 0.477961 0.526458 0.157734 0.178833
11 0.199063 0.360521 0.102188 0.0846667
11 0.295 0.336823 0.0881875 0.151479
11 0.556922 0.550833 0.118063 0.275375