57 0.610281 0.593844 0.0873125 0.156396
57 0.671789 0.5 0.117203 0.146708
57 0.778766 0.780375 0.0967812 0.133333
57 0.798359 0.627635 0.120562 0.120479
57 0.69018 0.722052 0.143641 0.132312
57 0.725227 0.59349 0.147078 0.127312
38 0.54725 0.0558437 0.0642812 0.0622708
38 0.5135 0.535385 0.0623125 0.110271
38 0.599945 0.261 0.0829844 0.145083
38 0.716062 0.330906 0.0973125 0.0838958
38 0.177734 0.619927 0.0740625 0.0718542
38 0.144383 0.752917 0.0853594 0.13625
38 0.616039 0.121177 0.0567656 0.0745625
38 0.536953 0.107885 0.116594 0.0660625
38 0.134 0.533573 0.0319063 0.0876042
38 0.713289 0.144656 0.104891 0.104229
38 0.23618 0.369917 0.0536719 0.0826667
38 0.477586 0.670365 0.0595156 0.0542292
38 0.459602 0.218719 0.0478906 0.107687
38 0.561016 0.157177 0.111406 0.106813
38 0.762078 0.337698 0.0361563 0.0644375
38 0.479219 0.165875 0.0686563 0.0876667
38 0.38157 0.589396 0.0871719 0.0970833
38 0.144805 0.414417 0.0367344 0.0369167
38 0.527195 0.238979 0.0969219 0.131292
38 0.695273 0.226948 0.184016 0.164062