11 0.709021 0.496461 0.093125 0.0444531
11 0.792573 0.426016 0.0966875 0.0876875
11 0.412479 0.382047 0.092625 0.0735313
11 0.592229 0.418938 0.108833 0.0880937
11 0.568542 0.364539 0.0932917 0.0913594
11 0.631792 0.204297 0.111375 0.0844063
11 0.468438 0.468305 0.0785 0.0659844
11 0.508229 0.538516 0.139375 0.0889687
11 0.689656 0.429469 0.0673958 0.0635938
11 0.481948 0.362156 0.114896 0.078625
11 0.536594 0.278313 0.114979 0.112
11 0.665875 0.261633 0.12125 0.0714844
11 0.887813 0.444742 0.0779167 0.0704844
11 0.625625 0.507617 0.0869167 0.124141
11 0.299521 0.308891 0.0573333 0.0383437
11 0.811813 0.366719 0.103667 0.0792812
11 0.629583 0.586133 0.082375 0.0662656
11 0.48274 0.439414 0.103354 0.0753906
11 0.617875 0.364172 0.0819583 0.047
11 0.694052 0.316477 0.197729 0.0621094
11 0.72226 0.448422 0.0553542 0.049875
11 0.505125 0.600359 0.10125 0.0591563
11 0.777094 0.472305 0.101938 0.0375156
11 0.572854 0.554969 0.0922917 0.08875
11 0.702677 0.360719 0.107438 0.066625