59 0.819615 0.43168 0.0257708 0.0159844
59 0.193844 0.518133 0.0379375 0.0217969
59 0.803802 0.383437 0.0388542 0.0241563
59 0.367844 0.455219 0.0529375 0.0321562
59 0.25624 0.544883 0.0278958 0.0186094
59 0.458437 0.361664 0.027 0.0228281
59 0.830937 0.560945 0.0505833 0.0258906
59 0.349594 0.493406 0.0351042 0.0319063
59 0.671 0.441641 0.034125 0.0224688
59 0.769062 0.412227 0.02325 0.0105156
59 0.777635 0.477508 0.0256458 0.0203906
59 0.713594 0.416 0.0263125 0.0143437
59 0.307094 0.337555 0.0437708 0.0138906
59 0.543 0.330289 0.025125 0.0257969
59 0.402812 0.456984 0.0335 0.0187187
59 0.712542 0.634398 0.0265 0.0177344
59 0.411427 0.476586 0.0339375 0.0211719