11 0.88464 0.160467 0.07284 0.16392
11 0.60783 0.91252 0.17786 0.17496
11 0.29962 0.57856 0.28552 0.451467
11 0.61311 0.433373 0.1831 0.173307
11 0.90161 0.02452 0.1039 0.04904
11 0.89088 0.379947 0.15652 0.235467
11 0.9413 0.677307 0.1174 0.2672
24 0.64445 0.0363467 0.18938 0.0726933
24 0.4018 0.0477333 0.3132 0.0935467
24 0.57035 0.262653 0.2189 0.188507
24 0.4567 0.00656 0.0968 0.0110933
24 0.50014 0.4704 0.13788 0.117493
24 0.7684 0.350493 0.21004 0.24504
24 0.877 0.934013 0.246 0.131973
24 0.7446 0.0158 0.16548 0.0316
24 0.40261 0.196493 0.16602 0.227493
24 0.82374 0.843813 0.32236 0.312373