10 0.271871 0.506307 0.0380882 0.0349346
10 0.335294 0.572075 0.0389216 0.0415686
10 0.35183 0.53424 0.0370915 0.0366503
10 0.283954 0.424551 0.0374837 0.0364216
9 0.416871 0.683603 0.0616176 0.0691993
9 0.417141 0.518325 0.0545098 0.0593301
6 0.326683 0.455564 0.0532353 0.0531209
6 0.416716 0.602492 0.0505882 0.086781
6 0.275368 0.497132 0.0917157 0.0751144
6 0.410392 0.4696 0.0829739 0.0841667
6 0.398783 0.55518 0.0751144 0.0463399
6 0.32375 0.653227 0.0896569 0.109069
6 0.376814 0.517868 0.0278758 0.0409641
6 0.28549 0.55719 0.0841176 0.0792157
57 0.352002 0.606225 0.101225 0.124052
57 0.353946 0.425065 0.117173 0.10768