23 0.878023 0.854825 0.00982813 0.0150583
23 0.834305 0.852296 0.0135156 0.0136364
23 0.788023 0.854697 0.0155469 0.0231935
23 0.905094 0.857529 0.0112812 0.0148252
23 0.869383 0.853846 0.00842187 0.0138928
23 0.846289 0.854347 0.00739063 0.0132168
23 0.896477 0.855676 0.00939062 0.0152214
23 0.805492 0.836002 0.00742187 0.0141492
23 0.841664 0.844347 0.00807813 0.0168998
23 0.806609 0.847669 0.0088125 0.0148718
23 0.833828 0.839033 0.0095625 0.0185315
23 0.874578 0.845711 0.00846875 0.0138462
23 0.824484 0.850781 0.010875 0.0140093
23 0.923555 0.859452 0.00929687 0.0110256