11 0.514969 0.500552 0.632062 0.447771
15 0.437953 0.377135 0.0609375 0.0655625
15 0.494883 0.553365 0.0752031 0.0713542
15 0.611086 0.459146 0.0704219 0.150167
15 0.478211 0.459948 0.115984 0.0867708
15 0.666352 0.512635 0.0960781 0.102396
15 0.494961 0.39526 0.0835469 0.0752708
15 0.499461 0.348083 0.0250469 0.0489583
15 0.426797 0.443656 0.095125 0.0921042
15 0.616352 0.357125 0.0379219 0.06125
15 0.603812 0.577865 0.0469687 0.0680625
15 0.54268 0.509344 0.0654219 0.0635208
15 0.529062 0.395229 0.0519687 0.108125
15 0.57307 0.38476 0.0529844 0.0745625
15 0.407953 0.499146 0.0585625 0.0532917
15 0.534 0.336 0.056 0.0705833
15 0.680797 0.405667 0.0654687 0.0895
15 0.569273 0.526635 0.0395156 0.0456458
15 0.354531 0.468979 0.0803438 0.0904167
15 0.397867 0.374896 0.0377656 0.0491667
15 0.473273 0.336813 0.0552969 0.0598333
15 0.404664 0.542813 0.104297 0.074625
15 0.455984 0.514969 0.0449062 0.116521