37 0.354219 0.495035 0.0169063 0.0148618
37 0.584445 0.629643 0.0226406 0.0271659
37 0.603227 0.647189 0.0217656 0.0281567
37 0.570094 0.608525 0.0148125 0.0212903
37 0.776023 0.634171 0.0172344 0.0294931
37 0.784727 0.635703 0.0123594 0.0269355
37 0.260766 0.454332 0.00853125 0.0143779
37 0.761352 0.641083 0.0200469 0.0136866
37 0.607797 0.626532 0.0267188 0.015553
37 0.583719 0.647362 0.0240625 0.0170737
37 0.564258 0.596175 0.00992188 0.0158986
37 0.658469 0.544654 0.00853125 0.0182028
1 0.327984 0.207039 0.017875 0.0263364
1 0.435023 0.190242 0.0189844 0.0264286
1 0.391711 0.21212 0.0200156 0.0294931
1 0.336805 0.215634 0.0147969 0.0156452
1 0.302844 0.197546 0.0140937 0.0292396
1 0.447656 0.211406 0.0191562 0.0282028
1 0.329641 0.182247 0.0173125 0.0244931
1 0.377227 0.211959 0.0109531 0.0246083
1 0.408687 0.199482 0.0205938 0.0284101
1 0.402859 0.234896 0.0223438 0.0325115
1 0.392594 0.142995 0.01375 0.0303687
1 0.312016 0.198698 0.0163438 0.0260138
1 0.36482 0.159343 0.0186094 0.0251843
1 0.428109 0.203041 0.0205313 0.0300461
1 0.339055 0.132442 0.0222969 0.0307834
1 0.435555 0.23076 0.0189844 0.0305069
1 0.318898 0.21606 0.0135781 0.0139631
1 0.416125 0.183963 0.0179375 0.02
1 0.379922 0.147465 0.0191562 0.0289862
1 0.356398 0.145565 0.0174219 0.0274424
1 0.392078 0.193122 0.0180312 0.0172581
1 0.3985 0.182684 0.0164063 0.0143088
1 0.317656 0.187005 0.0134687 0.0221659
1 0.382305 0.122154 0.0198594 0.0271659
1 0.339781 0.15985 0.0100938 0.0164286
1 0.355695 0.122753 0.0217344 0.0280415
1 0.360742 0.109654 0.0170781 0.0185253
1 0.420508 0.224862 0.0212344 0.0312903