38 0.140805 0.831208 0.100484 0.045875
38 0.901141 0.706917 0.0140313 0.00666667
38 0.878344 0.69976 0.0455625 0.0288542
38 0.916539 0.675 0.0522969 0.0330833
38 0.101305 0.874073 0.0543594 0.0327708
38 0.181523 0.752698 0.0205781 0.0310208
38 0.916328 0.720125 0.0323125 0.0295
38 0.346633 0.70999 0.0271406 0.0333542
38 0.930461 0.768875 0.0304531 0.0227083
38 0.89257 0.766302 0.0468594 0.0286875
38 0.338789 0.717823 0.0130781 0.0110208
38 0.330547 0.646687 0.0410625 0.0235417
38 0.855484 0.762177 0.039625 0.0508958
38 0.783734 0.958073 0.0619375 0.0407708
38 0.164648 0.753083 0.0169219 0.0415417