15 0.856039 0.558917 0.0769531 0.178083
15 0.634836 0.64 0.424609 0.375375
15 0.0224844 0.62549 0.0449688 0.197854
15 0.346922 0.821604 0.316281 0.356792
15 0.579148 0.437323 0.209828 0.237021
15 0.897867 0.540583 0.0397344 0.0290417
15 0.235859 0.650687 0.143187 0.183417
15 0.417523 0.0421771 0.148547 0.0843542
15 0.0583359 0.462646 0.116672 0.218375
15 0.562289 0.0596771 0.142922 0.115979
15 0.662 0.748583 0.123531 0.138708
15 0.10743 0.106313 0.156078 0.118542
15 0.799687 0.526719 0.0492187 0.113771
15 0.121414 0.498938 0.171641 0.255167
15 0.923703 0.689208 0.107438 0.184708
15 0.410734 0.474375 0.231719 0.281042
15 0.143211 0.253937 0.153172 0.248417
11 0.872727 0.209865 0.254547 0.419729
11 0.607391 0.228271 0.122531 0.099125
11 0.282344 0.24651 0.218344 0.333729
11 0.0843906 0.820615 0.162 0.152396
11 0.834937 0.817625 0.275719 0.217333
11 0.542563 0.88576 0.197594 0.224687
11 0.674477 0.279531 0.0956406 0.131688
11 0.707344 0.0432917 0.111031 0.0845
11 0.336469 0.0379479 0.0884062 0.0758958
11 0.775133 0.259021 0.237047 0.22125
11 0.772695 0.71499 0.255172 0.174021
33 0.0687266 0.169729 0.0830156 0.0659583
33 0.122055 0.711646 0.160328 0.157208
33 0.108078 0.894021 0.210875 0.203708
33 0.330102 0.597323 0.0662031 0.0992292
33 0.351008 0.285104 0.110828 0.102542
33 0.478227 0.148229 0.395609 0.132083
33 0.53382 0.0595833 0.0742344 0.0882083
33 0.0519609 0.211156 0.103922 0.0884375
33 0.0688594 0.336583 0.039 0.048375
33 0.164133 0.978802 0.0497656 0.0411042
33 0.164008 0.072375 0.158953 0.136167
33 0.857836 0.421833 0.147234 0.0782917
33 0.482398 0.0486042 0.0558594 0.0845
33 0.115781 0.947792 0.0850937 0.101708
33 0.214164 0.948073 0.0978906 0.0992292