42 0.650883 0.337283 0.135297 0.0746136
42 0.7125 0.199543 0.0735625 0.110375
42 0.812703 0.368876 0.072875 0.070726
42 0.913461 0.308115 0.0794531 0.0565574
42 0.829727 0.426405 0.120422 0.149813
42 0.707195 0.381206 0.0627031 0.0869087
42 0.564031 0.224567 0.0948125 0.0570492
42 0.870883 0.380492 0.0905156 0.0777986
42 0.58382 0.260304 0.0629531 0.0744731
42 0.752617 0.383829 0.0611406 0.116464
51 0.429266 0.501838 0.0747188 0.15
51 0.200086 0.37055 0.196953 0.113841
51 0.60675 0.585176 0.117625 0.140328
51 0.113078 0.495656 0.118625 0.160913
51 0.301859 0.53911 0.0985 0.183747
51 0.42475 0.686452 0.148 0.20007
51 0.486102 0.479438 0.0853594 0.111382
51 0.396297 0.441721 0.116656 0.062178