44 0.352717 0.644898 0.0465105 0.0390781
44 0.307529 0.628672 0.0587119 0.0185937
44 0.583126 0.938547 0.124005 0.0781563
44 0.409965 0.656875 0.0303279 0.0208125
44 0.210304 0.905875 0.0783607 0.055
44 0.554754 0.901172 0.0657611 0.0219688
44 0.73082 0.986242 0.0657611 0.0275156
44 0.144344 0.708172 0.0269087 0.0207188
44 0.251241 0.638562 0.0533958 0.0274375
44 0.219532 0.680813 0.0366745 0.0234375
44 0.153642 0.961242 0.112623 0.0740781
44 0.192201 0.991172 0.0675878 0.0176563
44 0.250585 0.952773 0.0999063 0.0700156
44 0.484215 0.924195 0.121452 0.0542344
44 0.323841 0.673086 0.0250117 0.0125156
44 0.330937 0.691508 0.0279157 0.0167969
44 0.977459 0.592266 0.0319204 0.0175313
44 0.472073 0.966789 0.109578 0.0664219
44 0.193068 0.665867 0.0308665 0.0138281
44 0.050644 0.645695 0.0529977 0.0202031
44 0.14596 0.922164 0.1026 0.0463594
44 0.328419 0.938187 0.0258782 0.0376875
44 0.21308 0.65543 0.0292037 0.0164219
44 0.390691 0.899875 0.107424 0.06925
44 0.67055 0.9585 0.0582904 0.0414687
44 0.64137 0.902391 0.114965 0.0771875
44 0.952225 0.609781 0.0116628 0.0173437
44 0.736944 0.91068 0.065363 0.0239219
44 0.957272 0.587516 0.0254567 0.0165625
44 0.0822131 0.987313 0.0961358 0.025375
44 0.255726 0.620703 0.0223185 0.017375
44 0.369227 0.965898 0.108525 0.0584219
44 0.651007 0.991516 0.0348478 0.0169687
44 0.361253 0.981273 0.101756 0.0374531
44 0.748607 0.948586 0.0803044 0.0498906
44 0.337295 0.669273 0.0306557 0.0196094
44 0.0424824 0.655742 0.0481967 0.0167031
44 0.413923 0.644711 0.0386183 0.0209844
44 0.463583 0.878297 0.0852459 0.0582187
44 0.158033 0.674695 0.0540515 0.0255781
44 0.115796 0.686813 0.0611475 0.0397813
44 0.304368 0.649563 0.0567447 0.0374688
44 0.689215 0.934945 0.0403044 0.0246406
44 0.299532 0.665148 0.0239344 0.0159531
44 0.328642 0.617109 0.0633255 0.0276875
44 0.285609 0.870719 0.11918 0.110125
44 0.170176 0.896492 0.034918 0.0150156
44 0.58781 0.979398 0.0987588 0.0412031
44 0.339403 0.705156 0.026534 0.0149375
51 0.284836 0.716133 0.191171 0.163109
1 0.149696 0.742805 0.0615457 0.0293281
1 0.416101 0.473594 0.0519672 0.0169063
1 0.273759 0.479633 0.0475644 0.0183594
1 0.393009 0.615305 0.0471897 0.0257031
1 0.124215 0.455516 0.0351288 0.0165313
1 0.0232319 0.533687 0.0454333 0.0362813
1 0.413958 0.624492 0.0330679 0.0220469
1 0.12671 0.469359 0.0358548 0.0202813
1 0.372436 0.478336 0.0533958 0.0168281
1 0.0980796 0.468312 0.0367213 0.0207813
1 0.0805035 0.438672 0.0452693 0.0176563
1 0.174707 0.467398 0.0554567 0.0373281
1 0.0860773 0.452156 0.0467681 0.0222188
1 0.324251 0.471086 0.0561827 0.0262031
1 0.0551288 0.555922 0.0482904 0.0239688
1 0.221241 0.524602 0.0260422 0.0203281
1 0.0323536 0.496766 0.0428806 0.0187187
1 0.128489 0.450281 0.0448478 0.0275313
1 0.0864169 0.565742 0.0253864 0.0159219
1 0.0652693 0.708523 0.0832319 0.0641094
1 0.356136 0.468187 0.0325527 0.015875
1 0.426452 0.490617 0.0513115 0.0294844
1 0.214707 0.459594 0.0305855 0.026625
1 0.0535714 0.530898 0.038103 0.0309531
1 0.039192 0.510258 0.0403044 0.0191406
1 0.0182787 0.46693 0.0306089 0.0400156
1 0.0782436 0.521437 0.0407494 0.0325312
1 0.139379 0.484719 0.0442389 0.018375
1 0.0119321 0.438547 0.0238642 0.021875
1 0.100609 0.541039 0.0444965 0.0337656
1 0.0514052 0.468742 0.0623419 0.0359531
1 0.44137 0.575945 0.0477518 0.0193594
1 0.290258 0.46243 0.0329274 0.0159219
1 0.276991 0.474633 0.0536534 0.0252656
1 0.0814988 0.555453 0.0290867 0.0195938
1 0.0160773 0.509852 0.0321546 0.0209531
1 0.185234 0.497391 0.0477518 0.0237813
1 0.0528923 0.496078 0.0492506 0.0279063
1 0.152471 0.516719 0.044192 0.0366875
1 0.981358 0.494172 0.0372834 0.01525
1 0.32459 0.486109 0.0533958 0.015875
1 0.123197 0.495133 0.0401171 0.0200781
1 0.0440164 0.448922 0.0490164 0.0133437
1 0.0391101 0.437312 0.0496487 0.0190625
1 0.264789 0.560945 0.0280796 0.00970312
1 0.122365 0.52868 0.0452459 0.0236406
1 0.173911 0.45175 0.0557845 0.026875
1 0.315164 0.56375 0.0411475 0.0140937
1 0.0225878 0.745055 0.0451756 0.0181719
1 0.955585 0.496359 0.0178689 0.0161563
1 0.210738 0.48768 0.0318267 0.0371719
1 0.0713349 0.541555 0.0164403 0.0100781
1 0.388759 0.492578 0.0533958 0.0181562
1 0.106475 0.503969 0.0588056 0.0330937
1 0.080363 0.490141 0.0259251 0.0199063
1 0.197916 0.718516 0.0927869 0.05725
1 0.019555 0.715992 0.0282436 0.0472344
1 0.227471 0.589227 0.0592974 0.0222344
59 0.650176 0.837719 0.0339813 0.0275313
59 0.828536 0.817516 0.0366979 0.0238125
59 0.682717 0.867945 0.041171 0.0268594
59 0.682787 0.80475 0.0320375 0.0235625
59 0.670281 0.786336 0.0170492 0.0199531
59 0.838021 0.644 0.0329508 0.0144687
59 0.821429 0.792414 0.0253864 0.0153906
59 0.736405 0.836094 0.0367916 0.0267188
59 0.685094 0.833922 0.0332787 0.0247812
59 0.743232 0.808672 0.0338642 0.0208125
59 0.791077 0.77743 0.0362998 0.0209844
59 0.689625 0.779953 0.0345199 0.0260312
59 0.717283 0.801531 0.0215457 0.0134062
59 0.914649 0.641414 0.0411475 0.0314531
59 0.866464 0.822922 0.0191101 0.01625
59 0.675867 0.6635 0.0398829 0.0140625
59 0.63356 0.812719 0.0322248 0.0150625
59 0.755609 0.776656 0.0322482 0.0213125
59 0.586124 0.809047 0.0351054 0.023
59 0.813478 0.828844 0.0383372 0.0254375
59 0.664496 0.851781 0.0432319 0.0293125
59 0.628173 0.801555 0.0496956 0.0325156
59 0.596171 0.852773 0.0343091 0.0234531
59 0.753864 0.847773 0.0280094 0.0186719
59 0.559953 0.847414 0.0316628 0.0260469
59 0.417119 0.709484 0.0338642 0.0173437
59 0.720527 0.775008 0.0205855 0.0134844
59 0.731546 0.642938 0.0654801 0.0322188
59 0.699415 0.818891 0.035082 0.02125
59 0.656218 0.818797 0.0309368 0.0199688
59 0.569859 0.705633 0.0367213 0.0168906
59 0.708642 0.862406 0.0358314 0.02475
59 0.501686 0.702562 0.0498829 0.015125
59 0.580304 0.845805 0.0206557 0.0172344
59 0.838852 0.810945 0.0266979 0.0215469
59 0.584016 0.828414 0.0388525 0.0216719
59 0.615691 0.832586 0.0329274 0.0200469
59 0.637705 0.858734 0.0205152 0.0152812
59 0.905878 0.663906 0.0204684 0.0266562
59 0.806651 0.653742 0.0424356 0.0189844
59 0.85007 0.832383 0.0344262 0.0203281
59 0.840644 0.670687 0.04274 0.0231562
59 0.717951 0.672492 0.0594614 0.0171094
59 0.80041 0.798734 0.0304215 0.0243438
59 0.709672 0.839195 0.0309133 0.0242344
59 0.584321 0.714805 0.0251288 0.0160156
59 0.731733 0.859117 0.0346604 0.0221406
59 0.756991 0.826797 0.0374005 0.0234062
59 0.764941 0.673219 0.0333021 0.0155937
59 0.785293 0.642305 0.0469321 0.0241406
59 0.783407 0.844906 0.034918 0.028375
59 0.744707 0.764211 0.0332084 0.0101719
59 0.776311 0.794125 0.0307963 0.022
59 0.804965 0.672594 0.0521311 0.0194375
59 0.583302 0.870187 0.0311007 0.0165937
59 0.395269 0.722289 0.0256674 0.0152969
59 0.850843 0.808859 0.028993 0.0212812
59 0.784309 0.813109 0.0343794 0.02125
59 0.714438 0.884484 0.0433489 0.0292812
59 0.7237 0.821656 0.027541 0.021
59 0.763443 0.863711 0.0273068 0.0125156
59 0.529707 0.707344 0.0433958 0.0343437
59 0.608372 0.819813 0.018103 0.00890625
59 0.612717 0.86657 0.0294614 0.0216406