59 0.297862 0.71582 0.0176402 0.0107656
59 0.195759 0.713766 0.0157243 0.0112812
59 0.37778 0.734469 0.0229907 0.0110312
59 0.291951 0.726508 0.0264252 0.0105156
59 0.272173 0.778445 0.0233645 0.0179531
59 0.242909 0.793609 0.0260514 0.0115312
59 0.300619 0.756961 0.0296028 0.0123594
59 0.31743 0.715867 0.0275701 0.0138594
59 0.246869 0.746219 0.0145794 0.01
59 0.278283 0.670766 0.0139486 0.00840625
59 0.330935 0.75668 0.0246729 0.0147656
59 0.210935 0.700992 0.017243 0.00873437
59 0.312675 0.677617 0.0234813 0.0110781
59 0.280806 0.700859 0.0184813 0.0135937
59 0.145537 0.742195 0.021729 0.0178594
59 0.364404 0.69982 0.0128271 0.00745312
59 0.190257 0.701477 0.0214486 0.0164219
59 0.213388 0.7825 0.0233645 0.0133437
59 0.232021 0.679516 0.0264252 0.0125625