34 0.39782 0.746208 0.688547 0.507583
44 0.274297 0.290531 0.081 0.104271
44 0.127141 0.633031 0.0901875 0.115854
44 0.337883 0.575948 0.0957656 0.125646
44 0.11825 0.496031 0.0848125 0.115646
44 0.0765781 0.291104 0.117906 0.154792
44 0.177156 0.236115 0.08225 0.101437
44 0.297422 0.434937 0.0942813 0.118292
44 0.172766 0.364469 0.0870625 0.110479
44 0.220016 0.558302 0.092875 0.125938
14 0.480109 0.253542 0.313719 0.0495833
14 0.480492 0.224552 0.310953 0.0688542
14 0.442008 0.321031 0.219234 0.0743542
14 0.454992 0.302167 0.201859 0.0544583
52 0.911422 0.350812 0.062875 0.08
52 0.924969 0.291833 0.0590313 0.0646667
52 0.769766 0.465156 0.0710937 0.0752292
52 0.807516 0.431448 0.052 0.0701458
52 0.73125 0.418385 0.0638438 0.0802708
52 0.813875 0.290479 0.05575 0.0725
52 0.778977 0.350646 0.0671094 0.09975
52 0.862258 0.306792 0.0757344 0.0842917
52 0.869383 0.396615 0.0481094 0.0591458
52 0.8465 0.456667 0.0620313 0.066625