11 0.381039 0.227706 0.228016 0.191035
11 0.471867 0.354024 0.243109 0.278965
42 0.647898 0.297929 0.0898906 0.0907294
42 0.820039 0.119976 0.135766 0.114165
42 0.632766 0.0433765 0.12525 0.0712235
42 0.932297 0.229059 0.066125 0.172518
42 0.277086 0.364894 0.0224844 0.0259765
42 0.889648 0.302059 0.0282031 0.0588941
42 0.722211 0.142071 0.0590781 0.107294
42 0.578258 0.166376 0.0648281 0.0947765
42 0.89225 0.215071 0.0796562 0.0899529
42 0.665578 0.161788 0.0225 0.0458824
42 0.593727 0.239129 0.0456094 0.0611765
42 0.699383 0.324988 0.0974531 0.109694
42 0.667773 0.112106 0.0497031 0.0520235
38 0.319945 0.557165 0.173953 0.146235
38 0.242578 0.454165 0.0503125 0.0719529
38 0.127641 0.393776 0.155 0.186188
38 0.105305 0.460647 0.190828 0.189671
38 0.178023 0.576635 0.136016 0.137788
38 0.273555 0.430494 0.0804219 0.107106