42 0.679836 0.616667 0.0632656 0.05723
42 0.495766 0.40669 0.0526875 0.0424413
42 0.671227 0.392887 0.0698281 0.0793427
42 0.408719 0.410833 0.0586875 0.0682864
42 0.409844 0.740939 0.0798438 0.0973709
42 0.47143 0.527418 0.0625469 0.0546009
42 0.519453 0.576092 0.0854375 0.107723
42 0.397164 0.552124 0.0838906 0.0944836
42 0.622344 0.716444 0.0435 0.0551878
42 0.46018 0.380974 0.0604219 0.0388967
42 0.500383 0.268967 0.0651406 0.0715493
42 0.286211 0.5 0.0666094 0.0638028
42 0.34593 0.638944 0.0417969 0.0773709
42 0.272586 0.708721 0.0814531 0.0629812
42 0.469109 0.3348 0.0285938 0.0624648
42 0.597141 0.42385 0.0648125 0.040892
42 0.514375 0.439437 0.0463125 0.069061