2 0.373008 0.53377 0.0601406 0.0633255
2 0.410016 0.521218 0.0229687 0.0395785
2 0.324188 0.536593 0.0575625 0.0487354
2 0.285453 0.525679 0.0575 0.0440984
2 0.289602 0.550504 0.0222344 0.0359016
2 0.326313 0.488255 0.0280313 0.0635831
2 0.769891 0.340644 0.05625 0.0263934
2 0.792859 0.346101 0.0403125 0.0136534
1 0.0490156 0.398876 0.0980313 0.10815
1 0.247836 0.345902 0.0971094 0.10103
1 0.0434453 0.366616 0.0858281 0.0828806
1 0.230187 0.362658 0.107656 0.0989461
1 0.203586 0.393197 0.0522344 0.066815
1 0.0191953 0.339063 0.0383906 0.024356
1 0.11843 0.373115 0.0450781 0.0835597
1 0.0369531 0.320703 0.0712812 0.0189227
1 0.158539 0.355995 0.0608594 0.0711475