5 0.736836 0.402062 0.104063 0.0432188
5 0.950859 0.370078 0.0982813 0.0501875
5 0.768711 0.391547 0.0706641 0.0739375
5 0.884424 0.411625 0.144316 0.0557187
5 0.50709 0.438156 0.147148 0.056
5 0.595977 0.397516 0.143281 0.0456875
5 0.974287 0.446398 0.0514258 0.0500469
5 0.929541 0.39675 0.140918 0.0510625
5 0.519307 0.386453 0.103457 0.0655
5 0.932705 0.2005 0.0783008 0.0459062
5 0.892725 0.42868 0.123066 0.0696719
5 0.792656 0.152812 0.0936719 0.0540625
5 0.715977 0.162445 0.0648047 0.0190469
5 0.649258 0.37068 0.0975781 0.0500781
5 0.864951 0.158812 0.0499023 0.0383125
5 0.67791 0.331914 0.0594531 0.0355469
5 0.967676 0.492211 0.0643359 0.0843594
5 0.809854 0.390492 0.0675977 0.0595781
59 0.633213 0.290148 0.0627148 0.0399531
59 0.637969 0.316453 0.0491016 0.0365625
59 0.587871 0.310648 0.0548437 0.0445156
6 0.31293 0.492031 0.131758 0.0229687
6 0.516152 0.292453 0.109414 0.0297187
6 0.744258 0.107047 0.0515234 0.0146875
6 0.0930859 0.763219 0.186172 0.04075
6 0.313125 0.525977 0.179805 0.0270156
6 0.4871 0.342258 0.0735352 0.0267031
6 0.0786426 0.856117 0.137598 0.0720469
6 0.6346 0.191375 0.0800195 0.0281875
6 0.251533 0.594875 0.197207 0.0649375
6 0.0388672 0.940938 0.0777344 0.0578438
6 0.694727 0.144703 0.0900781 0.021
6 0.275859 0.572469 0.116719 0.0292187
6 0.137627 0.634578 0.248926 0.0784375
6 0.117979 0.805211 0.186582 0.0670156
6 0.491699 0.33618 0.115937 0.0320469
6 0.652529 0.168539 0.0649023 0.0183281
6 0.142217 0.655836 0.201426 0.0486094
6 0.665195 0.156992 0.0587109 0.0190469
6 0.348613 0.448852 0.147148 0.0416406
6 0.0513672 0.916258 0.102734 0.0767656
6 0.130254 0.6835 0.147461 0.031375
6 0.718262 0.129836 0.0585547 0.0150469
6 0.501309 0.317227 0.123984 0.0414844
6 0.0857227 0.828469 0.171445 0.106125
6 0.0904199 0.698375 0.158535 0.0426562
6 0.345479 0.46068 0.114277 0.0122656
6 0.597051 0.222234 0.0993359 0.0303125
6 0.131523 0.810109 0.156562 0.0614062
6 0.430146 0.392891 0.0773242 0.028375
6 0.0744141 0.718148 0.148828 0.0310469
6 0.284258 0.530258 0.0654688 0.0339531
6 0.270098 0.571508 0.185586 0.0643906
6 0.58542 0.256797 0.0995117 0.0164375
6 0.616738 0.200281 0.0875781 0.0203125
6 0.540049 0.284914 0.0954102 0.0243594
6 0.43083 0.369227 0.0854102 0.0336406
6 0.0983594 0.674891 0.196719 0.054625
6 0.554014 0.266367 0.0936523 0.0162969
6 0.319912 0.480352 0.160723 0.0341094
6 0.136953 0.700781 0.126445 0.0518438
6 0.418369 0.432844 0.0922852 0.0369063