52 0.891102 0.772416 0.141703 0.236925
52 0.589602 0.619351 0.179172 0.211339
52 0.457711 0.41705 0.0685156 0.111255
52 0.605203 0.873337 0.143437 0.238473
52 0.524648 0.384801 0.0731406 0.0984728
52 0.453148 0.497741 0.0535781 0.0512134
52 0.630078 0.384655 0.0889375 0.0565063
52 0.697586 0.441517 0.0753906 0.100941
52 0.450328 0.825816 0.175781 0.2341
52 0.5035 0.661318 0.0798125 0.135063
52 0.504641 0.473128 0.0614375 0.099477
52 0.579945 0.432835 0.0743906 0.0548745
52 0.435313 0.557709 0.0844063 0.11136
52 0.660422 0.534059 0.181406 0.16113
52 0.755367 0.727877 0.132859 0.219477
14 0.132414 0.692552 0.161578 0.133222
14 0.0556563 0.875377 0.0571875 0.215314
14 0.297852 0.88499 0.0262031 0.0500209
14 0.137602 0.910209 0.0371719 0.179582
14 0.254109 0.673504 0.117625 0.135418
14 0.225352 0.892887 0.0585781 0.160377
14 0.312945 0.819665 0.0493594 0.124435
14 0.282609 0.832835 0.0265 0.0669665
14 0.0933047 0.90318 0.0829219 0.19159
14 0.268188 0.865356 0.0569063 0.144142
14 0.190805 0.699069 0.155797 0.185167
14 0.17982 0.920502 0.0564531 0.158996
14 0.194922 0.8141 0.0774062 0.0994979
14 0.261445 0.715785 0.156109 0.144372
14 0.114172 0.798441 0.091 0.142573
14 0.172484 0.769027 0.0508125 0.0756276
14 0.190836 0.866757 0.0136094 0.0294979
14 0.289727 0.744571 0.130891 0.12864