8 0.525109 0.221469 0.0513125 0.0487292
8 0.399148 0.521083 0.0626406 0.058875
8 0.580992 0.390219 0.0402656 0.0455625
8 0.344672 0.747427 0.0570312 0.0628958
8 0.431891 0.702427 0.0463438 0.0817292
8 0.368414 0.368573 0.0664844 0.0734375
8 0.432344 0.55251 0.0532188 0.0442708
8 0.656445 0.41351 0.0648281 0.0557292
8 0.812992 0.356844 0.0697969 0.0766875
8 0.494703 0.189979 0.0488125 0.0710833
8 0.283281 0.39175 0.0429375 0.0643333
8 0.365641 0.615146 0.0754062 0.0842917
8 0.186359 0.674281 0.06125 0.0703958
8 0.743734 0.451365 0.07025 0.101813