6 0.664281 0.521646 0.0711563 0.0754167
6 0.327477 0.554771 0.0342969 0.0382083
6 0.582961 0.602094 0.0559219 0.105438
6 0.380891 0.554406 0.0385313 0.0303542
6 0.322414 0.589844 0.0111719 0.0391875
6 0.384531 0.540635 0.0399687 0.0335208
6 0.31407 0.526865 0.0263906 0.0335625
6 0.586148 0.534583 0.0632656 0.0640833
6 0.515773 0.593781 0.0354531 0.0718542
6 0.535891 0.548906 0.0435938 0.0641875
6 0.990172 0.491542 0.018 0.0666667
6 0.361313 0.58501 0.023625 0.0733542
6 0.96525 0.391792 0.0695 0.150083
6 0.427281 0.566073 0.0235313 0.0622292
6 0.411297 0.558823 0.0274687 0.0663958
6 0.64975 0.475594 0.0873437 0.0641042
6 0.586461 0.573958 0.0719219 0.0798333
6 0.917383 0.442417 0.0578281 0.130042
6 0.403445 0.524385 0.0336719 0.0416042
6 0.454469 0.561896 0.020625 0.0622917
6 0.535422 0.614344 0.0283438 0.0828958
6 0.532203 0.510771 0.0376875 0.069375
6 0.444906 0.51125 0.0215312 0.0287083
6 0.566312 0.60674 0.035875 0.0881042
6 0.437477 0.5805 0.0212344 0.04125
6 0.405578 0.492906 0.0595 0.0358958
6 0.484937 0.606906 0.0354375 0.0511042
6 0.344211 0.582812 0.0192031 0.0768333
6 0.563086 0.505052 0.0224531 0.0157708
6 0.663773 0.597177 0.0264531 0.0570208
6 0.700453 0.56901 0.044625 0.104396
6 0.411445 0.544365 0.0228281 0.0463958
6 0.730594 0.536854 0.0364688 0.0831667
6 0.931492 0.489198 0.0298906 0.0457292
6 0.676562 0.595906 0.0363125 0.0891875
6 0.372078 0.570448 0.0278125 0.0514375
6 0.307492 0.540687 0.0326406 0.0250833
6 0.720703 0.611437 0.02975 0.0559167
6 0.884422 0.453729 0.06175 0.07325
6 0.507539 0.523917 0.0343906 0.0454583
6 0.652102 0.566354 0.0822344 0.0780833
6 0.70925 0.511313 0.0435938 0.110292
6 0.438828 0.594573 0.01925 0.0256875
6 0.912906 0.314729 0.06675 0.0501667
6 0.376695 0.518865 0.0347031 0.0245208
6 0.3235 0.497219 0.0321875 0.0331875
6 0.989914 0.437333 0.0198281 0.090625
6 0.760703 0.580187 0.0280625 0.108417
6 0.334195 0.533615 0.0241719 0.0407708
6 0.891875 0.395177 0.106406 0.108812
6 0.499789 0.563719 0.0463906 0.0527292
6 0.437727 0.541229 0.0241094 0.043
6 0.455352 0.535094 0.0167031 0.0236042
6 0.478578 0.532792 0.0380625 0.0518333
6 0.651836 0.519625 0.0755781 0.082625
6 0.763852 0.510208 0.0692031 0.0705833
6 0.766148 0.545281 0.0625781 0.0928958
6 0.966758 0.484625 0.0433906 0.126208
6 0.463875 0.519417 0.0230625 0.0299167
6 0.90068 0.404031 0.107172 0.106188
6 0.45675 0.494625 0.0245938 0.0261667
6 0.57982 0.482365 0.0634531 0.0408542
6 0.74225 0.473281 0.0260937 0.0222708
6 0.739031 0.600396 0.0370625 0.0849167