11 0.568328 0.630406 0.0740937 0.0791042
11 0.753477 0.741292 0.0788594 0.0890417
11 0.621211 0.670969 0.0494531 0.137688
11 0.681859 0.808969 0.0357813 0.0307708
11 0.753352 0.678667 0.0579844 0.113167
11 0.605727 0.787385 0.0694531 0.0828958
11 0.72007 0.80276 0.0625469 0.0567708
11 0.568469 0.721063 0.0751563 0.0724583
11 0.688617 0.529479 0.122953 0.123042
11 0.760516 0.585 0.0686563 0.0940833
36 0.716727 0.289198 0.123703 0.198563
36 0.614867 0.302073 0.141016 0.192646
59 0.681125 0.636844 0.0942813 0.124896
33 0.288219 0.229844 0.135406 0.0513958
33 0.322453 0.695135 0.17575 0.110396
33 0.370289 0.764875 0.212734 0.054875
33 0.366383 0.630177 0.188297 0.108437
33 0.469156 0.43451 0.0461562 0.0576875
33 0.232578 0.797219 0.0395313 0.0449375
33 0.375844 0.329302 0.0947812 0.0716042
33 0.386383 0.224573 0.0469219 0.0460625
33 0.336945 0.296094 0.0750781 0.0743542
33 0.455383 0.360312 0.0147969 0.024625
33 0.401648 0.391948 0.0585156 0.131271
33 0.466844 0.593875 0.052875 0.283167
33 0.440461 0.267844 0.101734 0.170062
33 0.461813 0.406156 0.0538438 0.0712708
33 0.296711 0.344156 0.0649219 0.129354
33 0.331617 0.590687 0.140578 0.112042
33 0.348789 0.704365 0.175203 0.108729
33 0.286391 0.315125 0.0177813 0.0338333
33 0.301234 0.461281 0.035 0.109229
33 0.473391 0.361927 0.0355313 0.0483125
33 0.232383 0.678542 0.0887031 0.258833
33 0.372648 0.798187 0.192609 0.0379167
33 0.380695 0.546635 0.0267344 0.133479
33 0.352492 0.575469 0.200672 0.162063
33 0.457305 0.312302 0.0561406 0.146187
33 0.431031 0.500948 0.0379375 0.0854792