23 0.18475 0.493521 0.0619062 0.0817083
23 0.431727 0.299979 0.0232969 0.01775
23 0.474148 0.665708 0.115391 0.0760833
23 0.262086 0.424656 0.0469844 0.0763958
23 0.31082 0.534854 0.0787344 0.0849167
23 0.609133 0.318563 0.0698594 0.0660833
23 0.376133 0.561208 0.0330469 0.054875
23 0.203867 0.507479 0.0442969 0.085375
23 0.385234 0.711635 0.0625625 0.0997292
23 0.300648 0.447771 0.0577031 0.106458
23 0.288039 0.642885 0.0622031 0.127771
23 0.551219 0.204354 0.0365 0.0346667
23 0.245008 0.496771 0.0678281 0.1105
23 0.466031 0.243417 0.0542813 0.02475
23 0.337125 0.613938 0.0530312 0.0986667
23 0.503758 0.262177 0.0548906 0.0672292
23 0.346016 0.288292 0.0635938 0.0475
23 0.666172 0.468896 0.0246562 0.0249583
23 0.402031 0.613156 0.0735313 0.118729
23 0.350758 0.510719 0.0426719 0.0679792
23 0.414602 0.241323 0.0493906 0.0589375
23 0.579344 0.535927 0.0502187 0.0846458
23 0.187094 0.538156 0.0319688 0.0333958
23 0.729859 0.448292 0.0464687 0.0849583
23 0.419461 0.303312 0.0532969 0.044625
23 0.640313 0.47875 0.0468438 0.060125
24 0.741898 0.335198 0.223828 0.270021
24 0.872852 0.358823 0.178203 0.366437
59 0.884156 0.137656 0.0895937 0.0950208
59 0.963883 0.127031 0.0722344 0.0475625
59 0.995352 0.0965521 0.00929687 0.0556458