44 0.77607 0.0541733 0.05234 0.07672
44 0.53301 0.1112 0.11714 0.135413
44 0.72038 0.149693 0.2332 0.16616
44 0.50773 0.266493 0.13918 0.191067
44 0.49404 0.03844 0.13976 0.07688
44 0.11915 0.363693 0.22954 0.326533
44 0.77965 0.344107 0.1927 0.181013
44 0.94009 0.810067 0.11982 0.352667
44 0.45306 0.41952 0.21176 0.277813
44 0.92784 0.306493 0.14432 0.29656
44 0.94589 0.503973 0.10822 0.102773
44 0.78576 0.55308 0.08384 0.102053
44 0.86587 0.552187 0.0797 0.132373
44 0.29073 0.503373 0.18158 0.18376
44 0.90053 0.03996 0.10742 0.07592
44 0.58143 0.160533 0.06554 0.0786133
44 0.29156 0.39812 0.11668 0.07576
44 0.78306 0.0280667 0.13584 0.0561333
44 0.88489 0.144053 0.13262 0.133867
44 0.64929 0.0559467 0.04722 0.0875733
44 0.57614 0.40012 0.05916 0.0804533
44 0.73405 0.64884 0.06962 0.0779467
44 0.63202 0.0398267 0.14108 0.0796533
44 0.86301 0.911613 0.10582 0.0999733
44 0.21199 0.332987 0.08046 0.180853
44 0.75574 0.734747 0.10028 0.123413
44 0.8438 0.68596 0.101 0.14232
44 0.67696 0.70916 0.07672 0.138427
44 0.64517 0.69016 0.0409 0.0972267
44 0.79005 0.644813 0.07906 0.0961867
44 0.82528 0.0858533 0.05516 0.110747
44 0.9083 0.696893 0.06164 0.101627
44 0.93249 0.0840533 0.0577 0.0538667
44 0.6139 0.09272 0.05308 0.0857067
44 0.82298 0.81332 0.0834 0.125307
44 0.68425 0.502867 0.18906 0.274213
44 0.33736 0.250347 0.21412 0.285493
44 0.86805 0.18952 0.06438 0.0786667
44 0.17652 0.54544 0.085 0.08112
44 0.86034 0.07632 0.02652 0.0472533