11 0.591344 0.168 0.138469 0.144625
11 0.502367 0.299917 0.106016 0.182458
11 0.380172 0.112865 0.0852813 0.140188
11 0.634563 0.251937 0.099875 0.111333
11 0.346234 0.22976 0.129281 0.205437
11 0.467594 0.163906 0.100281 0.149729
11 0.279109 0.213854 0.0669375 0.125333
11 0.483547 0.409625 0.0785625 0.093625
11 0.504555 0.0648229 0.128047 0.129646
52 0.294125 0.493052 0.130344 0.157188
52 0.253312 0.652177 0.150844 0.161062
52 0.19268 0.581875 0.147766 0.127917
52 0.294672 0.589979 0.0831875 0.142417
52 0.332969 0.537031 0.06175 0.167229
52 0.209008 0.374833 0.154891 0.123792
52 0.192188 0.469 0.170469 0.152042
52 0.267203 0.292552 0.119125 0.137104