59 0.447051 0.719747 0.330866 0.236912
59 0.650204 0.512802 0.050866 0.124526
59 0.074281 0.862475 0.0996078 0.0528268
38 0.293513 0.790931 0.247712 0.302484
38 0.114853 0.714493 0.145392 0.0633333
38 0.160286 0.857565 0.0953758 0.234641
38 0.306487 0.583922 0.183856 0.203856
38 0.258056 0.772794 0.0533333 0.0802614
38 0.155294 0.695948 0.0474183 0.0365359
38 0.0656781 0.606127 0.0761601 0.1
38 0.419011 0.738154 0.0877614 0.157157
38 0.111577 0.656593 0.0510294 0.0896895
38 0.682574 0.460768 0.0723039 0.0784641
38 0.10357 0.676536 0.0179575 0.0426471