6 0.0816406 0.0620519 0.0328437 0.0405189
6 0.539273 0.236592 0.0156094 0.0561085
6 0.262883 0.225743 0.0127656 0.0371934
6 0.216422 0.257818 0.0096875 0.0289858
6 0.526375 0.237146 0.0165 0.0580189
6 0.202406 0.602465 0.010875 0.0175708
6 0.530305 0.601462 0.0151406 0.0361321
6 0.70632 0.605943 0.0122969 0.0490566
6 0.50225 0.597653 0.013375 0.0454953
6 0.802672 0.262583 0.0197813 0.0309198
6 0.0318437 0.593184 0.0147187 0.0279245
6 0.691406 0.52954 0.0238125 0.0630896
6 0.0884141 0.104351 0.0230156 0.0768632
6 0.423539 0.241557 0.0155156 0.0276415
6 0.396344 0.277358 0.0115937 0.0308019
6 0.367945 0.269281 0.00698437 0.0154009
6 0.765047 0.597854 0.04125 0.0333962
6 0.0319844 0.606297 0.0171875 0.0350943
6 0.555648 0.269328 0.0120469 0.0516745
6 0.542141 0.606887 0.0124688 0.0444811
6 0.0599531 0.146757 0.0142813 0.0516274
6 0.249906 0.242606 0.0148437 0.0546462
6 0.307969 0.585259 0.0180312 0.0192453
6 0.0249922 0.0971816 0.0178594 0.0763915
6 0.227164 0.248267 0.0217656 0.0494575
6 0.0291641 0.184328 0.0252344 0.0694575
6 0.290977 0.284929 0.0166719 0.0394811
6 0.812789 0.287358 0.0149219 0.0337264
6 0.0498125 0.589646 0.0225312 0.0524057
6 0.510398 0.574068 0.0128281 0.0324764
6 0.673977 0.6077 0.0200781 0.0461557
6 0.735133 0.598892 0.0151406 0.0228302
6 0.756062 0.619045 0.0293438 0.0421462
6 0.0436875 0.0339623 0.0204375 0.0548585
6 0.754172 0.30533 0.0164687 0.0273113
6 0.399828 0.199363 0.0156563 0.0253774
6 0.0454922 0.592535 0.0145469 0.0508726
6 0.223602 0.590943 0.0184219 0.0251415
6 0.0379609 0.586533 0.0198906 0.0494811
6 0.008625 0.569068 0.0168437 0.0420519
6 0.687883 0.597005 0.0137969 0.0416038
6 0.0120391 0.0539741 0.0174531 0.0737028
6 0.0393828 0.18638 0.0303281 0.0848349
6 0.0585859 0.0355189 0.0197344 0.0582075
6 0.257891 0.607288 0.0101875 0.0143396
6 0.769797 0.623208 0.0343125 0.0463679
6 0.275984 0.259764 0.0170625 0.0443396
6 0.757937 0.297406 0.0129375 0.0241038
6 0.752672 0.374976 0.0105 0.025
6 0.113453 0.589481 0.0284063 0.0317925
6 0.761016 0.340849 0.0091875 0.0275472
6 0.0118828 0.153762 0.0231406 0.0626179
6 0.0241328 0.0280425 0.0160156 0.0559434
6 0.0704141 0.112512 0.0222344 0.0782783
6 0.549422 0.248196 0.0103125 0.0452123
6 0.131227 0.594788 0.0249844 0.0415094
6 0.377695 0.575814 0.0234531 0.0382311
6 0.395336 0.219269 0.0120781 0.0331132
6 0.122992 0.615825 0.0258594 0.0471698
6 0.714219 0.582075 0.0169063 0.0337264
6 0.283391 0.606156 0.0142813 0.0215566
6 0.393094 0.583821 0.0144375 0.0511792
6 0.676953 0.512948 0.0192187 0.0515566
6 0.673711 0.543149 0.0297969 0.0509198
6 0.0448984 0.124611 0.0175156 0.0620519
6 0.635773 0.601026 0.00817188 0.0133255
6 0.0725547 0.0772288 0.0234844 0.0533255
6 0.383125 0.233125 0.0137813 0.0354009
6 0.286195 0.234493 0.0146406 0.028467
6 0.176867 0.590719 0.0100781 0.0213443
6 0.421898 0.578974 0.0197344 0.0430896
6 0.132078 0.62 0.022125 0.0507547
6 0.310016 0.603715 0.0199063 0.0243632
6 0.610703 0.624906 0.0194062 0.0487264
6 0.0343594 0.0512146 0.014125 0.0843632
6 0.104047 0.121439 0.0145 0.0586792
6 0.761203 0.582288 0.0343125 0.0232075
6 0.77768 0.263962 0.0154844 0.0351887
6 0.0137422 0.207229 0.0212656 0.0543632
6 0.488797 0.595 0.0125938 0.0335849
6 0.00311719 0.0798231 0.00623438 0.0433726
6 0.382672 0.594446 0.012125 0.041816
6 0.667586 0.554929 0.0182031 0.0246226
6 0.726289 0.541321 0.0131094 0.0214151
6 0.776086 0.61809 0.0362031 0.0393396
6 0.795352 0.272783 0.0147031 0.034717
6 0.715219 0.635755 0.01575 0.0379717
6 0.417406 0.590837 0.0109687 0.0377123
6 0.0425 0.150825 0.0273438 0.0759906
6 0.171914 0.606804 0.0108906 0.0225708
51 0.136742 0.239316 0.0490469 0.087783
51 0.647031 0.217771 0.0455938 0.12408
51 0.540687 0.0869811 0.0360625 0.12717
51 0.184898 0.128585 0.0603906 0.12283
51 0.303664 0.207771 0.0428594 0.108656
51 0.797227 0.107972 0.0466406 0.146698
51 0.592758 0.206509 0.0542031 0.150943
51 0.186211 0.211686 0.0305781 0.0845519
51 0.674664 0.22309 0.0311406 0.091934
51 0.4695 0.198007 0.0406562 0.110259
44 0.0851172 0.271191 0.0236719 0.0311085
44 0.447312 0.539552 0.0193437 0.0287264
44 0.142391 0.520224 0.0224375 0.0317217
44 0.142992 0.546863 0.0211719 0.0263208
44 0.165578 0.550354 0.0215 0.0241981
44 0.376211 0.537323 0.0184844 0.0239858
44 0.560937 0.555896 0.0199063 0.0184434
44 0.354539 0.543561 0.0178281 0.018066
44 0.172406 0.518502 0.0119063 0.00974057
44 0.557109 0.541321 0.0217812 0.0306604
44 0.119617 0.540613 0.0172969 0.0260849
44 0.0802344 0.250153 0.0130938 0.010684
44 0.271203 0.538526 0.021625 0.0342217
44 0.257195 0.551285 0.0216094 0.0225708
44 0.447516 0.560873 0.0207813 0.0230189
44 0.471422 0.553054 0.0177187 0.0192217
44 0.428383 0.551533 0.0134844 0.0206132
44 0.161641 0.530259 0.0230625 0.0266509
44 0.103414 0.27513 0.0171719 0.0287028
44 0.268133 0.520259 0.0162656 0.0128302
44 0.366961 0.583031 0.0126406 0.0369575
44 0.329336 0.552877 0.0166719 0.023066
44 0.436516 0.544127 0.0054375 0.0146226
44 0.540148 0.535601 0.0196406 0.0293632
44 0.473008 0.562075 0.0195781 0.0235377
44 0.390617 0.542005 0.0127031 0.0188679
44 0.283109 0.554281 0.0210938 0.0177123
44 0.341602 0.535024 0.0197656 0.0235849
44 0.489078 0.560943 0.0132188 0.0114151
44 0.54025 0.555637 0.0199063 0.0194811
44 0.255453 0.536415 0.0110625 0.0164151
44 0.233594 0.548903 0.0146563 0.0195047
44 0.157719 0.513715 0.0161563 0.0130896
44 0.338578 0.55441 0.0195625 0.0225472
44 0.225828 0.52342 0.0234688 0.0204245
44 0.287047 0.538844 0.0135937 0.0217925
44 0.621484 0.559741 0.0153125 0.0235849
44 0.241977 0.550778 0.0126094 0.0177358
44 0.180953 0.530448 0.0192187 0.0306132
44 0.574703 0.54013 0.0187187 0.0304953
44 0.458148 0.556816 0.0127656 0.0282075
44 0.367656 0.551875 0.0105313 0.0155425
44 0.303914 0.547854 0.0226094 0.0245755
44 0.209961 0.525307 0.0101719 0.017783
61 0.357219 0.818337 0.0464375 0.0661557
61 0.800125 0.821851 0.0449062 0.0630425
61 0.308359 0.814422 0.0579375 0.0728066
61 0.320633 0.670967 0.0473594 0.0684434
61 0.768367 0.775377 0.0328281 0.06
61 0.362578 0.749151 0.0470313 0.0828774
61 0.363555 0.680271 0.0437969 0.0604953
61 0.748844 0.665825 0.0279375 0.0535377
61 0.753531 0.721934 0.0236563 0.0658962
61 0.792242 0.75941 0.0409219 0.0625
61 0.317336 0.742099 0.0487344 0.0776887
61 0.773281 0.831215 0.0254063 0.0560142
61 0.771 0.708208 0.034 0.0648113