34 0.542508 0.459317 0.0604219 0.0883514
34 0.338625 0.422549 0.0576562 0.0671367
34 0.480594 0.294544 0.076125 0.0956833
34 0.469781 0.483384 0.0589375 0.0936226
34 0.455156 0.368221 0.0515 0.116443
34 0.246617 0.454089 0.0695156 0.108048
34 0.240992 0.0843601 0.0550156 0.0463774
34 0.398438 0.0654121 0.0614062 0.108265
34 0.222578 0.442744 0.0648438 0.109219
34 0.466625 0.553612 0.0817187 0.0685683
34 0.0228516 0.704881 0.0457031 0.119219
34 0.345844 0.355759 0.103 0.0900434
34 0.458359 0.156139 0.0505 0.0530152
34 0.227375 0.218221 0.0680937 0.0853362
34 0.707188 0.234751 0.0622188 0.113102