1 0.13562 0.07616 0.02908 0.0506667
1 0.41605 0.241027 0.03686 0.04616
1 0.22767 0.131227 0.02462 0.05008
1 0.44741 0.17436 0.03538 0.04152
1 0.58024 0.353293 0.03932 0.0417867
1 0.30285 0.0174267 0.03318 0.0334133
1 0.01681 0.176293 0.0323 0.0346133
1 0.41028 0.19544 0.02328 0.0446933
1 0.65807 0.15436 0.0175 0.0277067
1 0.39407 0.235427 0.02526 0.03736
1 0.67467 0.1698 0.0225 0.0297333
1 0.38892 0.496027 0.01464 0.0178667
1 0.27457 0.281773 0.1147 0.131973
1 0.10148 0.0387333 0.04688 0.0587467
1 0.21119 0.16192 0.03482 0.02896
1 0.42884 0.283347 0.033 0.0449867
1 0.4465 0.227587 0.02048 0.038
1 0.46702 0.353733 0.00924 0.00922667
1 0.74144 0.244413 0.09964 0.112133
1 0.56787 0.07228 0.02358 0.0318667
1 0.52168 0.30692 0.03512 0.0471733