55 0.760874 0.556797 0.0476961 0.0351307
55 0.72116 0.534575 0.0194118 0.0506863
55 0.703431 0.507181 0.0176797 0.022598
55 0.697672 0.540605 0.0291013 0.0335948
55 0.711152 0.550376 0.0097549 0.0183333
55 0.688105 0.499281 0.0379412 0.0179412
55 0.691193 0.531846 0.0217647 0.0437582
37 0.262451 0.651577 0.0688889 0.0851471
37 0.335123 0.683832 0.0912582 0.0684477
44 0.246871 0.553047 0.107892 0.10518
44 0.278145 0.420212 0.100016 0.103137
44 0.34344 0.578725 0.0982843 0.0924183
44 0.365008 0.462467 0.0925327 0.100948
58 0.795458 0.493391 0.0177451 0.0344281
58 0.887288 0.63808 0.117941 0.0638399
58 0.888456 0.524371 0.147141 0.0651797
58 0.802116 0.560596 0.082598 0.117761
58 0.872802 0.571283 0.0997549 0.0748856
58 0.809469 0.634118 0.11335 0.0713725
58 0.866487 0.701953 0.146144 0.070768