8 0.769406 0.520521 0.0437813 0.1125
8 0.846914 0.49674 0.135016 0.145396
8 0.699797 0.511563 0.105375 0.156583
8 0.752102 0.804813 0.123547 0.208542
8 0.588469 0.66774 0.0580937 0.133479
8 0.590742 0.515979 0.109078 0.188417
14 0.707688 0.397656 0.0111562 0.0305625
14 0.751375 0.435958 0.04525 0.0184583
14 0.75332 0.385313 0.0533906 0.0449167
14 0.746836 0.454875 0.0266719 0.03525
14 0.723266 0.43149 0.0205938 0.0171042
14 0.77607 0.370552 0.0121406 0.0283125
14 0.710375 0.36749 0.0128125 0.0402292
14 0.705508 0.430719 0.00929687 0.0129375
1 0.649438 0.809875 0.0806562 0.123958
1 0.693414 0.895479 0.0974531 0.136458
1 0.342594 0.635948 0.0814062 0.113229
1 0.295406 0.809562 0.0865625 0.110458
1 0.258617 0.888354 0.0964219 0.131958
1 0.206508 0.804406 0.0882344 0.141187
1 0.569312 0.776958 0.0784062 0.0905
44 0.475453 0.793031 0.101625 0.149104
48 0.3565 0.872354 0.109125 0.126125
48 0.52275 0.924729 0.0996563 0.1255
48 0.588891 0.867708 0.10675 0.130792
48 0.424719 0.923125 0.101969 0.130792