50 0.440078 0.764125 0.0855313 0.303708
50 0.255922 0.770729 0.0849375 0.257208
50 0.474109 0.654823 0.0279063 0.0402292
14 0.377414 0.77726 0.0915469 0.260104
14 0.317836 0.780917 0.0868906 0.253667
14 0.215031 0.689583 0.0451875 0.10225
14 0.501648 0.792448 0.0575156 0.274146
14 0.120086 0.762823 0.0616094 0.272729
14 0.515172 0.742542 0.0458438 0.212083
14 0.390344 0.690542 0.033875 0.138
14 0.189273 0.77174 0.0672969 0.267771
14 0.517914 0.750323 0.0526406 0.249563
14 0.337508 0.66101 0.0382969 0.0584375
14 0.171117 0.791594 0.0752031 0.273562
14 0.149797 0.63499 0.0323125 0.0236458
1 0.769711 0.733594 0.0755469 0.0453542
1 0.700977 0.877396 0.216484 0.139
1 0.716797 0.775833 0.231469 0.218542
1 0.732078 0.684135 0.213188 0.0905625
1 0.71743 0.606563 0.226828 0.130208
1 0.62443 0.780333 0.0542031 0.115125