44 0.716388 0.291703 0.0919415 0.065125
44 0.956858 0.181852 0.0862839 0.0772656
44 0.684656 0.238406 0.125553 0.04825
44 0.821232 0.167813 0.113445 0.0740937
44 0.827474 0.233492 0.132067 0.0744219
44 0.927745 0.24057 0.091858 0.0651094
44 0.897797 0.191195 0.0725052 0.0512031
44 0.861555 0.301664 0.0585177 0.0459531
44 0.615846 0.2085 0.0570772 0.029125
44 0.982704 0.235 0.0345929 0.0523438
44 0.648278 0.185164 0.103236 0.0758594
44 0.656367 0.277117 0.0977453 0.0582656
44 0.791848 0.305898 0.0708351 0.0544219
44 0.917276 0.154844 0.0659081 0.0369688
44 0.730553 0.131852 0.0922965 0.0775156
44 0.931848 0.294492 0.0998956 0.0612031
44 0.745846 0.194133 0.106973 0.0770156
44 0.86499 0.144172 0.0797077 0.0430938