8 0.78 0.529156 0.037875 0.0228125
8 0.741633 0.614333 0.0386719 0.0457083
8 0.825852 0.464125 0.0310156 0.0302083
8 0.635086 0.489479 0.0210781 0.0164583
8 0.705828 0.431135 0.021 0.0271042
8 0.662984 0.424406 0.0298125 0.0256458
8 0.728438 0.393031 0.0132188 0.0099375
8 0.692094 0.230948 0.019625 0.0069375
8 0.843469 0.642385 0.0309687 0.0598125
8 0.866266 0.639917 0.0243125 0.034375
8 0.675586 0.258865 0.0156719 0.00714583
8 0.771086 0.465625 0.0231406 0.0292917
8 0.757148 0.219229 0.0219219 0.00770833
8 0.771094 0.547979 0.0354688 0.03625
8 0.85568 0.200219 0.0130781 0.0074375
8 0.800891 0.204958 0.0112187 0.00545833
8 0.771516 0.250292 0.0185937 0.005875
8 0.712938 0.21524 0.0151875 0.00739583
8 0.805852 0.427948 0.0242344 0.0276875
8 0.649695 0.20851 0.0117031 0.0099375
8 0.768383 0.402177 0.0161094 0.0171875
8 0.87382 0.582615 0.0296094 0.0312708
8 0.693828 0.205385 0.0151875 0.0076875
8 0.815633 0.57725 0.0213281 0.0264583
8 0.792789 0.244281 0.0111406 0.00539583