59 0.286523 0.116542 0.112891 0.224875
59 0.567063 0.338344 0.0788438 0.0976875
59 0.340086 0.394177 0.222703 0.419104
59 0.356297 0.154625 0.0382813 0.0505833
59 0.366719 0.0567604 0.050625 0.0710208
59 0.440922 0.596615 0.144844 0.186521
59 0.466375 0.269198 0.018625 0.0334375
43 0.632313 0.849083 0.145313 0.128917
43 0.203805 0.4025 0.0449531 0.092375
43 0.214805 0.692719 0.119484 0.291729
43 0.456484 0.772687 0.296344 0.393083
43 0.430852 0.391375 0.308922 0.425125
43 0.634891 0.0826979 0.106 0.149812
43 0.29443 0.619667 0.0485469 0.112625
43 0.25693 0.2885 0.0860156 0.147875
43 0.661578 0.706115 0.102688 0.172146
43 0.366617 0.673469 0.0763594 0.176312