42 0.892789 0.343889 0.0697031 0.0707752
42 0.524531 0.292016 0.0437188 0.0470284
42 0.772141 0.293282 0.0620625 0.0606718
42 0.972273 0.394199 0.0460156 0.0510853
42 0.750469 0.146654 0.0753125 0.0574935
42 0.86775 0.138605 0.0548125 0.0487855
42 0.834469 0.235827 0.0605625 0.0644186
42 0.881234 0.193863 0.0171875 0.0349096
42 0.464953 0.283501 0.04475 0.0577519
42 0.533273 0.218256 0.0564219 0.0574419
42 0.61382 0.138424 0.0671406 0.0783979
42 0.800219 0.364974 0.054875 0.0578036
42 0.513047 0.141525 0.0660937 0.0471835
42 0.475148 0.37084 0.0456406 0.0772351