38 0.455867 0.834469 0.274828 0.171229
38 0.388789 0.357604 0.0767656 0.0469167
38 0.367086 0.477958 0.0853281 0.054
38 0.233078 0.412479 0.0944375 0.06025
38 0.580211 0.695531 0.150672 0.160604
38 0.554195 0.353719 0.0986719 0.0539792
59 0.576227 0.40051 0.129984 0.0813542
59 0.329445 0.445177 0.118422 0.0697708
59 0.0778594 0.376417 0.155719 0.0992917
59 0.132375 0.484208 0.0781875 0.0564583
59 0.237797 0.304833 0.108719 0.0701667
59 0.333773 0.285062 0.0957344 0.061375
59 0.475469 0.266 0.0667813 0.0255833
59 0.4695 0.410865 0.0983437 0.0536042