14 0.315766 0.628232 0.139875 0.253888
14 0.445461 0.656897 0.134609 0.169344
14 0.589383 0.619075 0.0687031 0.260351
14 0.75325 0.675913 0.0898125 0.50808
14 0.114688 0.636534 0.0661562 0.463841
14 0.628039 0.62685 0.0410156 0.300867
14 0.682891 0.65192 0.0388125 0.407447
14 0.702578 0.657002 0.0540312 0.45911
14 0.227672 0.60281 0.049625 0.290632
14 0.171547 0.6487 0.10825 0.549204
14 0.533328 0.662096 0.05325 0.187845
20 0.370664 0.429333 0.0541406 0.505738
20 0.531953 0.606159 0.0577812 0.102061