8 0.0230625 0.77614 0.046125 0.120649
8 0.0858672 0.62273 0.0317031 0.0440377
8 0.165156 0.703169 0.075375 0.0456276
8 0.506773 0.7675 0.165922 0.127469
8 0.258555 0.35568 0.0415781 0.0264226
8 0.449695 0.310659 0.0345781 0.0153347
8 0.55018 0.667605 0.0239531 0.0320711
8 0.437109 0.784927 0.047125 0.0377197
8 0.344797 0.322563 0.0217188 0.0264226
8 0.335531 0.713023 0.0368125 0.0524895
8 0.237906 0.718033 0.0442188 0.0361925
8 0.34793 0.357448 0.0296719 0.0368619
8 0.390781 0.316485 0.0206563 0.0282008
8 0.494844 0.36455 0.042875 0.0290167
8 0.515063 0.806736 0.119656 0.0571967
8 0.330039 0.789707 0.0264844 0.0354393
8 0.434438 0.352374 0.0895 0.0248326
8 0.488414 0.328483 0.0183594 0.027636
8 0.242391 0.322186 0.0183437 0.0215272
8 0.43168 0.330722 0.0594844 0.0201883
8 0.321508 0.343692 0.0526719 0.0201883
8 0.508297 0.338347 0.0240938 0.0216318
8 0.206773 0.749341 0.0293281 0.0251674
8 0.663516 0.330366 0.0635938 0.030523
8 0.221719 0.748232 0.0219062 0.0259623
8 0.101547 0.722249 0.0187812 0.0212762