18 0.482422 0.469689 0.05725 0.103986
18 0.355453 0.314447 0.0475938 0.0788479
18 0.454656 0.403168 0.046875 0.0702535
18 0.528227 0.409136 0.0704219 0.103618
18 0.367047 0.578629 0.0929375 0.25841
18 0.322523 0.296878 0.0487656 0.0816359
18 0.572852 0.254896 0.0478906 0.0908525
18 0.366742 0.350622 0.136953 0.210415
18 0.55025 0.33826 0.0675625 0.0896083
18 0.439773 0.482212 0.0574844 0.106175
18 0.484961 0.296705 0.0561719 0.0865438
18 0.430242 0.292177 0.0632031 0.0932488
18 0.527922 0.257385 0.0475 0.0981336
18 0.46932 0.345922 0.0508594 0.0580645
18 0.600688 0.419896 0.0725 0.175
18 0.406508 0.359839 0.0629219 0.06
18 0.409375 0.300956 0.061125 0.0902074
18 0.345812 0.479263 0.0521875 0.0975576
18 0.418422 0.134724 0.077125 0.180046
18 0.318828 0.373329 0.0432813 0.0941705
18 0.48 0.219286 0.0665 0.0895853
14 0.571289 0.522488 0.0450156 0.189539
14 0.52907 0.706244 0.102422 0.202627
14 0.421617 0.647477 0.178109 0.109977
14 0.476766 0.677304 0.0666875 0.303041
14 0.56932 0.707108 0.0966094 0.289194
14 0.387898 0.614574 0.161203 0.0863364
14 0.484555 0.7522 0.0601094 0.174263
14 0.537102 0.586705 0.0598281 0.255023
14 0.353367 0.824435 0.157078 0.115184
14 0.365375 0.761682 0.167344 0.0894931