42 0.924047 0.649908 0.095875 0.10955
42 0.275633 0.631718 0.0869531 0.176605
42 0.16057 0.0656953 0.0546406 0.0585072
42 0.397219 0.0560123 0.0560312 0.0364008
42 0.233344 0.711728 0.0654375 0.157198
42 0.0754297 0.074407 0.0523281 0.0748671
42 0.199703 0.13411 0.159562 0.175378
17 0.3555 0.818732 0.130031 0.20184
17 0.584695 0.110481 0.199516 0.143988
17 0.385594 0.57411 0.0474062 0.170552
17 0.315133 0.472321 0.0315781 0.193231
17 0.746125 0.713067 0.185062 0.143231
17 0.275312 0.824489 0.0803125 0.102106
14 0.690781 0.0844683 0.102062 0.0941309
14 0.419445 0.738691 0.141703 0.193497
14 0.285539 0.23726 0.0804531 0.17137
14 0.0681875 0.517065 0.0553438 0.0787935
14 0.677258 0.161411 0.133016 0.0735787
14 0.0550391 0.683333 0.0544531 0.252802
14 0.0918906 0.913681 0.101063 0.0919427
14 0.341016 0.217382 0.0552188 0.0955419
14 0.134086 0.741063 0.139422 0.193252
14 0.610336 0.743701 0.0629219 0.0960736
14 0.397328 0.187996 0.0936562 0.090593
14 0.173047 0.390307 0.0804062 0.100082
14 0.883469 0.128384 0.075625 0.0715337
14 0.953172 0.508691 0.0378125 0.194928
14 0.486273 0.0607771 0.0916406 0.0476892
14 0.457047 0.140644 0.094625 0.0889775
14 0.104125 0.447965 0.100312 0.138507
43 0.439367 0.420941 0.0514219 0.0958691
43 0.771297 0.0977505 0.0360313 0.0467485
43 0.200531 0.430174 0.06675 0.0669734
43 0.318766 0.17819 0.0606563 0.0807566
43 0.747773 0.517352 0.0586094 0.0559714
43 0.127477 0.324796 0.0817031 0.0889775
43 0.482344 0.634591 0.146031 0.0965031
43 0.869828 0.136411 0.0186875 0.0419836
43 0.240937 0.499918 0.0474062 0.0569325
43 0.23125 0.14273 0.0529375 0.173885
43 0.924813 0.347822 0.051125 0.0823926
43 0.877 0.233129 0.107563 0.0512883
43 0.236297 0.0451534 0.0661562 0.0168507
43 0.576328 0.70589 0.102969 0.103558
43 0.491187 0.194969 0.0728125 0.0484663
43 0.43575 0.361677 0.048 0.0618405
43 0.549273 0.167853 0.0489531 0.0222086
43 0.163383 0.468241 0.0286406 0.0310838
43 0.355063 0.581339 0.0327188 0.0394888
43 0.453492 0.0732311 0.0452344 0.0217587
43 0.374062 0.0735072 0.06175 0.036544
43 0.0532656 0.264059 0.0500313 0.075726
43 0.127914 0.25 0.0423594 0.0667485
43 0.594492 0.586718 0.0621094 0.0769121
43 0.278602 0.360419 0.0788906 0.0640695
43 0.877695 0.0555726 0.0336406 0.0364213
43 0.387 0.115951 0.0177813 0.0502658
43 0.627156 0.174959 0.04125 0.0383845
43 0.804406 0.172342 0.034875 0.0674233
43 0.805414 0.0976994 0.0250781 0.0364213
43 0.497773 0.37726 0.0776406 0.118241
43 0.57843 0.150951 0.0581719 0.0192434
43 0.0816719 0.349796 0.0509375 0.105112
43 0.688516 0.100337 0.0374063 0.0734356
43 0.862313 0.204438 0.0779688 0.0694888
43 0.219438 0.290798 0.107813 0.0799591
43 0.268625 0.439826 0.0703438 0.0686912
43 0.495797 0.377086 0.0174375 0.0298364
43 0.91525 0.437137 0.0386562 0.050593
43 0.430516 0.549836 0.0523125 0.0902658
43 0.466375 0.647526 0.102094 0.0665849