4 0.548328 0.702436 0.0879062 0.175129
4 0.4175 0.694543 0.0441875 0.0552693
4 0.272164 0.564239 0.0699844 0.110445
4 0.401992 0.621276 0.0360781 0.0533255
4 0.294633 0.696663 0.0255781 0.0484075
4 0.463484 0.581557 0.0272188 0.0408197
38 0.659852 0.548747 0.150078 0.195714
38 0.757328 0.461265 0.0570312 0.129742
38 0.596172 0.275129 0.0690937 0.0687119
38 0.540422 0.340679 0.124875 0.0629508
38 0.728906 0.301089 0.100188 0.102974
38 0.774664 0.426218 0.0417344 0.078993
38 0.578391 0.434977 0.0441875 0.0599297
38 0.265109 0.563279 0.056375 0.100422