6 0.520541 0.0461172 0.198333 0.0902969
6 0.286363 0.0784766 0.056509 0.0492656
6 0.152309 0.0337344 0.0771396 0.0415625
6 0.956182 0.209758 0.0876351 0.0902656
6 0.167106 0.0169375 0.0633108 0.033875
6 0.647714 0.0953203 0.0658784 0.0541094
6 0.271892 0.0424531 0.0853153 0.0574687
6 0.38482 0.0289141 0.0304955 0.0578281
6 0.302027 0.157211 0.0954505 0.0593281
6 0.351644 0.18182 0.0586937 0.107328
6 0.351993 0.0944453 0.0867793 0.0733906
6 0.958592 0.194086 0.0820045 0.0768281
6 0.0698649 0.0154062 0.0427477 0.0292187
6 0.876971 0.162219 0.0492568 0.057375
6 0.34036 0.0384375 0.0663063 0.0463125
6 0.501047 0.0348203 0.223761 0.0696406
6 0.03125 0.0127578 0.0625 0.0255156
6 0.547928 0.221 0.147973 0.117031
6 0.316745 0.171391 0.0193468 0.027375
6 0.524662 0.0982891 0.296982 0.0932031
6 0.0424437 0.114805 0.0848874 0.0391719
6 0.778964 0.09975 0.23536 0.120125
6 0.731329 0.0735625 0.126892 0.144844
6 0.212793 0.0488047 0.052973 0.0402031
6 0.791532 0.169336 0.188919 0.0620469
6 0.777894 0.0618828 0.145023 0.115297
6 0.0760135 0.0676016 0.100495 0.0347656
6 0.605946 0.201742 0.177658 0.0966406
6 0.0880856 0.0836875 0.144505 0.0405625
6 0.0780743 0.11032 0.112095 0.0427656
6 0.925203 0.207625 0.100541 0.145469
6 0.662545 0.0376719 0.132613 0.0468438
6 0.333311 0.115633 0.086982 0.0567344
6 0.673164 0.0189453 0.128401 0.0378906
6 0.476836 0.207141 0.058536 0.131281
6 0.0242905 0.0290156 0.0471396 0.0325625
6 0.122005 0.0208516 0.0436486 0.0417031
6 0.329313 0.00950781 0.0400225 0.0190156
6 0.436273 0.180148 0.14732 0.123859
6 0.297962 0.0142578 0.0270495 0.0285156
6 0.444741 0.199914 0.0773198 0.121203
6 0.124809 0.101664 0.0642117 0.0265156
6 0.615867 0.00589844 0.023536 0.00779687
6 0.365383 0.0296484 0.0384234 0.0592969
6 0.659493 0.0694844 0.082455 0.0344062
6 0.523874 0.127203 0.233604 0.0557187
6 0.248209 0.0142578 0.0907432 0.0273594
6 0.49866 0.185062 0.232995 0.1215
6 0.2092 0.0888828 0.0923649 0.0553906
6 0.61848 0.180453 0.0869144 0.047375
6 0.154133 0.0581094 0.0381757 0.0160625
6 0.0533559 0.0642812 0.0739189 0.0255625
6 0.856059 0.0453281 0.0674775 0.038125
6 0.0405856 0.0481094 0.0811712 0.0493437
6 0.0920045 0.0194844 0.0241892 0.0362188
6 0.796194 0.132117 0.262613 0.0929844
6 0.234718 0.0522422 0.0606982 0.0655469