14 0.284625 0.656917 0.0262812 0.0585417
14 0.336422 0.475385 0.0138437 0.0579375
14 0.229438 0.460031 0.0292187 0.0270208
14 0.293812 0.183948 0.0124063 0.0288125
14 0.00978906 0.672229 0.0180781 0.146417
14 0.502031 0.632323 0.0531563 0.0281875
14 0.420469 0.682052 0.0188437 0.0456458
14 0.376938 0.651479 0.0242188 0.041875
14 0.0675625 0.61374 0.117875 0.611313
14 0.342063 0.63249 0.0463438 0.0397292
14 0.378094 0.225656 0.0767812 0.0209792
14 0.569523 0.449281 0.0292344 0.0492292
14 0.266531 0.387344 0.0276875 0.0284792
14 0.536 0.507812 0.040875 0.0674583
14 0.44475 0.804135 0.0276563 0.0305625
14 0.544625 0.739708 0.019625 0.036
14 0.457273 0.100208 0.0122969 0.019875
14 0.393562 0.246583 0.0180625 0.0235417
14 0.484797 0.334698 0.047 0.0224375
14 0.359672 0.65599 0.030875 0.0176875
14 0.601227 0.294146 0.0180156 0.050875
14 0.377062 0.412938 0.0121563 0.042
14 0.477195 0.30051 0.0342344 0.0558958
14 0.341117 0.296927 0.0218281 0.0536042
14 0.125562 0.76325 0.0680937 0.347
14 0.635141 0.522573 0.0270937 0.0801875
14 0.528609 0.583219 0.0173125 0.0447708
14 0.326047 0.130198 0.0595313 0.0294375
14 0.515789 0.157896 0.0163906 0.0602083
14 0.569 0.56726 0.0633438 0.0279375
14 0.175539 0.385958 0.0428906 0.0350833
14 0.679563 0.540927 0.0339375 0.0366042
14 0.765031 0.39474 0.063 0.0439792
14 0.606625 0.202073 0.0553125 0.0254375
14 0.446352 0.62649 0.0207969 0.0204375
14 0.746141 0.455635 0.0586563 0.0343542
14 0.332805 0.83224 0.0394219 0.0399375
14 0.387734 0.503833 0.025625 0.0492917
14 0.523539 0.370438 0.0290156 0.0218333
14 0.419008 0.197875 0.0199531 0.0210833
14 0.545367 0.260635 0.0130781 0.0489792
14 0.490867 0.32249 0.0220469 0.0133125
14 0.191992 0.534208 0.0373281 0.0890417
14 0.244711 0.205813 0.0196094 0.0217917
14 0.216617 0.28826 0.0132656 0.0394792
14 0.276242 0.267646 0.0231719 0.0444583
14 0.0944609 0.709302 0.0724844 0.572937
14 0.65125 0.676458 0.0409687 0.08
14 0.257703 0.867479 0.129812 0.263625
14 0.443359 0.0811458 0.024375 0.0576667
14 0.181094 0.838875 0.080875 0.318083
14 0.444891 0.108208 0.025375 0.0538333
14 0.383781 0.812948 0.0275 0.0258958
14 0.45643 0.555771 0.0384531 0.074625
14 0.430055 0.422896 0.0687969 0.043875
14 0.469453 0.164167 0.0257812 0.0315417
14 0.406625 0.188083 0.0538438 0.05
14 0.340742 0.417813 0.0570781 0.031625
14 0.637469 0.661448 0.0270625 0.0196875
14 0.614406 0.274677 0.0158125 0.0587292
14 0.563914 0.485771 0.0254531 0.036125
14 0.283609 0.447562 0.0229375 0.0733333
14 0.333539 0.372823 0.0553906 0.0630625
14 0.223344 0.602854 0.0221562 0.0519583
14 0.640187 0.298594 0.0098125 0.0623125
14 0.260437 0.210823 0.0543438 0.0487708
14 0.477914 0.600896 0.0407656 0.0279583
14 0.302352 0.437875 0.0274531 0.04225
14 0.213258 0.355563 0.0366406 0.0181667
14 0.376141 0.146281 0.039625 0.0494792
14 0.485398 0.1745 0.0220781 0.05125
14 0.609125 0.176687 0.0166875 0.02575
14 0.524336 0.10724 0.0344844 0.0585208
14 0.263742 0.227125 0.00817188 0.00875
14 0.235617 0.312531 0.0121094 0.0142292
14 0.460336 0.68676 0.0407344 0.0411458
14 0.267094 0.556271 0.0375625 0.0272917
14 0.547234 0.516458 0.0192187 0.0171667
14 0.660562 0.479229 0.032125 0.045625
14 0.426711 0.450875 0.0244219 0.02875
14 0.325469 0.635312 0.0365313 0.0427917
14 0.420547 0.317167 0.0650937 0.0432917
14 0.325203 0.33501 0.055 0.0310208
14 0.0309531 0.631354 0.0619062 0.737292
14 0.431328 0.203719 0.0440313 0.0463958