14 0.345552 0.52325 0.38561 0.251156
14 0.871901 0.641844 0.256197 0.230063
14 0.919237 0.967938 0.161526 0.064125
14 0.591045 0.588148 0.282887 0.195266
14 0.0605047 0.907164 0.121009 0.185672
14 0.94081 0.379008 0.11838 0.148484
14 0.276092 0.8965 0.318333 0.207
14 0.60223 0.452484 0.199671 0.0950938
14 0.148169 0.441844 0.143568 0.123875
14 0.874437 0.470797 0.242817 0.09975
14 0.614319 0.896172 0.366291 0.205031
14 0.574883 0.378867 0.413803 0.119547
14 0.844624 0.899359 0.218826 0.168656
14 0.104554 0.993016 0.11216 0.011375
14 0.150129 0.713617 0.300258 0.218828
14 0.443533 0.725406 0.325047 0.187
14 0.791925 0.416047 0.159343 0.0983125
14 0.723932 0.733773 0.281291 0.188891
14 0.753392 0.560414 0.238005 0.142234
14 0.413415 0.991625 0.169085 0.01625
14 0.905235 0.841578 0.189108 0.181688
14 0.0868545 0.525633 0.173709 0.255547