6 0.803547 0.497773 0.140719 0.137641
6 0.895711 0.607445 0.197203 0.0888594
6 0.797703 0.444758 0.198 0.226297
6 0.821367 0.67582 0.0924219 0.0499844
6 0.904117 0.513805 0.191766 0.188047
0 0.056875 0.490906 0.039375 0.0386875
0 0.127664 0.552562 0.0459219 0.0235938
0 0.0448281 0.513219 0.0329688 0.0156563
0 0.191992 0.502891 0.0311094 0.025
0 0.221164 0.493234 0.0460781 0.033
0 0.119555 0.441023 0.0314844 0.0139531
0 0.250023 0.502344 0.0241094 0.0187187
0 0.228922 0.478398 0.0247812 0.0232344
0 0.0457578 0.463594 0.0367344 0.0254688
0 0.0383125 0.482609 0.0279687 0.024875
0 0.107469 0.473695 0.0495 0.0228281
0 0.196672 0.477508 0.00815625 0.00873437
0 0.101523 0.493547 0.0547656 0.0340312
0 0.0774062 0.511023 0.0379375 0.0392031
0 0.153313 0.538055 0.027 0.0418281
0 0.0663047 0.474602 0.0330781 0.0185156
0 0.161195 0.475383 0.0584844 0.0246094
0 0.103281 0.533164 0.0434063 0.0225781
0 0.178641 0.494148 0.0279687 0.0227031
0 0.186594 0.523078 0.034125 0.0323125
0 0.0684219 0.459984 0.0206875 0.0145
0 0.208422 0.462578 0.0310625 0.0290938
0 0.0253047 0.49425 0.0235469 0.00984375
0 0.106055 0.454828 0.0602031 0.0267812
0 0.257727 0.484016 0.0358906 0.0275938
0 0.0123516 0.488312 0.0222656 0.0137187
0 0.179281 0.464617 0.0310312 0.0517969
0 0.0115156 0.507539 0.0230312 0.0300156
0 0.15832 0.508469 0.0426406 0.0285313
0 0.243898 0.464508 0.0322656 0.0178906
0 0.132492 0.464695 0.0243594 0.0125781
0 0.161492 0.444492 0.0107031 0.0103281
0 0.216102 0.45668 0.0308594 0.0195156
0 0.159492 0.458234 0.0512656 0.0267812
0 0.145344 0.493203 0.0482812 0.02225
0 0.133852 0.52818 0.0370469 0.0304219
44 0.530969 0.51732 0.19325 0.174172
44 0.333672 0.572461 0.211875 0.192172
44 0.495453 0.640945 0.215313 0.217234
44 0.683078 0.626609 0.193125 0.215031
44 0.667344 0.422805 0.19725 0.198734