34 0.59351 0.514391 0.0991458 0.0505938
34 0.569979 0.648469 0.135167 0.0475625
34 0.614552 0.542781 0.156104 0.0392188
34 0.568469 0.608094 0.173354 0.0454062
34 0.626604 0.57707 0.135708 0.0359531
34 0.609302 0.526445 0.175562 0.0659219
37 0.775458 0.456883 0.188125 0.120578
37 0.913719 0.42075 0.166229 0.106937
59 0.679802 0.4955 0.0500208 0.0724687
59 0.447938 0.452102 0.0964583 0.0656094
59 0.331333 0.454023 0.1145 0.0802031
59 0.204677 0.460766 0.0774792 0.0759062
59 0.623677 0.468969 0.100229 0.0660937
57 0.481875 0.810266 0.0776667 0.0579375
57 0.324094 0.81575 0.100312 0.109969
57 0.248844 0.814375 0.0448542 0.0580312
57 0.453979 0.774484 0.0985833 0.06975
57 0.377896 0.704508 0.04425 0.0239531
57 0.582219 0.828398 0.0704792 0.0578281
57 0.448479 0.657172 0.0849583 0.0486875
57 0.329698 0.720656 0.0733125 0.04025
57 0.234792 0.664391 0.050625 0.041375
57 0.278031 0.703141 0.0319792 0.0280313
57 0.394271 0.749484 0.0642083 0.0421875
57 0.408865 0.841648 0.0728125 0.0759219
57 0.47325 0.717164 0.0697917 0.0528281
57 0.263271 0.672664 0.0455 0.0507656
57 0.33776 0.884125 0.0893542 0.0524063
57 0.33974 0.767359 0.0425208 0.019875
57 0.289448 0.627742 0.0660208 0.0451406
57 0.478292 0.872273 0.0722083 0.0768906
57 0.382854 0.788797 0.063 0.0506875
57 0.415708 0.897375 0.10175 0.0594375
57 0.538937 0.785734 0.08025 0.0630313
57 0.524188 0.855125 0.0681667 0.0685625
57 0.233792 0.634047 0.0327917 0.0325
57 0.334469 0.607953 0.0283542 0.0253437
57 0.520365 0.746578 0.0261042 0.016625
57 0.275927 0.861953 0.0473958 0.0445
57 0.337823 0.674312 0.0876042 0.05225
57 0.385094 0.680633 0.0145208 0.0194219
57 0.443365 0.746906 0.0442292 0.0272188
57 0.347479 0.625313 0.0600833 0.0526563
57 0.401531 0.617555 0.0530625 0.0722969