14 0.791344 0.661156 0.0515 0.0313679
14 0.457469 0.36671 0.0432188 0.0675236
14 0.345 0.298373 0.0231875 0.0349528
14 0.78168 0.361686 0.0387031 0.120448
14 0.731047 0.632311 0.0443125 0.0343868
14 0.623469 0.220531 0.016875 0.0495991
14 0.205523 0.369988 0.0186406 0.0953538
14 0.701195 0.563255 0.0282031 0.0357075
14 0.674563 0.677877 0.02925 0.0512736
14 0.755 0.335212 0.052875 0.0253774
14 0.509742 0.522925 0.0183906 0.0487264
14 0.829055 0.673703 0.0641094 0.0599057
14 0.757125 0.656085 0.027625 0.0944811
14 0.968781 0.662877 0.0408125 0.0310377
14 0.677383 0.286934 0.00951562 0.0435849
14 0.805148 0.384611 0.0467656 0.0488915
11 0.278383 0.414965 0.0346406 0.111297
11 0.945883 0.857665 0.0806094 0.101557
11 0.652742 0.355519 0.0413906 0.0490566
11 0.328117 0.280472 0.0722656 0.0971226
11 0.256773 0.289599 0.108297 0.146368
11 0.985969 0.77 0.027375 0.0717925
11 0.426633 0.489281 0.0608906 0.0854009
11 0.607336 0.393101 0.0306094 0.0819104
11 0.69668 0.332783 0.0567969 0.0771698
11 0.657664 0.387394 0.0211406 0.0479481
11 0.601266 0.42658 0.0144375 0.0308019
11 0.590797 0.458986 0.0291875 0.0536792
11 0.717625 0.374434 0.0626562 0.101698