37 0.565898 0.457415 0.181641 0.185171
11 0.532891 0.189306 0.0466875 0.0618162
11 0.559516 0.12953 0.0285625 0.0530342
11 0.602367 0.242607 0.0237031 0.0345299
11 0.600195 0.164038 0.0369844 0.0528205
11 0.511242 0.234017 0.0231719 0.0411111
11 0.467055 0.182628 0.0483281 0.0867094
11 0.509781 0.118494 0.0800625 0.0886538
11 0.514734 0.271261 0.0855625 0.0561538
11 0.614492 0.219925 0.0332656 0.0419444
11 0.585836 0.266848 0.0656719 0.053312
11 0.572625 0.180118 0.0400937 0.0590812
11 0.646219 0.174679 0.055375 0.0568803
11 0.451484 0.24625 0.0150937 0.0222009
11 0.535797 0.249733 0.0342187 0.0287393