36 0.697581 0.72746 0.0282927 0.03332
36 0.797856 0.64409 0.0331098 0.03362
36 0.725823 0.72985 0.0391667 0.03486
36 0.866687 0.71042 0.0344309 0.02552
36 0.665457 0.79307 0.0349797 0.0341
36 0.85564 0.67604 0.0311992 0.0272
36 0.713486 0.74801 0.0433943 0.02522
44 0.716535 0.83552 0.023313 0.01644
44 0.710681 0.65911 0.0197764 0.02878
44 0.779837 0.85259 0.0380894 0.03206
44 0.752195 0.69166 0.0256911 0.02656
44 0.701037 0.84679 0.0362195 0.01562
44 0.74126 0.6426 0.0231301 0.02316
44 0.722449 0.67561 0.021687 0.02318
44 0.77439 0.70339 0.0392276 0.0439
44 0.776555 0.87169 0.0222154 0.02146
44 0.807185 0.66427 0.0203455 0.02106
44 0.782886 0.7079 0.0197561 0.0232
44 0.752907 0.60165 0.0275203 0.02666
44 0.797165 0.75263 0.0325813 0.02278
44 0.791697 0.73511 0.0165244 0.01978