37 0.575133 0.662131 0.148922 0.172927
43 0.629047 0.524918 0.0905938 0.0512881
43 0.389906 0.437178 0.0790312 0.0503279
43 0.0926484 0.605948 0.106734 0.112319
43 0.349656 0.564496 0.141906 0.0358782
43 0.724437 0.558934 0.05225 0.0617096
43 0.728578 0.426159 0.0535625 0.0288525
43 0.613 0.554415 0.041875 0.0533255
43 0.335469 0.429637 0.031625 0.067096
43 0.682039 0.616148 0.0586406 0.0240984
43 0.677687 0.466803 0.0579375 0.0718267
43 0.534211 0.589871 0.128891 0.0279391
43 0.706484 0.598536 0.108594 0.0791803
43 0.42275 0.585422 0.0379375 0.0266276
43 0.349172 0.414602 0.198625 0.0950117
43 0.296531 0.54452 0.03275 0.0168618
43 0.707703 0.600855 0.130812 0.075808
43 0.383469 0.739789 0.120531 0.131897
43 0.210922 0.627307 0.0557187 0.0805152
43 0.499555 0.683255 0.0631094 0.0338173