1 0.495531 0.621223 0.0341562 0.0994022
1 0.531203 0.709783 0.0321875 0.108478
1 0.683227 0.653043 0.0282656 0.0965217
1 0.868047 0.307038 0.0135 0.0438587
1 0.119234 0.269538 0.0165625 0.0445109
1 0.499625 0.716223 0.0320625 0.113533
1 0.720305 0.131984 0.0157344 0.0524457
1 0.482578 0.0975 0.0264062 0.0872826
1 0.446586 0.163587 0.0233594 0.0741304
1 0.242164 0.45125 0.0259531 0.0903261
1 0.91518 0.213207 0.0100156 0.0366304
1 0.181914 0.0646467 0.0144844 0.0546196
1 0.791148 0.028125 0.0142031 0.05625
1 0.188078 0.381467 0.022625 0.0808696
1 0.883984 0.262826 0.0120938 0.0258696
1 0.699812 0.0879891 0.0169687 0.063913
1 0.516016 0.164864 0.0220312 0.0671196
1 0.848805 0.288397 0.0139844 0.037663
1 0.351758 0.710136 0.0161406 0.0715761
1 0.837187 0.304484 0.016 0.054837
1 0.795672 0.387337 0.021125 0.0706522
1 0.215281 0.0886413 0.0143437 0.0684783
1 0.103617 0.295299 0.0180469 0.0529891
1 0.212953 0.0319565 0.0169687 0.063913
1 0.459141 0.646359 0.0343437 0.103696
1 0.665984 0.0559511 0.0179375 0.0686413
1 0.631523 0.0944022 0.0173906 0.0725
1 0.214828 0.437201 0.0269688 0.095163
1 0.610008 0.0527989 0.0165469 0.0452717
1 0.346805 0.565353 0.0227969 0.0769022
1 0.65625 0.670978 0.0304063 0.0947826
1 0.33893 0.490679 0.0260781 0.0879891
1 0.413758 0.0922826 0.0206094 0.0922826
1 0.0416562 0.191929 0.014375 0.0375543
1 0.0919219 0.214348 0.0145313 0.0563043
1 0.495719 0.11644 0.005375 0.0311413
1 0.527523 0.612092 0.0323594 0.0991848
1 0.704664 0.647283 0.0275156 0.0991304
1 0.681406 0.13269 0.0169687 0.0438587
1 0.714898 0.516386 0.0263594 0.0616848
1 0.898438 0.206168 0.00909375 0.030163
1 0.174211 0.424891 0.0198281 0.073587
1 0.305336 0.139022 0.0217344 0.0696739
1 0.316258 0.693288 0.0303906 0.101359
1 0.328727 0.651739 0.00729687 0.0261957
1 0.300789 0.0698098 0.0208281 0.0944022
1 0.228875 0.0887228 0.018625 0.0596196
1 0.529453 0.103179 0.022125 0.077663
1 0.780266 0.467772 0.0201563 0.0666304
1 0.837219 0.36 0.0137187 0.0461957
1 0.681641 0.567391 0.00959375 0.0427174
1 0.622602 0.155815 0.0163906 0.0592391
1 0.267844 0.470897 0.0291875 0.08125
1 0.248953 0.53125 0.0206875 0.0869565