59 0.661547 0.219289 0.092 0.0763403
59 0.103695 0.32972 0.0221094 0.0400932
59 0.440078 0.302086 0.058875 0.0574592
59 0.71132 0.310816 0.161016 0.143543
59 0.771281 0.539009 0.198781 0.0967599
59 0.0914609 0.865431 0.182859 0.227179
43 0.107992 0.199685 0.0559844 0.101235
43 0.620844 0.39028 0.179688 0.0681119
43 0.743539 0.272902 0.226109 0.279837
43 0.142656 0.523823 0.285094 0.107646
43 0.133336 0.528718 0.0745781 0.299347
43 0.18068 0.737331 0.356484 0.10627
43 0.408523 0.414697 0.0926094 0.104033
43 0.163844 0.591469 0.0442813 0.0862471
43 0.664516 0.402156 0.471344 0.188228
43 0.0777109 0.187366 0.0455469 0.102284
43 0.407805 0.257133 0.0512344 0.1138
43 0.192563 0.194755 0.0595 0.0944522
43 0.219352 0.577098 0.0892656 0.0853846
43 0.203484 0.416445 0.110656 0.0785781
43 0.0573047 0.449732 0.0662344 0.114149