52 0.828258 0.241385 0.107547 0.119188
52 0.827688 0.58626 0.122562 0.183854
52 0.704086 0.813854 0.0444219 0.0815417
52 0.102031 0.669177 0.153469 0.195896
52 0.15925 0.848448 0.036375 0.0468958
52 0.0825859 0.566281 0.164234 0.162812
52 0.243547 0.64524 0.14475 0.141146
52 0.194789 0.610385 0.0632656 0.0858958
52 0.753898 0.670042 0.0786719 0.0765
52 0.222672 0.807083 0.175187 0.259792
52 0.299797 0.973104 0.111656 0.0537917
52 0.0382969 0.885417 0.0765938 0.103625
52 0.8885 0.463875 0.0781875 0.141083
52 0.648969 0.175115 0.0800312 0.130562
52 0.361195 0.855458 0.118891 0.09
52 0.169813 0.454271 0.0844688 0.109042
52 0.730359 0.197302 0.0868437 0.0707708
52 0.405375 0.714365 0.0488438 0.0825625
52 0.785422 0.195323 0.0800312 0.0951458
52 0.907492 0.35151 0.116953 0.177688
52 0.809164 0.370198 0.116859 0.168229
52 0.464289 0.963656 0.181953 0.0726875
52 0.520266 0.133677 0.153188 0.126021
52 0.331625 0.622812 0.0711563 0.0933333
52 0.509969 0.824146 0.191594 0.209917
52 0.405203 0.924344 0.1105 0.148438
52 0.836641 0.485052 0.113656 0.107938
52 0.113461 0.750521 0.0434844 0.04725
52 0.255305 0.360771 0.126734 0.115583
52 0.715141 0.743313 0.111406 0.0760417
52 0.187031 0.951271 0.146094 0.0974583
52 0.814789 0.153354 0.0494219 0.075375
52 0.872141 0.292854 0.125781 0.094375
52 0.374141 0.244615 0.0975 0.0953958
52 0.328695 0.321573 0.0369531 0.0623958
52 0.137031 0.447094 0.038 0.0887708
52 0.0218437 0.715927 0.0425625 0.0890208
52 0.267242 0.496396 0.106109 0.18525
52 0.612008 0.900385 0.134047 0.178187
52 0.601625 0.199615 0.103844 0.0807708
52 0.33857 0.746719 0.162234 0.171479
52 0.603539 0.165896 0.0244219 0.0677083
14 0.379289 0.636917 0.0963906 0.0817083
14 0.485742 0.900302 0.103797 0.0765625
14 0.175578 0.511354 0.0397188 0.056375
14 0.102016 0.878094 0.123313 0.243813
14 0.144563 0.927271 0.100188 0.145458
14 0.300313 0.323635 0.045375 0.0661458
14 0.183141 0.560677 0.079375 0.0611875
14 0.736633 0.24524 0.0775156 0.0454375
14 0.641953 0.797427 0.106156 0.0707708
14 0.383453 0.798104 0.0469375 0.046875
14 0.410695 0.795229 0.0560156 0.0975833
14 0.273859 0.290573 0.0835 0.0722708
14 0.0495781 0.798375 0.09575 0.078375
14 0.27507 0.429031 0.0689531 0.0543125
14 0.724305 0.281167 0.0694219 0.0569167
14 0.434617 0.20249 0.0352031 0.0212708
14 0.471414 0.154521 0.0283906 0.0414167
14 0.764609 0.280062 0.0375 0.0464167
14 0.259695 0.725135 0.0242344 0.0256458
14 0.177234 0.40225 0.0466875 0.0405417
14 0.0219688 0.966104 0.0439375 0.0677917
14 0.215398 0.468771 0.0517969 0.117958
14 0.333539 0.913375 0.0609531 0.113083
14 0.330984 0.27951 0.028625 0.0335625