24 0.833711 0.854812 0.254865 0.0938438
24 0.853442 0.785836 0.293117 0.0869531
24 0.855168 0.935406 0.289664 0.103969
42 0.241413 0.876859 0.116637 0.0545312
42 0.457231 0.727336 0.06787 0.0320781
42 0.418711 0.813609 0.124821 0.0735
42 0.348195 0.716539 0.054148 0.0371719
42 0.356065 0.784438 0.124641 0.0692813
42 0.157735 0.86375 0.0783408 0.0399062
42 0.528072 0.740961 0.108789 0.0453281
42 0.329025 0.964828 0.116031 0.0703438
42 0.224507 0.834281 0.030852 0.0240625
42 0.341267 0.902141 0.0610538 0.0506875
42 0.26176 0.751078 0.0671076 0.0812187
42 0.434406 0.762672 0.0660762 0.0475
42 0.276031 0.815211 0.0706726 0.0600469
42 0.193991 0.771789 0.0906278 0.0507656
42 0.184518 0.814344 0.0733857 0.0645
42 0.39426 0.920375 0.0861883 0.0791562
42 0.214327 0.710898 0.0946637 0.0330781
42 0.457354 0.919984 0.0720628 0.0683438
42 0.0640919 0.849187 0.100964 0.065
42 0.101536 0.809047 0.0785426 0.0369063
42 0.57537 0.723414 0.088139 0.0372969
42 0.394271 0.731875 0.0840583 0.065625
42 0.154563 0.705898 0.0302018 0.0251406
42 0.371816 0.841227 0.0896413 0.0685781
42 0.122534 0.773453 0.0717489 0.051
42 0.124383 0.924461 0.0731166 0.0919531
42 0.308812 0.862617 0.0346188 0.0466719
42 0.332074 0.742625 0.0460314 0.0344375
42 0.0390919 0.800039 0.061861 0.0358906
42 0.10565 0.857305 0.0303139 0.0521719
42 0.284596 0.724437 0.0451121 0.0376875
42 0.431726 0.869094 0.0740807 0.0729375
42 0.19796 0.729641 0.0947534 0.0434375
42 0.157791 0.914461 0.0907399 0.0882656
43 0.565314 0.902742 0.0408072 0.0462344
43 0.594731 0.931117 0.0352466 0.0207969
43 0.566603 0.785516 0.0176906 0.0325625
43 0.684114 0.81282 0.0423543 0.0451406
43 0.592164 0.955156 0.0322646 0.026625
43 0.498094 0.814359 0.0103139 0.0195
43 0.631076 0.85757 0.0595067 0.0506094
43 0.578565 0.844594 0.0648879 0.0389062
43 0.633688 0.817328 0.0367937 0.0379688
43 0.524159 0.845469 0.0601121 0.0329688
43 0.559226 0.831789 0.0353587 0.0343594
43 0.667534 0.882492 0.0537668 0.0382031
43 0.542971 0.870375 0.0573767 0.02275
43 0.578935 0.781383 0.023565 0.0244531
43 0.511244 0.834789 0.0661211 0.0330781
43 0.543576 0.789438 0.0336099 0.0410313
43 0.654821 0.871375 0.0533632 0.0439375
43 0.604563 0.949539 0.0265247 0.0225781
43 0.656278 0.856414 0.0644395 0.0466719
43 0.543688 0.904875 0.0436547 0.046125
43 0.506009 0.893328 0.0349776 0.034875
43 0.625168 0.788773 0.0252691 0.0221406
43 0.667668 0.805078 0.0211211 0.018125
43 0.598083 0.806797 0.0504709 0.0187187
43 0.645706 0.797047 0.0228027 0.0169063
43 0.479417 0.799961 0.0342601 0.0410156
43 0.601525 0.851781 0.0554709 0.05275
43 0.593924 0.79475 0.0467713 0.0180625
43 0.60222 0.922695 0.0478027 0.0214844
43 0.516177 0.809602 0.0364798 0.0299844
43 0.650796 0.905617 0.0581839 0.0435469
43 0.583184 0.904273 0.0261435 0.0405156
43 0.606469 0.823719 0.0386771 0.0223125
43 0.609215 0.77757 0.0360538 0.0193281