5 0.602594 0.691021 0.140094 0.13
5 0.441734 0.490979 0.108969 0.0937083
5 0.646297 0.799646 0.165594 0.165292
5 0.343039 0.498271 0.0970469 0.0849583
6 0.840687 0.854458 0.194062 0.10075
6 0.81207 0.773 0.158859 0.058375
6 0.811047 0.896146 0.153125 0.0482917
6 0.794312 0.823385 0.160094 0.0880625
6 0.398695 0.668875 0.157484 0.10225
51 0.195 0.958448 0.103969 0.0831042
51 0.166742 0.723365 0.0727969 0.0838958
51 0.283086 0.738115 0.0810781 0.0617708
51 0.232711 0.707542 0.107953 0.088125
51 0.316016 0.779344 0.0821563 0.0294792
51 0.184109 0.897115 0.121031 0.128812
51 0.291375 0.813 0.100281 0.06075
51 0.305242 0.74549 0.0672969 0.0430208
51 0.36618 0.721562 0.0833594 0.079125
51 0.327531 0.831812 0.0528125 0.0450417
51 0.300477 0.695604 0.0879219 0.056375
51 0.311812 0.912896 0.0746563 0.0677917
51 0.130406 0.862958 0.09575 0.0922917
51 0.256891 0.779615 0.0408437 0.0396875
51 0.25643 0.886969 0.118109 0.0711042