11 0.724078 0.0936423 0.0507812 0.185927
11 0.476977 0.291593 0.0429219 0.082141
11 0.785047 0.596371 0.1475 0.22235
11 0.0694141 0.532232 0.0851406 0.117833
11 0.0420469 0.677794 0.0840937 0.190209
11 0.243797 0.118773 0.0643438 0.0613577
11 0.490148 0.715339 0.117953 0.174125
11 0.655727 0.584713 0.0663281 0.0949086
11 0.309766 0.615444 0.09425 0.176632
11 0.42182 0.440731 0.117891 0.154204
11 0.663758 0.756319 0.0552656 0.105587
11 0.590453 0.656384 0.09725 0.147598
11 0.282086 0.827415 0.0548906 0.0637598
11 0.850125 0.732102 0.186719 0.241227
11 0.288398 0.739347 0.0383906 0.0820888
11 0.662039 0.661449 0.0514531 0.0877023
11 0.0204531 0.184191 0.0409062 0.0859269
11 0.562391 0.181044 0.0593125 0.122298
11 0.879109 0.227219 0.0935625 0.194752
11 0.272766 0.301593 0.0466875 0.0862663
11 0.399555 0.683629 0.0735469 0.155091
11 0.952531 0.0666057 0.083 0.101462
11 0.906578 0.382507 0.0952187 0.138486
11 0.610602 0.770901 0.0816094 0.13705
11 0.404 0.552154 0.0472187 0.119608
11 0.0567031 0.0703003 0.0617188 0.117102
11 0.230695 0.244021 0.0563281 0.0722715
11 0.329773 0.463159 0.0849844 0.147415
11 0.877844 0.533825 0.126625 0.215379
11 0.958672 0.851175 0.0826563 0.116971
11 0.525875 0.212728 0.0169375 0.0424282
11 0.624812 0.279452 0.0899375 0.151697
11 0.736531 0.291097 0.08 0.0987467
11 0.780445 0.138708 0.118547 0.277415
11 0.135578 0.512324 0.0579687 0.0863185
11 0.456781 0.257376 0.103969 0.0721932
11 0.546664 0.291501 0.104828 0.107076
11 0.949437 0.271841 0.067375 0.120131
11 0.488469 0.600405 0.0632188 0.119399
11 0.971211 0.188473 0.0566406 0.145248
11 0.833383 0.0507441 0.0814531 0.0990862
11 0.748531 0.814125 0.0368125 0.0689295
11 0.610727 0.464961 0.120484 0.184073
11 0.259508 0.436449 0.0422031 0.0694517
11 0.167563 0.110065 0.055125 0.130261
11 0.342523 0.0791906 0.0944844 0.125901
11 0.308937 0.310091 0.04025 0.0721932
11 0.199148 0.443551 0.0375469 0.0776501
11 0.434508 0.304739 0.0642344 0.0653525
11 0.833203 0.282376 0.0854688 0.125065
11 0.960547 0.594661 0.0789062 0.229269
11 0.232891 0.300209 0.0462813 0.106266
11 0.466625 0.0674674 0.0591563 0.0798433
11 0.596289 0.142415 0.0466719 0.0673368
11 0.48868 0.207389 0.0578594 0.0697128
11 0.343438 0.136984 0.0462813 0.109739
11 0.331469 0.628721 0.037 0.0921671
11 0.32907 0.233616 0.0925156 0.159399
11 0.800625 0.0880679 0.0215 0.0712794
11 0.174609 0.366828 0.0641562 0.0930287
11 0.187953 0.284608 0.0455 0.0671802
11 0.798188 0.448799 0.135438 0.128042
11 0.529141 0.478003 0.0319688 0.0765796
11 0.591781 0.0876501 0.0272812 0.0566057
11 0.449211 0.580013 0.0837656 0.174961
11 0.599148 0.222637 0.0552969 0.092376
11 0.126398 0.415875 0.0767031 0.134465
11 0.778508 0.307859 0.0360781 0.0597911
11 0.139289 0.26671 0.0767969 0.0943081
11 0.272875 0.0512402 0.0489687 0.0810705
11 0.561508 0.755862 0.0419844 0.0717755
11 0.965828 0.444086 0.0683438 0.0936554
11 0.220922 0.52889 0.0727187 0.108695
11 0.172766 0.542624 0.03925 0.105927
11 0.896258 0.117128 0.114953 0.234256
11 0.233969 0.468812 0.0425625 0.0482768
11 0.626477 0.176527 0.0168906 0.121723
11 0.241555 0.188381 0.0527031 0.0776501
11 0.19157 0.709426 0.254797 0.377963
11 0.432273 0.163277 0.0122031 0.0146997
11 0.656242 0.538133 0.0640469 0.0597128
11 0.436078 0.174138 0.0657188 0.209739
11 0.592187 0.519073 0.168281 0.248695
11 0.229461 0.0468668 0.0388906 0.0562924
11 0.552422 0.0965405 0.0611875 0.0924543
11 0.837133 0.0959269 0.0473281 0.0538381
11 0.635898 0.0846214 0.0622031 0.0959269
11 0.284367 0.380339 0.0525781 0.0638642
11 0.442344 0.806932 0.0877187 0.181749
11 0.171883 0.477898 0.0432969 0.0524021
11 0.273703 0.497232 0.0456562 0.0800522
11 0.538062 0.794308 0.0492187 0.0741514
11 0.0191484 0.0531462 0.0382344 0.100757