14 0.618255 0.601533 0.185369 0.107467
14 0.767584 0.580011 0.123758 0.104333
14 0.746862 0.514056 0.0852685 0.117044
14 0.594077 0.509533 0.116812 0.125867
14 0.583842 0.525478 0.190638 0.0778
14 0.731611 0.609644 0.204631 0.0671556
14 0.66344 0.5135 0.0559396 0.0731778
14 0.698423 0.500289 0.0858389 0.133689
14 0.513456 0.526556 0.209195 0.175644
14 0.582685 0.576733 0.169664 0.0939556
38 0.174413 0.250389 0.103255 0.0479778
38 0.0827685 0.217256 0.0640604 0.0229111
38 0.123423 0.227411 0.0922148 0.0818444
38 0.103171 0.125689 0.203054 0.106756
38 0.192416 0.285333 0.0845638 0.0402667