44 0.63032 0.536533 0.1098 0.0484267
44 0.61347 0.495907 0.12706 0.0689867
44 0.51543 0.62724 0.12614 0.17128
44 0.41651 0.490907 0.13298 0.15936
44 0.61739 0.458067 0.12742 0.0792267
44 0.54056 0.552693 0.16096 0.181813
44 0.62768 0.604133 0.16896 0.119467
44 0.60952 0.373947 0.09364 0.141547
44 0.42756 0.41216 0.11224 0.0514667
44 0.43226 0.608893 0.10888 0.1764
44 0.5919 0.676307 0.0684 0.0502133
44 0.48275 0.368027 0.1851 0.0967467
6 0.3252 0.65712 0.09116 0.105387
6 0.5253 0.244653 0.08056 0.10056
6 0.73545 0.54108 0.1201 0.10936
6 0.4522 0.75548 0.07708 0.0979467
6 0.60813 0.80016 0.0927 0.112747
6 0.52327 0.435573 0.1003 0.108587
6 0.6529 0.72136 0.10448 0.125813
6 0.26677 0.582427 0.08722 0.117013
6 0.60164 0.256707 0.07676 0.119333
6 0.73333 0.654147 0.10934 0.109147
6 0.37098 0.725893 0.10132 0.104907
6 0.30833 0.38588 0.09514 0.0821067
6 0.43605 0.23872 0.07846 0.0856533
6 0.52294 0.808027 0.08072 0.0918933
6 0.72833 0.459627 0.10426 0.0873067
6 0.37806 0.29436 0.0852 0.09592
6 0.67661 0.31088 0.08386 0.0927467
6 0.72444 0.367333 0.10732 0.102933
6 0.2854 0.476293 0.084 0.11568