42 0.44907 0.341583 0.136016 0.107792
42 0.353375 0.685219 0.194188 0.148396
42 0.319672 0.683344 0.206344 0.285021
42 0.886859 0.660135 0.185969 0.140771
42 0.441547 0.552781 0.0777812 0.110854
42 0.716219 0.691583 0.142906 0.147667
42 0.558234 0.639729 0.174906 0.259333
8 0.720883 0.775458 0.285859 0.283042
8 0.67268 0.435521 0.247891 0.0915417
8 0.311555 0.493573 0.256359 0.0637708
8 0.210562 0.309354 0.114031 0.132042
8 0.61768 0.45551 0.269047 0.238729
8 0.459039 0.186083 0.0770156 0.0784583
8 0.141328 0.614615 0.0776875 0.0851458
8 0.431141 0.28 0.117125 0.0405
8 0.362844 0.112531 0.0885625 0.0390625
8 0.33 0.255656 0.054625 0.0345625
8 0.349898 0.169667 0.0255781 0.0279583
8 0.92118 0.79474 0.0605156 0.149812
8 0.435977 0.12674 0.0583281 0.0459375
8 0.238336 0.170271 0.0282969 0.118375
8 0.258578 0.41351 0.0430313 0.0618125