9 0.408242 0.559309 0.0467031 0.0428806
9 0.440508 0.517342 0.0378281 0.0384778
9 0.400289 0.654426 0.0313906 0.0455269
9 0.662977 0.618279 0.0364844 0.0557143
9 0.631891 0.576347 0.0358125 0.0418735
9 0.642023 0.526639 0.0361406 0.0551522
9 0.626953 0.617904 0.0366875 0.0581967
9 0.449727 0.695117 0.0406094 0.0577752
9 0.532258 0.569977 0.0308906 0.0607963
9 0.556719 0.556909 0.0218125 0.031007
9 0.39382 0.578724 0.0323906 0.029719
9 0.502672 0.502681 0.033375 0.0411475
9 0.563391 0.594368 0.0391562 0.0523888
9 0.624055 0.54103 0.0379531 0.0322248
9 0.534664 0.496335 0.0347344 0.0473302
9 0.427445 0.679192 0.0369531 0.0536534
9 0.618781 0.505714 0.0329062 0.0450585
9 0.599766 0.600515 0.03625 0.0591101
9 0.391602 0.614262 0.0348906 0.0525059
9 0.5915 0.556194 0.0545937 0.0619906
9 0.575375 0.499262 0.0373437 0.0453162
9 0.472805 0.509836 0.0350781 0.0461827
9 0.595672 0.522553 0.0335312 0.0299297
9 0.675687 0.55685 0.03325 0.0430679
9 0.664234 0.578852 0.0384688 0.0430913