11 0.52002 0.732812 0.21448 0.212375
11 0.52731 0.391323 0.1805 0.190979
11 0.77831 0.714875 0.25254 0.239375
11 0.6385 0.587333 0.0944 0.130667
11 0.68375 0.727531 0.26094 0.173271
11 0.28641 0.71751 0.26514 0.151229
33 0.65491 0.514292 0.23378 0.0935417
33 0.52185 0.609521 0.24906 0.0899583
33 0.33642 0.780615 0.1546 0.0409375
33 0.34563 0.757323 0.14354 0.0554375
33 0.45123 0.827781 0.18362 0.0482292
33 0.51444 0.514229 0.08684 0.0572083
33 0.47853 0.686948 0.1141 0.0620625
33 0.51659 0.570292 0.10514 0.0515