24 0.266875 0.157583 0.141531 0.142792
24 0.256398 0.37 0.0821094 0.0538333
24 0.435125 0.270115 0.0880625 0.175146
24 0.326148 0.300646 0.141516 0.189875
24 0.375539 0.249635 0.0842656 0.191062
24 0.276156 0.259854 0.140281 0.1745
59 0.685352 0.546521 0.0339844 0.0275
59 0.737977 0.454073 0.0250469 0.0281042
59 0.709 0.466302 0.029 0.0356042
59 0.857969 0.525125 0.0223125 0.0312917
59 0.677344 0.697937 0.0242188 0.0340417
59 0.652883 0.657469 0.0344219 0.0615625
59 0.768586 0.41049 0.0284531 0.0271875
14 0.390117 0.183333 0.0305469 0.0370417
14 0.358602 0.153583 0.0480156 0.0382917
14 0.709023 0.466281 0.0290469 0.0356458
14 0.172625 0.228438 0.0271562 0.144833
14 0.204766 0.334188 0.0654687 0.0879583
14 0.684984 0.547104 0.0350937 0.0272917
14 0.739312 0.454906 0.0266562 0.0305625
14 0.217305 0.227417 0.0188906 0.020375
14 0.82468 0.599042 0.0176094 0.025125
14 0.202984 0.264917 0.0379688 0.0558333
14 0.857117 0.524792 0.0234531 0.03025
14 0.676734 0.697875 0.0225 0.0305
14 0.763266 0.411594 0.0248125 0.0292292
7 0.321914 0.871167 0.145641 0.101583
7 0.27632 0.636979 0.0921406 0.12225
7 0.324367 0.746708 0.0580156 0.114208
7 0.272148 0.784385 0.101953 0.102771