44 0.559195 0.686628 0.0418906 0.0294145
44 0.370055 0.929016 0.0773906 0.0644496
44 0.501789 0.692869 0.0740781 0.0819906
44 0.589664 0.850222 0.0660469 0.0839578
44 0.749461 0.649649 0.0785781 0.0824356
44 0.594891 0.695609 0.0750625 0.0583841
44 0.665203 0.78103 0.0706563 0.088993
44 0.442398 0.703724 0.0326094 0.031007
44 0.731031 0.741112 0.0740625 0.118244
44 0.371734 0.965 0.0796562 0.07
44 0.668563 0.69192 0.0739375 0.085808
44 0.741266 0.883607 0.0931875 0.123653
44 0.432297 0.96719 0.0580625 0.0618267
44 0.809578 0.918326 0.05875 0.0817564
44 0.569008 0.657787 0.0504844 0.047377
44 0.512937 0.913267 0.082125 0.102506
44 0.583992 0.765328 0.0877656 0.0981967
44 0.611367 0.736042 0.0528906 0.0534895
44 0.693555 0.642377 0.0458281 0.0358548
44 0.528125 0.727037 0.0648438 0.082459
44 0.579102 0.635656 0.0658281 0.0651756
44 0.706156 0.967845 0.0969375 0.063185
44 0.720758 0.600304 0.0256406 0.0362061
44 0.402258 0.837681 0.0746719 0.0801874
44 0.687203 0.604403 0.0704063 0.0502108
44 0.502812 0.81055 0.08225 0.0896721
44 0.805805 0.625316 0.0415156 0.044918
44 0.42 0.761393 0.0646875 0.094637
44 0.613352 0.660386 0.0690781 0.0503279
44 0.628078 0.920539 0.0892187 0.11555
44 0.557555 0.974286 0.0700156 0.0514286
44 0.800539 0.786862 0.0662344 0.140187