44 0.251052 0.327281 0.196896 0.143063
44 0.710594 0.390391 0.172771 0.100875
44 0.294937 0.247141 0.0602083 0.0449375
44 0.315573 0.755234 0.354271 0.270875
44 0.217594 0.39857 0.171271 0.0929531
44 0.511198 0.242273 0.0631875 0.0683281
44 0.458437 0.439102 0.0461667 0.0294844
44 0.53476 0.333156 0.190688 0.139313
44 0.119583 0.618914 0.239167 0.223047
44 0.588198 0.415586 0.202062 0.0763906
44 0.541115 0.238367 0.0714375 0.0547031
44 0.757031 0.352547 0.128604 0.0901875
44 0.410635 0.230219 0.182229 0.140125
44 0.680302 0.841359 0.379771 0.317281
44 0.605781 0.373109 0.0239792 0.0121875
44 0.286948 0.569789 0.222646 0.156453
44 0.631938 0.305539 0.14025 0.120766
44 0.635188 0.207992 0.161042 0.118891
44 0.381229 0.370023 0.226375 0.165484
44 0.735625 0.274742 0.11075 0.0782031