55 0.389234 0.611971 0.110688 0.190267
55 0.305156 0.665033 0.101063 0.206548
55 0.632445 0.619644 0.157641 0.191359
55 0.698547 0.715334 0.139906 0.208976
55 0.469781 0.607684 0.1055 0.205523
55 0.236937 0.725646 0.081875 0.242561
55 0.542766 0.577439 0.119281 0.147127
14 0.590891 0.859477 0.0909688 0.125278
14 0.37418 0.769254 0.0698906 0.156058
14 0.548656 0.843686 0.0784375 0.162116
14 0.427148 0.747762 0.0775469 0.116637
14 0.508203 0.720991 0.0799062 0.153163
14 0.323148 0.826893 0.106641 0.156147
14 0.58782 0.742238 0.0796094 0.113073
14 0.417719 0.865178 0.100063 0.141314
14 0.493336 0.864298 0.0815156 0.15078
14 0.644102 0.769978 0.0953906 0.125835