42 0.324492 0.642974 0.0384219 0.0529742
42 0.583242 0.234356 0.0434219 0.052459
42 0.288836 0.407623 0.0234219 0.0295785
42 0.637344 0.765187 0.0353125 0.054918
42 0.533805 0.7974 0.0390469 0.0551288
42 0.66582 0.583255 0.0387031 0.049555
42 0.464375 0.806323 0.024125 0.0325527
42 0.556852 0.308197 0.0167969 0.0408431
42 0.361305 0.615632 0.0243281 0.0280328
42 0.402148 0.795222 0.0183281 0.038548
42 0.588281 0.71267 0.0266562 0.0407026
42 0.53257 0.743021 0.0245781 0.0232319
42 0.551219 0.143548 0.020375 0.035808
42 0.38543 0.356628 0.0309844 0.0470726
42 0.574805 0.628712 0.0235469 0.0368618
42 0.712086 0.61445 0.0238906 0.0441218