6 0.329461 0.268172 0.141141 0.387375
6 0.769758 0.224719 0.0551406 0.2285
6 0.623852 0.669898 0.0407344 0.0678906
6 0.0683359 0.438438 0.136672 0.110187
6 0.216945 0.314633 0.154734 0.365953
6 0.597992 0.985023 0.0851094 0.0299531
6 0.4565 0.950453 0.154844 0.0990938
6 0.539422 0.650414 0.206844 0.106578
6 0.684594 0.144047 0.0675625 0.218781
6 0.443453 0.818281 0.153969 0.252437
6 0.653352 0.751945 0.435484 0.178109
6 0.382164 0.868594 0.0922969 0.137688
6 0.594961 0.360508 0.223922 0.350703
6 0.632492 0.419383 0.257078 0.298484
6 0.0835469 0.314094 0.161938 0.337406
6 0.102937 0.908758 0.205094 0.180078
6 0.259086 0.818727 0.148984 0.263578
6 0.797937 0.319008 0.0490312 0.152078
6 0.624539 0.695719 0.394422 0.155906
6 0.374539 0.0752812 0.0859531 0.150562
6 0.0772578 0.695219 0.145203 0.110187
6 0.632656 0.930023 0.088875 0.139953
6 0.280805 0.0585938 0.102891 0.1165
6 0.494531 0.285883 0.125125 0.395172
6 0.627898 0.543328 0.390578 0.122344
6 0.183563 0.0391016 0.094375 0.0782031
6 0.251109 0.237695 0.177687 0.429234
6 0.618234 0.767523 0.470469 0.219453
6 0.650242 0.460641 0.313078 0.267437
6 0.107016 0.739094 0.0811562 0.0936562
6 0.459438 0.145203 0.08725 0.286156
6 0.567344 0.886828 0.13 0.223281
6 0.619141 0.0970938 0.08775 0.194188
6 0.0727422 0.600766 0.141703 0.133656
6 0.279125 0.96982 0.126438 0.0522031
6 0.122344 0.269109 0.150844 0.413281
6 0.125344 0.120102 0.1075 0.240203
6 0.735953 0.929781 0.129312 0.13575
6 0.0403047 0.523906 0.0806094 0.026875
6 0.0508047 0.524258 0.100922 0.0436719
6 0.398539 0.275414 0.151016 0.391766
6 0.118117 0.590125 0.0694844 0.0884687
6 0.0807578 0.760383 0.160391 0.190672
6 0.724422 0.963953 0.100406 0.0720937
6 0.732719 0.191234 0.0651875 0.23925
6 0.0638047 0.975789 0.127609 0.0484219
6 0.550805 0.303984 0.165922 0.397688
6 0.542859 0.0747266 0.0874062 0.149453
6 0.730695 0.88118 0.155984 0.102328
6 0.396633 0.819352 0.0987031 0.211078
6 0.0773125 0.0654141 0.0592188 0.130609
6 0.0598594 0.502969 0.1185 0.0484375
6 0.0296953 0.115391 0.0522031 0.169406
6 0.799469 0.904227 0.0638438 0.113078