24 0.61569 0.298667 0.13214 0.0752
24 0.90985 0.243547 0.1803 0.243467
24 0.83536 0.269827 0.2488 0.20536
24 0.80609 0.359453 0.24034 0.13704
14 0.18351 0.652013 0.33478 0.248347
14 0.13985 0.505907 0.03762 0.04424
14 0.08902 0.92864 0.17804 0.141173
14 0.30313 0.827707 0.3203 0.323467
14 0.20211 0.528293 0.16374 0.215947
14 0.13579 0.800093 0.27158 0.27864
14 0.3548 0.677787 0.28816 0.368693
14 0.30664 0.48052 0.43564 0.319227
14 0.01676 0.6154 0.03116 0.0834933
14 0.0122 0.698 0.023 0.08512
14 0.07312 0.477773 0.14524 0.26984
17 0.82327 0.579587 0.01674 0.0471733
17 0.83154 0.506813 0.33692 0.24728
17 0.90512 0.56616 0.18924 0.169227
17 0.97123 0.635853 0.05114 0.09944
17 0.97557 0.6858 0.04734 0.0376267
29 0.4367 0.25008 0.24396 0.156427
29 0.2016 0.317453 0.223 0.167973
29 0.07887 0.26452 0.15774 0.300827
29 0.34648 0.299613 0.11372 0.116453
29 0.07141 0.0827867 0.14282 0.150693
29 0.17837 0.212667 0.08534 0.0728533
29 0.63426 0.456893 0.08328 0.118587
29 0.25432 0.239693 0.07432 0.0714933
29 0.4996 0.328973 0.07096 0.0718133