6 0.132992 0.829719 0.0298281 0.0500234
6 0.258719 0.242869 0.0105313 0.0117799
6 0.667094 0.898185 0.045 0.116885
6 0.177125 0.564333 0.0109063 0.0199532
6 0.867586 0.734391 0.0293906 0.0195082
6 0.451836 0.524098 0.0262969 0.0354567
6 0.478461 0.289098 0.00545313 0.00545667
6 0.758461 0.908864 0.0206094 0.105925
6 0.0775859 0.786792 0.0206094 0.0740047
6 0.194227 0.703642 0.0115156 0.0545433
6 0.189531 0.371347 0.005875 0.00761124
6 0.418594 0.648852 0.0232187 0.0298361
6 0.137031 0.583279 0.0140625 0.0581265
6 0.179797 0.770808 0.00696875 0.034918
6 0.741063 0.607916 0.0190937 0.0311007
6 0.852055 0.554778 0.00714063 0.0189227
6 0.586055 0.739778 0.0204531 0.0241452
6 0.651219 0.662014 0.0132188 0.0433724
6 0.729367 0.487845 0.0168281 0.02726
6 0.0669219 0.817623 0.0157813 0.0459719
6 0.641805 0.579778 0.0163594 0.0313583
6 0.478664 0.40055 0.0121719 0.0235363
6 0.198383 0.660562 0.0152344 0.0381733
6 0.638859 0.811429 0.0568125 0.11096
6 0.34225 0.541663 0.01775 0.0207494
6 0.596883 0.494461 0.0144844 0.0229742
6 0.966078 0.685632 0.00971875 0.0148712
6 0.626992 0.715726 0.0144844 0.0426464
6 0.320344 0.360258 0.0144687 0.0128337
6 0.365945 0.502166 0.0114844 0.0344496
6 0.594234 0.394415 0.0132188 0.0194614
6 0.340781 0.463946 0.012875 0.0464871
6 0.638922 0.646593 0.0112187 0.060445
6 0.700937 0.652459 0.0070625 0.0207026
6 0.815172 0.186604 0.0146563 0.023466
6 0.296141 0.680761 0.0132188 0.0244731
6 0.0329844 0.653501 0.029125 0.0145433
6 0.0682578 0.520316 0.00989063 0.0396956
6 0.465133 0.522693 0.00642188 0.0154098
6 0.625141 0.66137 0.00834375 0.0197424
6 0.510703 0.67411 0.0223125 0.031733
6 0.794438 0.817377 0.0125938 0.0362529
6 0.8985 0.543244 0.0080625 0.0407728
6 0.181375 0.633981 0.0132188 0.0393443
6 0.286211 0.622272 0.0215156 0.028103
6 0.570227 0.41329 0.0118906 0.0182904
6 0.580477 0.375 0.0109531 0.0145433
6 0.584703 0.522834 0.0122188 0.0215925
6 0.65082 0.729532 0.0167656 0.047541
6 0.129008 0.697799 0.0242031 0.0450585
6 0.275039 0.657553 0.0134219 0.0250351
6 0.514766 0.572869 0.00421875 0.0193208
6 0.263586 0.78918 0.0247656 0.0288056
6 0.264016 0.709953 0.0218438 0.0189696
6 0.790563 0.328033 0.0048125 0.00337237
6 0.0377344 0.547553 0.0163125 0.051733
6 0.169703 0.440059 0.0109375 0.0331382
6 0.216992 0.241124 0.00560937 0.0190164
6 0.297695 0.34623 0.0150781 0.0105386
6 0.555078 0.417131 0.0068125 0.0238642
6 0.551766 0.878489 0.03475 0.0586651
6 0.160305 0.716499 0.0122031 0.0570258
6 0.890492 0.658852 0.00901562 0.0146136
6 0.877891 0.603454 0.021125 0.0289227
6 0.0933359 0.690878 0.0437969 0.0479859
6 0.329844 0.233044 0.0239063 0.0207963
6 0.266195 0.429789 0.00789063 0.0329274
6 0.461609 0.374426 0.0133125 0.0199532
6 0.775828 0.578407 0.0245625 0.0131616
6 0.682469 0.476686 0.0109375 0.0198361
6 0.293352 0.473115 0.0361719 0.0180796
6 0.54525 0.830304 0.0207188 0.0187354
6 0.698133 0.495363 0.0145156 0.0291335
6 0.768148 0.448162 0.0120469 0.00911007
6 0.851438 0.674731 0.02375 0.01363
6 0.783312 0.565187 0.0122813 0.0174005
6 0.556523 0.582248 0.0138281 0.0195316
6 0.568 0.661311 0.017125 0.0345199
6 0.282281 0.397518 0.0194375 0.0137237
6 0.255016 0.773173 0.02625 0.0213817
6 0.490859 0.403091 0.00721875 0.0241686
6 0.329047 0.43637 0.0223125 0.018829
6 0.67993 0.789543 0.0275781 0.153326
6 0.363633 0.385843 0.0113594 0.0145433
6 0.951 0.28466 0.0061875 0.00412178
6 0.779117 0.629906 0.0122344 0.0103513
6 0.120172 0.766827 0.0310937 0.0557611
6 0.610969 0.511511 0.025625 0.0229742
6 0.457039 0.276979 0.0121094 0.0264637
6 0.24168 0.213595 0.0144531 0.00836066
6 0.24168 0.540269 0.0239531 0.0340749
6 0.298063 0.461042 0.0148125 0.0259719
6 0.139586 0.611253 0.0100469 0.0212881
6 0.905086 0.668431 0.0197656 0.0352693
6 0.247984 0.617728 0.0193125 0.0338642
6 0.773008 0.486475 0.00689063 0.0122951
6 0.911656 0.595316 0.00825 0.044918
6 0.13968 0.405457 0.0115156 0.0109133
6 0.5395 0.356358 0.0100938 0.00854801
6 0.745664 0.771101 0.0281719 0.0166276
6 0.297219 0.0569204 0.008875 0.0228806
6 0.390227 0.825199 0.0334844 0.0797658
6 0.527094 0.482963 0.0346875 0.0254098
6 0.756266 0.503583 0.0233437 0.0147541
6 0.801906 0.791042 0.0132188 0.0321546
6 0.653961 0.411909 0.0138906 0.0131382
6 0.762492 0.563197 0.0107031 0.0244731
6 0.855891 0.578993 0.019 0.0278689
6 0.692414 0.536511 0.0110469 0.0291335
6 0.427148 0.374286 0.0148594 0.0167213
6 0.163945 0.606909 0.0201094 0.0441218
6 0.398016 0.71623 0.038 0.0737237
6 0.299516 0.560164 0.026375 0.046089
6 0.628812 0.425187 0.0179687 0.0182904
6 0.161062 0.828981 0.0168125 0.0641452
6 0.436422 0.351159 0.0106875 0.00826698
6 0.136422 0.428443 0.0133437 0.0121546
6 0.426125 0.726124 0.0650625 0.0433021
6 0.467609 0.435878 0.024375 0.0155035
6 0.344641 0.258279 0.00928125 0.0133255
6 0.816789 0.50377 0.0135781 0.0180796
6 0.651148 0.456745 0.0142344 0.0306323
6 0.599484 0.295386 0.00515625 0.0145667
6 0.199195 0.445843 0.00785938 0.00836066
6 0.214289 0.533091 0.0173281 0.0499297
6 0.119023 0.473817 0.0110156 0.00960187
6 0.375523 0.78315 0.0242969 0.0617096
6 0.791602 0.744532 0.0262031 0.0363232
6 0.18557 0.608595 0.0125781 0.0377049
6 0.548625 0.366674 0.0130938 0.0088993
6 0.661484 0.647518 0.0210625 0.0384075
6 0.893688 0.573958 0.0066875 0.00918033
6 0.688922 0.464133 0.0125938 0.0148712
6 0.645164 0.911768 0.0280781 0.0879859
6 0.496219 0.43897 0.0212812 0.00992974
6 0.525453 0.648618 0.0107813 0.0277283
6 0.333922 0.348876 0.0254063 0.010445
6 0.506805 0.270222 0.00320312 0.00578454
6 0.82868 0.306932 0.00582812 0.00566745
6 0.765945 0.588185 0.0212656 0.0166511
6 0.93393 0.588794 0.0130781 0.0396019
6 0.628016 0.611136 0.0112187 0.0313583
6 0.0551797 0.522459 0.0148594 0.0474005
6 0.706937 0.809204 0.021625 0.112319
6 0.531844 0.55856 0.00825 0.0260187
6 0.426578 0.415105 0.014625 0.0183607
6 0.489906 0.737131 0.0264688 0.0307494
6 0.56893 0.147412 0.0200156 0.0230211
6 0.428914 0.386593 0.00757812 0.00953162
6 0.362703 0.593419 0.0145 0.0437939
6 0.107094 0.567787 0.0196563 0.0299063
6 0.0589063 0.758009 0.0212188 0.0488993
6 0.772656 0.662822 0.00690625 0.0356206
6 0.212867 0.565855 0.00717187 0.0143326
6 0.245086 0.221663 0.00392188 0.0040281
6 0.2925 0.216838 0.003625 0.00454333
6 0.494875 0.352225 0.004125 0.00805621
6 0.268562 0.199403 0.0109375 0.0139344
6 0.564562 0.472143 0.0207188 0.0229742
6 0.106094 0.617108 0.0274687 0.0148712
6 0.692219 0.892506 0.02375 0.123279
6 0.743 0.901862 0.0175937 0.0956674
6 0.266437 0.20603 0.0108438 0.0063466
6 0.351469 0.766932 0.0102813 0.0415925
6 0.493055 0.456405 0.00476562 0.00850117
6 0.424789 0.284321 0.0105156 0.0137002
6 0.00621875 0.558724 0.0124375 0.0233021
6 0.979484 0.303126 0.0121875 0.00775176
6 0.33025 0.653068 0.0130938 0.0368618
6 0.342977 0.524005 0.0340781 0.022623
6 0.471641 0.348829 0.0125938 0.00805621
6 0.381906 0.632553 0.0365 0.0692272
6 0.0489219 0.447845 0.0222812 0.0105855
6 0.186781 0.387436 0.00803125 0.00601874
6 0.545266 0.752482 0.0115625 0.0328337
6 0.196516 0.826546 0.0166875 0.0593677
6 0.572422 0.680445 0.0159063 0.0393443
6 0.316898 0.476253 0.0280781 0.0340515
6 0.473602 0.673326 0.0136406 0.0275878
6 0.717578 0.705527 0.0155312 0.0343794
6 0.524719 0.526077 0.016125 0.014356
6 0.510977 0.910375 0.0326406 0.0314754
6 0.720633 0.882237 0.0178594 0.134075
6 0.705164 0.683712 0.00820313 0.0397892
6 0.396992 0.478103 0.0175781 0.0162061
6 0.568094 0.364789 0.0059375 0.00559719
6 0.7835 0.769087 0.0146875 0.0220141
6 0.318406 0.522026 0.01775 0.0203981
6 0.507203 0.286101 0.0140625 0.0114052
6 0.577914 0.145351 0.0272656 0.0235363
6 0.0674531 0.476733 0.0163438 0.0177752
6 0.547742 0.296721 0.00504688 0.00885246
6 0.384898 0.407061 0.0117656 0.0198361
6 0.596102 0.421019 0.0113594 0.0353864
6 0.811016 0.509859 0.0117188 0.0240281
6 0.501398 0.674953 0.0221094 0.0282201
6 0.53025 0.67555 0.0105313 0.0207494
6 0.265883 0.213337 0.0116406 0.00714286
6 0.546727 0.290855 0.0105156 0.00606557
6 0.0200547 0.743056 0.0358906 0.0345433
6 0.962859 0.700902 0.024375 0.0195082
6 0.765406 0.786429 0.016 0.021007
6 0.313711 0.38192 0.0134844 0.0148009
6 0.0777109 0.664766 0.0380156 0.0380094
6 0.573352 0.428173 0.00979688 0.0205152
6 0.269242 0.648021 0.00892187 0.0177283
6 0.0328984 0.668091 0.0324844 0.0266745
6 0.786078 0.64048 0.014875 0.0188993
6 0.342461 0.662482 0.0111406 0.031897
6 0.672797 0.535222 0.0212188 0.0118033
6 0.825773 0.521066 0.0113594 0.0304684
6 0.940664 0.621288 0.0101094 0.0281967
6 0.57718 0.2887 0.00704687 0.0071897
6 0.271539 0.221241 0.00504688 0.00482436
6 0.300164 0.241546 0.00582812 0.0178454
6 0.286031 0.836604 0.0130625 0.0226698
6 0.582656 0.802752 0.0055625 0.00953162
6 0.184281 0.73418 0.0148437 0.0414754