11 0.955898 0.584271 0.0798594 0.0639583
11 0.578445 0.550271 0.0411094 0.079625
11 0.931156 0.509938 0.076125 0.094
11 0.73225 0.618885 0.0932187 0.126438
11 0.742531 0.46624 0.0730625 0.140271
11 0.772078 0.75799 0.03325 0.0656042
11 0.649336 0.796146 0.0786406 0.121208
11 0.82168 0.65551 0.0621719 0.120562
11 0.844758 0.776917 0.0723594 0.0725
11 0.371734 0.131542 0.0272812 0.0449167
11 0.962094 0.708354 0.0744688 0.0960833
11 0.345703 0.214021 0.034875 0.0580417
11 0.334117 0.0940521 0.0380781 0.0386458
11 0.871008 0.568188 0.0869844 0.0955833
11 0.679805 0.473063 0.0643906 0.0616667
11 0.845805 0.845344 0.0574844 0.0881042
11 0.641883 0.451375 0.0853281 0.0735417
11 0.789789 0.545583 0.0921719 0.125
11 0.68068 0.73824 0.0767344 0.132687
11 0.886836 0.78599 0.0408281 0.0939375
11 0.712844 0.83876 0.083375 0.127604
11 0.295391 0.0798958 0.0365625 0.0341667
11 0.7145 0.414812 0.086 0.071375
11 0.912625 0.733552 0.061625 0.197229
11 0.814813 0.762083 0.122844 0.1635
11 0.279391 0.127385 0.0477187 0.0278542
11 0.319688 0.118531 0.0331875 0.0539792
11 0.310398 0.0841667 0.0509219 0.0425833
11 0.829172 0.490177 0.086125 0.0814792
11 0.947977 0.633698 0.104047 0.0626042
11 0.687469 0.619885 0.0529063 0.0598125
11 0.632977 0.657062 0.0558594 0.173458
11 0.778797 0.480948 0.0951562 0.0993542
11 0.818133 0.423813 0.0559219 0.0645417
11 0.314648 0.205542 0.0343906 0.0322917
11 0.60675 0.491187 0.080375 0.08925
11 0.308219 0.165302 0.0245 0.0489792
11 0.691484 0.493677 0.0877187 0.123813
11 0.878859 0.454271 0.0688125 0.0765833
11 0.373711 0.179729 0.0282656 0.056
11 0.783234 0.854958 0.0768438 0.108625
11 0.292602 0.172125 0.0306719 0.0482917
11 0.882563 0.516073 0.040125 0.0768125
11 0.866656 0.68151 0.0319063 0.0590208
11 0.602047 0.599469 0.0570312 0.0586458
11 0.628117 0.586417 0.0344844 0.0399583
11 0.350156 0.155958 0.0375937 0.0437083
11 0.711922 0.577 0.0770625 0.082375
11 0.806203 0.630542 0.0496562 0.114375