8 0.788396 0.506719 0.177292 0.07225
8 0.823677 0.57682 0.213604 0.109984
8 0.57576 0.650531 0.205687 0.14675
8 0.592979 0.523867 0.174708 0.119922
46 0.479656 0.699078 0.0846875 0.0824375
46 0.182563 0.693133 0.0969167 0.0784219
46 0.323354 0.608602 0.062625 0.0441094
46 0.64099 0.561789 0.141521 0.0883594
46 0.606198 0.767844 0.0598958 0.0691563
14 0.257115 0.836672 0.372979 0.225281
14 0.877594 0.755398 0.244813 0.248422
14 0.932969 0.428602 0.132687 0.175422
14 0.431333 0.593656 0.239167 0.161875
14 0.339885 0.679648 0.197938 0.146297
14 0.0520208 0.621586 0.100917 0.152203