24 0.45246 0.3611 0.24008 0.2466
24 0.49509 0.44392 0.21538 0.13668
24 0.61221 0.30517 0.08622 0.15526
24 0.59999 0.77935 0.17638 0.19354
24 0.54291 0.82085 0.18678 0.18586
24 0.55642 0.28986 0.15988 0.13976
24 0.44225 0.6718 0.2025 0.1796
11 0.64877 0.48373 0.36598 0.30162
11 0.28843 0.3979 0.23918 0.23008
11 0.5242 0.17537 0.16 0.13854
11 0.62702 0.68387 0.22632 0.2063
11 0.33073 0.62612 0.29242 0.22836
14 0.70089 0.19587 0.1617 0.04986
14 0.70638 0.22722 0.076 0.03676
14 0.37833 0.19482 0.07434 0.08128
14 0.36121 0.16883 0.03614 0.0407
14 0.76375 0.22476 0.0171 0.0144
14 0.83873 0.6715 0.09718 0.14084
14 0.35312 0.21474 0.07664 0.01588
14 0.81621 0.73298 0.04182 0.10156
14 0.83388 0.67161 0.10152 0.04222
14 0.69277 0.1998 0.1373 0.10228
14 0.81437 0.61834 0.05742 0.06752
14 0.7555 0.66004 0.0478 0.10908
14 0.33547 0.19503 0.0559 0.01514
14 0.70591 0.27578 0.0889 0.20368