57 0.0198958 0.544097 0.0319167 0.0471944
57 0.639594 0.477458 0.0176875 0.0246389
57 0.687906 0.557889 0.0240625 0.0192222
57 0.610104 0.854361 0.01725 0.0219444
57 0.448698 0.847958 0.0286458 0.03025
57 0.313 0.47975 0.0162083 0.0224444
57 0.412854 0.876681 0.0264583 0.0394722
57 0.710604 0.842431 0.0384583 0.0294722
57 0.417896 0.540681 0.0275 0.0208056
57 0.84326 0.284861 0.0163542 0.0420556
57 0.589167 0.815944 0.0216667 0.0302222
57 0.295187 0.175639 0.04125 0.0512778
57 0.695094 0.572611 0.0136458 0.0158889
57 0.191115 0.572264 0.0332708 0.0405278
57 0.78776 0.290292 0.0280208 0.0289167
57 0.806635 0.258208 0.0295625 0.0279167
57 0.611354 0.446556 0.0234583 0.0225556
57 0.326135 0.512389 0.0278125 0.0535
57 0.479542 0.901847 0.0295 0.0290833
57 0.777563 0.243417 0.0246667 0.0307222
57 0.570979 0.774375 0.0230833 0.04075
57 0.0173021 0.138264 0.0346042 0.0640278
57 0.343344 0.550389 0.0370208 0.0587778
57 0.116688 0.563069 0.038625 0.0393611
57 0.706708 0.242431 0.0359583 0.0515278
57 0.751479 0.275139 0.0400833 0.0343889
57 0.31125 0.211847 0.0219167 0.0184722
57 0.36876 0.214431 0.0263125 0.0273056
57 0.674135 0.804417 0.0288542 0.0307778
57 0.0187083 0.844792 0.035 0.0305278
57 0.273688 0.197097 0.03175 0.0306944
57 0.731448 0.259917 0.0323125 0.0438333
57 0.138177 0.189514 0.0337708 0.0439722
57 0.793073 0.246056 0.0250625 0.0290556
57 0.2995 0.204417 0.0202083 0.0195
57 0.521156 0.807708 0.0277708 0.0378611
57 0.502615 0.773208 0.0222292 0.0230278
57 0.69051 0.225694 0.0230625 0.0301111
57 0.552865 0.742569 0.0217292 0.0323056
57 0.338635 0.217181 0.0344792 0.0229722
57 0.26876 0.541667 0.0313958 0.0332778
57 0.0342604 0.445125 0.0242292 0.0184722
57 0.487656 0.544792 0.0260625 0.0425833
57 0.67824 0.826694 0.0291458 0.0205556
57 0.393333 0.825264 0.0236667 0.0256389
57 0.555 0.854611 0.0155833 0.0307778
57 0.825354 0.259583 0.0107917 0.0175556
57 0.0177292 0.895222 0.0327917 0.0304444
57 0.439813 0.793639 0.02 0.0312778
57 0.0270208 0.489417 0.0327083 0.0341111
57 0.660333 0.520972 0.0255833 0.0292222
57 0.337427 0.189792 0.0453542 0.0468056
57 0.814417 0.29025 0.0215417 0.0261667
57 0.651333 0.7885 0.02425 0.0206667
57 0.189115 0.518597 0.0257708 0.0269167
57 0.117969 0.159875 0.0244375 0.0376944
32 0.536802 0.251486 0.0321042 0.0289722
32 0.579656 0.256 0.0263542 0.0257778
32 0.551156 0.231861 0.0226875 0.0333333
32 0.519594 0.233083 0.0226875 0.0441111
32 0.562458 0.260694 0.0190833 0.0263333
32 0.570677 0.233889 0.0268958 0.028
36 0.519521 0.233389 0.0227917 0.0446111
36 0.0347083 0.201972 0.04 0.0217778
36 0.631583 0.787542 0.014875 0.01125
36 0.654438 0.831181 0.0210833 0.0204167
36 0.129 0.203083 0.0319167 0.0246111
36 0.730542 0.861236 0.0228333 0.0171944
36 0.0658125 0.203694 0.0414583 0.0235556
36 0.696135 0.815764 0.0251875 0.0151389