54 0.426686 0.710758 0.145738 0.0857656
54 0.465632 0.798906 0.0312178 0.02275
54 0.540211 0.790133 0.037377 0.0252031
54 0.566593 0.774484 0.025082 0.0189375
54 0.345281 0.797133 0.0377752 0.0247344
54 0.561745 0.757211 0.0244262 0.00945312
54 0.54719 0.777609 0.0429977 0.0243438
54 0.387143 0.798047 0.0385948 0.027125
54 0.333852 0.741734 0.037822 0.0219688
54 0.281909 0.78868 0.0409602 0.0243281
54 0.311698 0.793547 0.0315457 0.0170313
54 0.517096 0.795336 0.03274 0.0189219
54 0.424297 0.799461 0.0337471 0.0218281