14 0.188812 0.542058 0.157719 0.0962716
14 0.401414 0.350657 0.0533281 0.118815
14 0.147641 0.480819 0.200406 0.103362
14 0.403594 0.652662 0.14675 0.132909
14 0.303914 0.934892 0.0687344 0.122845
14 0.0526328 0.552112 0.105266 0.0322414
14 0.361266 0.571724 0.0669063 0.102284
14 0.341336 0.0574892 0.0444531 0.114978
14 0.0412344 0.440054 0.0365 0.0128233
14 0.767586 0.521034 0.0885156 0.0482759
14 0.400734 0.180593 0.0778438 0.239332
14 0.880367 0.656703 0.0967969 0.0294828
14 0.719594 0.261907 0.104281 0.115668
14 0.266953 0.694235 0.175469 0.14472
14 0.715461 0.855873 0.263922 0.184203
14 0.881875 0.506433 0.17825 0.127004
14 0.472148 0.580625 0.100109 0.127026
14 0.426211 0.834343 0.0770156 0.282349
14 0.717313 0.677317 0.168 0.0465733
14 0.715969 0.602004 0.0615 0.0332328
14 0.704344 0.347586 0.101469 0.086681
14 0.243906 0.90917 0.13225 0.181659
14 0.605703 0.451131 0.141688 0.139892
14 0.776062 0.28083 0.123281 0.11653
14 0.76768 0.371045 0.0812031 0.0189871
14 0.515516 0.118373 0.0595625 0.235625
14 0.802898 0.334591 0.140547 0.0663362
14 0.540891 0.534968 0.0603437 0.0330819
14 0.415953 0.656153 0.0572812 0.0804957
14 0.377367 0.373739 0.0531406 0.223944
14 0.796219 0.368847 0.0708438 0.0313147
14 0.518359 0.205345 0.0305312 0.1475
14 0.180586 0.239407 0.0916094 0.0891164
14 0.75218 0.51 0.0719531 0.0406466
14 0.16232 0.31195 0.0728594 0.0444612
14 0.43568 0.180011 0.0840156 0.199935
14 0.547297 0.364687 0.0942187 0.11028
14 0.220227 0.502457 0.195109 0.159828
14 0.322445 0.628082 0.0558281 0.08375
14 0.155242 0.935226 0.104797 0.129547
14 0.513953 0.837241 0.125688 0.178276
14 0.157859 0.418265 0.065875 0.0500647
14 0.765648 0.901778 0.168703 0.118341
14 0.336727 0.237942 0.0664531 0.0741164
14 0.594969 0.291724 0.0977187 0.119095
14 0.544336 0.0971552 0.0277656 0.19431
14 0.0676719 0.653901 0.130875 0.04625
14 0.240109 0.844429 0.0967187 0.153513
14 0.567039 0.450959 0.116297 0.146444
14 0.181078 0.29569 0.0843437 0.046681
14 0.42975 0.37986 0.0580312 0.151142
14 0.847141 0.44083 0.150406 0.105754
14 0.433516 0.521358 0.115344 0.144353
14 0.109109 0.692608 0.189094 0.0675
14 0.566219 0.235614 0.123969 0.15847
14 0.51982 0.779914 0.0938594 0.0523276
14 0.576523 0.180205 0.107828 0.154935
14 0.745812 0.296412 0.134594 0.104116
14 0.519742 0.576821 0.105797 0.0742457
14 0.488305 0.38611 0.0610781 0.125668
14 0.452969 0.140065 0.0219688 0.0977155
14 0.703375 0.448017 0.153375 0.0775
14 0.590008 0.525927 0.0478281 0.0549138
14 0.416531 0.276897 0.057375 0.174526
14 0.625484 0.675453 0.0525937 0.0353879
14 0.566219 0.698793 0.190938 0.0597414
14 0.606563 0.657177 0.107187 0.0515517
14 0.921797 0.523707 0.1105 0.0504741
14 0.431594 0.493599 0.106906 0.132629
14 0.90807 0.825668 0.0258281 0.0164224
14 0.309422 0.488287 0.146937 0.173599
14 0.633969 0.1225 0.0994375 0.151853
14 0.371031 0.248825 0.0834375 0.0915733
14 0.66768 0.0378987 0.0370156 0.0730819
14 0.232773 0.147942 0.142828 0.132866
14 0.883648 0.73375 0.102797 0.0323276
14 0.216586 0.311455 0.151484 0.119073
14 0.566102 0.319364 0.0482344 0.0607974
14 0.110758 0.274429 0.0659219 0.036056
14 0.0548906 0.635937 0.108156 0.0196767
14 0.799984 0.446455 0.114531 0.0959267
14 0.917328 0.610226 0.165344 0.0378233
14 0.821234 0.767597 0.188406 0.043125
14 0.567641 0.279267 0.131 0.117155
14 0.441516 0.344494 0.0169375 0.044375
14 0.196781 0.227284 0.138688 0.124526
14 0.881883 0.880603 0.0904219 0.0309914
14 0.29207 0.327953 0.175422 0.0851724
14 0.0643438 0.539623 0.127562 0.0405388
14 0.778492 0.809591 0.244266 0.0847414
14 0.677602 0.536724 0.0809219 0.0622845
14 0.606984 0.821606 0.199687 0.13972
14 0.0931953 0.423761 0.0834219 0.0505388
14 0.0337891 0.867812 0.0675781 0.0615302
14 0.465438 0.177166 0.0295938 0.0939871
14 0.488 0.175841 0.0401875 0.143103
14 0.251156 0.220722 0.249094 0.198427
14 0.0454922 0.8418 0.0909844 0.0504095
14 0.922156 0.514106 0.154281 0.0670905
14 0.680688 0.725216 0.0913125 0.0398276
14 0.207977 0.475409 0.176016 0.0675431
14 0.747469 0.460194 0.112156 0.0613793
14 0.475367 0.903093 0.0525156 0.170323
14 0.93218 0.483341 0.0582344 0.0287069
14 0.617352 0.328966 0.139016 0.151121
14 0.852516 0.807963 0.184906 0.107608
14 0.0309609 0.81333 0.0619219 0.0365302
14 0.28932 0.356541 0.0990781 0.0669181
14 0.78532 0.18056 0.101984 0.0918103
14 0.193289 0.430022 0.0700469 0.044569
14 0.160695 0.543416 0.146922 0.128772
14 0.103727 0.906821 0.206328 0.154159
14 0.743844 0.199914 0.106 0.0939655
14 0.766352 0.918772 0.220641 0.155776
14 0.661359 0.264267 0.104188 0.0989655
14 0.189383 0.160722 0.126641 0.077306
14 0.816844 0.498836 0.125688 0.168276
14 0.387461 0.0933836 0.0358594 0.173103
14 0.687352 0.214828 0.0859219 0.0775862
14 0.351891 0.381466 0.0312187 0.0614655
14 0.145461 0.422866 0.0515781 0.0379741
14 0.128656 0.357328 0.0635 0.0433621
14 0.8125 0.846746 0.134969 0.0444397
14 0.38632 0.931164 0.0437656 0.135991
14 0.275023 0.615151 0.0901094 0.12306
14 0.685383 0.125496 0.0780156 0.185474
14 0.563063 0.631638 0.154656 0.0861638
14 0.643578 0.166401 0.071875 0.12056
14 0.33475 0.384159 0.0465313 0.0458621
14 0.035375 0.431961 0.026625 0.00487069
14 0.0795234 0.377834 0.0893281 0.0533405
14 0.327898 0.835377 0.0741719 0.177177
14 0.0576172 0.461466 0.0577344 0.016681
14 0.336656 0.538157 0.0601563 0.124806
14 0.463656 0.536627 0.028625 0.0455819
14 0.0643281 0.818524 0.0811875 0.0284698
14 0.0753984 0.43014 0.150391 0.125711
14 0.180227 0.327909 0.0947031 0.0582759
14 0.735656 0.574515 0.08175 0.0497629
14 0.907 0.800216 0.141281 0.0558621
14 0.407063 0.390668 0.0240313 0.109009
14 0.0690937 0.491304 0.0511563 0.0383836
14 0.3635 0.301207 0.1 0.0628448
14 0.603172 0.577554 0.0776563 0.058556
14 0.431133 0.0824677 0.0281719 0.164935
14 0.116187 0.3318 0.0450625 0.0246336
14 0.771977 0.238664 0.0916094 0.0946983
14 0.156391 0.568351 0.142094 0.0384698
14 0.364008 0.750787 0.0513594 0.115453
14 0.79982 0.298244 0.109516 0.0643319
14 0.240172 0.254881 0.0975625 0.0818319
14 0.0351875 0.589149 0.070375 0.0403664
14 0.693016 0.732328 0.237875 0.0756034
14 0.189172 0.740496 0.188031 0.0777586
14 0.677258 0.916897 0.217703 0.162112
14 0.633039 0.230097 0.0592031 0.0818319
14 0.723367 0.135496 0.119359 0.151078
14 0.666352 0.419246 0.137016 0.125431
14 0.450562 0.236131 0.046375 0.191875
14 0.322625 0.447543 0.0685313 0.0584914
14 0.64818 0.135905 0.0868594 0.176897
14 0.913586 0.654483 0.0837969 0.0405172
14 0.0792422 0.576563 0.0793281 0.0333405
14 0.398844 0.487274 0.0794688 0.104806
14 0.550219 0.726164 0.186 0.0578448
14 0.154844 0.648384 0.0484062 0.026681
14 0.782125 0.208459 0.044875 0.0457112
14 0.812609 0.264677 0.0580625 0.0516379
14 0.567852 0.352748 0.135297 0.123685
14 0.0509297 0.514364 0.101859 0.0169181
14 0.860414 0.71194 0.0406094 0.0159052
14 0.710867 0.524623 0.0344531 0.0500216
14 0.311664 0.275754 0.0793281 0.07875
14 0.502313 0.506616 0.0279375 0.0618103
14 0.834102 0.639235 0.129547 0.0530819
14 0.374609 0.179267 0.0407813 0.136983
14 0.101586 0.608373 0.0832344 0.0328233
14 0.714063 0.495366 0.0489687 0.0288362
14 0.739172 0.388675 0.0772812 0.0551509
14 0.763141 0.602414 0.08175 0.0528017
14 0.790016 0.390927 0.1 0.0223276
14 0.128898 0.648966 0.0754219 0.0418103
14 0.578102 0.398621 0.110984 0.129009
14 0.807789 0.683308 0.200766 0.0321336
14 0.872508 0.409591 0.0377031 0.019181
14 0.531492 0.616756 0.0692656 0.0403233
14 0.0519141 0.461304 0.0461719 0.0357112
14 0.562828 0.571024 0.0970312 0.0641595
14 0.829875 0.714914 0.0542813 0.0205172
14 0.687102 0.442608 0.0973594 0.0535776
14 0.720867 0.272166 0.0791094 0.0395043
14 0.885281 0.453384 0.108937 0.103621
14 0.75125 0.593233 0.0318437 0.0528448
14 0.686578 0.546239 0.0279375 0.0230819
14 0.490172 0.24875 0.0332812 0.158793
14 0.842148 0.387909 0.0198594 0.0175431
14 0.878734 0.751088 0.121188 0.0577371
14 0.658039 0.59305 0.0812031 0.0848922
14 0.648922 0.380582 0.0515625 0.043319
14 0.882445 0.585528 0.100297 0.0467457
14 0.772578 0.633147 0.1095 0.0458621
14 0.747656 0.139289 0.0497187 0.0725862
14 0.122516 0.633319 0.0690937 0.036681
14 0.0787734 0.774073 0.157172 0.0733621
14 0.714406 0.564537 0.0808438 0.0465302
14 0.680773 0.034472 0.0207969 0.062306
14 0.197852 0.387004 0.0834844 0.0421121
14 0.320328 0.202349 0.0805 0.0825862
14 0.864516 0.396347 0.0740313 0.0357543
14 0.61257 0.0672737 0.0418906 0.133642
14 0.796352 0.742349 0.145234 0.0466379
14 0.338258 0.0952802 0.0421094 0.149914
14 0.68468 0.504537 0.0658594 0.036056
14 0.584359 0.0887392 0.0515312 0.175323
14 0.0590313 0.724547 0.0703438 0.0326724
14 0.858453 0.640506 0.10875 0.0567026
14 0.690664 0.6682 0.190609 0.050625
14 0.67825 0.600291 0.0645312 0.0484267
14 0.217883 0.330539 0.112797 0.0697414
14 0.0229141 0.646875 0.0458281 0.0215517
14 0.427641 0.176875 0.0126562 0.107716
14 0.666078 0.342769 0.07925 0.0812716
14 0.891 0.869267 0.100063 0.059181
14 0.463945 0.373276 0.0311094 0.134655
14 0.170391 0.366034 0.0637188 0.0248707
14 0.735734 0.774806 0.184062 0.0572845
14 0.499172 0.440582 0.08125 0.184871
14 0.871406 0.319623 0.0504687 0.0197629
14 0.105984 0.371067 0.06275 0.0463578
14 0.894125 0.545884 0.137125 0.0390517
14 0.0934141 0.396756 0.0569219 0.0283405
14 0.154 0.332575 0.0782188 0.0492457
14 0.715258 0.343987 0.129422 0.0377155
14 0.470664 0.650948 0.0743594 0.0967241
14 0.782617 0.411088 0.116391 0.0292888
14 0.155047 0.287425 0.0700937 0.0387716
14 0.310914 0.412069 0.0993281 0.06375
14 0.274352 0.134612 0.146859 0.142155
14 0.635477 0.516282 0.101672 0.137996
14 0.118687 0.850032 0.226531 0.17222
14 0.288531 0.114472 0.146469 0.201746
14 0.762273 0.23958 0.0342656 0.0289871
14 0.268422 0.567306 0.0326875 0.0362069
14 0.257375 0.159267 0.071 0.135431
14 0.0253594 0.493545 0.0496562 0.0277802
14 0.832133 0.367651 0.140547 0.0452586
14 0.625445 0.219407 0.0436094 0.0327371
14 0.622578 0.602619 0.118562 0.0770043
14 0.101227 0.748147 0.112922 0.0404741
14 0.816664 0.580075 0.122484 0.0455819
14 0.534812 0.31347 0.0675937 0.166466
14 0.0505391 0.609828 0.101078 0.0366379
14 0.196734 0.431315 0.180094 0.125345
14 0.184664 0.620183 0.144891 0.103987
14 0.813453 0.586034 0.128531 0.0567672
14 0.243867 0.375474 0.158078 0.0473276
14 0.900266 0.389386 0.0545625 0.024375
14 0.568953 0.874149 0.119656 0.150366
14 0.0323672 0.691207 0.0612031 0.0345259