6 0.150328 0.55749 0.296406 0.265771
6 0.254883 0.769771 0.317234 0.169875
6 0.116578 0.531406 0.233156 0.177187
6 0.204031 0.871885 0.408063 0.256229
6 0.14525 0.547865 0.246688 0.311021
51 0.610828 0.409042 0.00478125 0.0085
51 0.397602 0.60125 0.0181094 0.0304167
51 0.567461 0.406781 0.0114219 0.0214792
51 0.437695 0.519083 0.129172 0.268958
51 0.580867 0.570125 0.0160469 0.01975
51 0.585055 0.480365 0.0209844 0.0328958
51 0.516281 0.419229 0.0141875 0.0225
51 0.517328 0.596885 0.016 0.0136875
51 0.584164 0.395854 0.0157344 0.0200833
51 0.600625 0.419667 0.00921875 0.0228333
51 0.648016 0.313719 0.0213438 0.0258958
51 0.559438 0.596177 0.0175625 0.0203125
57 0.72182 0.412354 0.0443594 0.0371667
57 0.724422 0.379885 0.0380937 0.0306042
57 0.819656 0.47626 0.0349062 0.0303958
57 0.831711 0.455615 0.0371094 0.0225625
57 0.795977 0.422292 0.0231406 0.0189167
57 0.84007 0.492854 0.0236094 0.020625
57 0.828984 0.43551 0.046125 0.0171458
57 0.723281 0.448656 0.021625 0.0335625
57 0.885141 0.536948 0.0517188 0.0402292
57 0.683719 0.412052 0.019125 0.0150625
57 0.867883 0.467812 0.0380781 0.0315417
57 0.698281 0.404833 0.0216562 0.0394167
57 0.781531 0.406875 0.0267812 0.0190417
57 0.791258 0.449604 0.0458281 0.0462917
57 0.864055 0.543375 0.0313594 0.0239583
57 0.752305 0.408656 0.0183906 0.0266042
57 0.873156 0.485219 0.0575 0.0334792
57 0.859266 0.567958 0.0275 0.03
57 0.774797 0.433333 0.0336562 0.0620417
57 0.854906 0.450844 0.0293125 0.0258958
57 0.839383 0.572302 0.0255156 0.0296458
57 0.716789 0.363729 0.0374531 0.0413333
57 0.894117 0.483333 0.0327031 0.0261667
57 0.844297 0.535052 0.02 0.0305208
57 0.736016 0.446167 0.0178437 0.0449583