11 0.509117 0.887594 0.0701719 0.0838125
11 0.547695 0.827615 0.0582656 0.107938
11 0.445125 0.91975 0.105187 0.0964167
11 0.556594 0.763646 0.0469687 0.0537083
11 0.516906 0.713979 0.0313437 0.0469167
11 0.259711 0.797333 0.0471094 0.093375
11 0.417508 0.64501 0.0216094 0.0205208
11 0.302844 0.873698 0.0964688 0.144229
11 0.311547 0.698688 0.0437188 0.0599167
11 0.355734 0.670156 0.0483438 0.0291458
11 0.504266 0.700771 0.027875 0.054875
11 0.373703 0.921125 0.0728437 0.092
11 0.286195 0.730885 0.0440156 0.0513125
11 0.459625 0.6555 0.0334062 0.0298333
59 0.357078 0.680344 0.042625 0.0346042
59 0.175344 0.367208 0.0474375 0.043375
59 0.288836 0.378719 0.0278906 0.0353958
59 0.155961 0.45199 0.0284844 0.0278958
59 0.504711 0.828354 0.0447969 0.046875
59 0.52375 0.745583 0.0413437 0.0512917
59 0.419727 0.73774 0.0505781 0.0646042
59 0.394672 0.680021 0.0437188 0.0671667
59 0.378766 0.761698 0.0448438 0.0654792
59 0.457391 0.76674 0.0421875 0.0502708
59 0.479398 0.689104 0.0426719 0.0600833
59 0.43307 0.667083 0.0467031 0.059375
59 0.374359 0.71825 0.0425937 0.046
59 0.456344 0.852563 0.0535312 0.0635417
59 0.31718 0.734083 0.0357969 0.0540417
59 0.114891 0.456021 0.0192187 0.0115417
59 0.417242 0.791729 0.0369219 0.0479583
59 0.3425 0.745812 0.0380625 0.0477917
59 0.303812 0.791302 0.0454688 0.0608542
59 0.504781 0.774542 0.057625 0.0652917
59 0.467031 0.812615 0.0341875 0.0521458
59 0.409531 0.860563 0.041375 0.06125
59 0.467305 0.693646 0.0394219 0.0420417
59 0.431547 0.810562 0.0401562 0.0589583