43 0.210852 0.407998 0.0359219 0.0520609
43 0.198055 0.441347 0.0277344 0.0429742
43 0.234477 0.37082 0.0235469 0.0222951
43 0.0710859 0.47103 0.0172969 0.047541
43 0.240008 0.480984 0.0210156 0.0225293
43 0.186898 0.384403 0.0328594 0.0412178
43 0.250477 0.383513 0.00639062 0.0105386
43 0.264109 0.394988 0.01425 0.0247775
43 0.166242 0.376557 0.0228906 0.02637
43 0.16168 0.430867 0.0125469 0.0318033
43 0.0852422 0.503993 0.0294531 0.0314988
43 0.0873047 0.468864 0.0299531 0.0492506
43 0.15775 0.397799 0.021375 0.0362061
43 0.21207 0.371311 0.0231094 0.0261827
43 0.178172 0.452295 0.0299063 0.0365808
43 0.220438 0.453197 0.0264688 0.039274
43 0.0788359 0.424731 0.0138281 0.0192037
43 0.238687 0.39774 0.0240313 0.0296721
43 0.235914 0.382119 0.0260156 0.0195082
43 0.179875 0.422939 0.030125 0.0321546
43 0.146008 0.378173 0.00985938 0.0143794
43 0.0775469 0.400749 0.012875 0.026089
43 0.169578 0.407693 0.0127188 0.0274707
43 0.284641 0.434578 0.0095625 0.0124356