11 0.34475 0.369965 0.236281 0.427564
11 0.478992 0.84548 0.289078 0.30904
11 0.0652109 0.091733 0.130422 0.183466
11 0.394773 0.116276 0.232828 0.232553
11 0.120805 0.367295 0.241609 0.456651
11 0.675719 0.742412 0.178563 0.302857
46 0.643516 0.0553864 0.137437 0.0830913
46 0.691695 0.379473 0.159422 0.116464
46 0.835648 0.140726 0.0813594 0.0930679
46 0.829664 0.148911 0.237578 0.294684
46 0.934047 0.133583 0.0768125 0.244918
46 0.681438 0.301803 0.2735 0.150773
46 0.786664 0.271159 0.208203 0.220773
46 0.806414 0.0467916 0.126672 0.0935831
46 0.673922 0.189356 0.159438 0.103021
33 0.791813 0.574649 0.131219 0.458712
33 0.691328 0.379824 0.158094 0.117963
33 0.612164 0.155984 0.249047 0.23089
33 0.922469 0.688911 0.155062 0.622178
33 0.961719 0.511265 0.0729375 0.38815
33 0.963656 0.740656 0.0708438 0.357564
33 0.877875 0.781874 0.16375 0.436253
33 0.787703 0.272529 0.202312 0.219766
33 0.88157 0.345234 0.0673281 0.143677
33 0.8975 0.703993 0.063875 0.570187
33 0.874203 0.67589 0.0654062 0.603583
33 0.95475 0.581358 0.083625 0.497143
33 0.683211 0.30137 0.276797 0.150749
33 0.676391 0.182272 0.1585 0.101967
33 0.852398 0.134543 0.111797 0.112553
33 0.934195 0.130222 0.0819844 0.260445
33 0.973711 0.33315 0.0525781 0.124098
33 0.805203 0.0532084 0.137813 0.106417
33 0.641461 0.053466 0.142203 0.0903981