59 0.420961 0.526844 0.0596094 0.0346042
59 0.3405 0.512177 0.0186875 0.0199792
59 0.467312 0.55775 0.0407813 0.03975
59 0.270477 0.451719 0.0342344 0.0381875
59 0.265469 0.436156 0.0536563 0.0389792
59 0.528266 0.755437 0.0363438 0.045125
59 0.492484 0.753125 0.0438438 0.0430833
59 0.359258 0.451656 0.138141 0.0793542
59 0.453883 0.612688 0.0371094 0.0387083
59 0.428734 0.466667 0.0342187 0.0312917
59 0.513594 0.668802 0.0479062 0.0469375
43 0.356766 0.519302 0.0107813 0.0198542
43 0.472008 0.573854 0.0353906 0.0415417
43 0.516422 0.782635 0.0213438 0.0319792
43 0.427781 0.580469 0.0163438 0.0190208
43 0.49332 0.306063 0.0559531 0.0275833
43 0.356828 0.492865 0.0135 0.0139792
43 0.535312 0.77775 0.0189687 0.0482917
43 0.427391 0.565375 0.030375 0.04
43 0.502094 0.77225 0.0145313 0.019375
43 0.357242 0.505031 0.0182656 0.0151458
43 0.299602 0.488667 0.0292969 0.026875
43 0.314469 0.44775 0.048625 0.0441667
38 0.592016 0.450729 0.0968437 0.123167
38 0.704969 0.635719 0.065125 0.112229
38 0.690563 0.380646 0.126531 0.163333
38 0.650305 0.67475 0.153047 0.185375
38 0.819875 0.555969 0.08125 0.0506042
38 0.53693 0.315406 0.0543906 0.0593958
38 0.473953 0.449062 0.097 0.123458
38 0.65343 0.27926 0.0819531 0.0571042
38 0.585156 0.261583 0.0935312 0.135083
38 0.654328 0.587573 0.0588437 0.187438
38 0.599812 0.34274 0.0742188 0.0843542
38 0.592773 0.662437 0.0542344 0.146417
38 0.734594 0.541333 0.123063 0.154375
38 0.527617 0.45675 0.114109 0.189125
38 0.748539 0.513625 0.0490781 0.0835417
38 0.592531 0.53526 0.0885 0.118938
38 0.655078 0.47449 0.075 0.0730625