11 0.64893 0.310507 0.06386 0.06
11 0.51031 0.604147 0.07186 0.0617333
11 0.80136 0.416787 0.07788 0.0473867
11 0.74459 0.3534 0.1021 0.066
11 0.43021 0.30576 0.05934 0.07616
11 0.21927 0.42004 0.05482 0.0793867
11 0.59964 0.558707 0.0624 0.0796533
11 0.27051 0.345387 0.04482 0.0333333
11 0.49631 0.534973 0.08406 0.0859467
11 0.49402 0.286573 0.10244 0.07368
11 0.54353 0.236427 0.05634 0.05696
11 0.24448 0.55888 0.08008 0.0810133
11 0.40764 0.404733 0.0344 0.03624
11 0.611 0.34012 0.08192 0.06488
11 0.58942 0.46864 0.08828 0.08128
11 0.66066 0.64904 0.08264 0.118827
11 0.35774 0.613093 0.10712 0.112053
11 0.46532 0.48436 0.0402 0.0579467
11 0.77867 0.391013 0.04842 0.03104
11 0.64218 0.24388 0.03756 0.0361867
11 0.23241 0.477227 0.04754 0.0557867
11 0.60549 0.618093 0.0585 0.0785333
11 0.80917 0.542293 0.04806 0.0489067
11 0.26019 0.42184 0.04078 0.0441067
11 0.45874 0.229493 0.02616 0.04512
11 0.39014 0.305493 0.04984 0.06256
11 0.1965 0.601493 0.03196 0.0418667
11 0.7925 0.667667 0.09368 0.10552
11 0.71805 0.745213 0.03038 0.03384
11 0.75056 0.403587 0.0802 0.0471733
15 0.56898 0.40488 0.09328 0.0723733
15 0.69337 0.719693 0.07746 0.10168
15 0.60662 0.263333 0.0554 0.06768
15 0.70045 0.57152 0.14446 0.1096
15 0.52585 0.4894 0.08566 0.08008
15 0.33873 0.286493 0.1281 0.0857333
15 0.32961 0.469387 0.09478 0.0842667
15 0.33391 0.39104 0.10994 0.0963733
15 0.39584 0.482373 0.0884 0.0780267
15 0.46208 0.407213 0.11576 0.08648
15 0.5771 0.752773 0.05376 0.068
15 0.56933 0.71336 0.04294 0.0662933
15 0.42453 0.597427 0.10018 0.0965067
15 0.32289 0.54492 0.06058 0.04376
15 0.36711 0.69988 0.07234 0.108827
15 0.44981 0.455293 0.04738 0.0476533
15 0.70312 0.3046 0.07728 0.05416
15 0.50515 0.22008 0.03334 0.0278933
15 0.41941 0.350253 0.08174 0.0528267
15 0.27057 0.46488 0.04266 0.0456
15 0.57344 0.20608 0.0672 0.05952
15 0.48916 0.706747 0.14972 0.193333
15 0.41381 0.774933 0.05366 0.03616
15 0.52417 0.37304 0.09362 0.0725867
15 0.66192 0.38368 0.1172 0.0936
15 0.64011 0.51384 0.0511 0.05792
15 0.40672 0.532947 0.11276 0.0637067
15 0.59501 0.369667 0.04934 0.0275467
15 0.64674 0.756547 0.06848 0.05256