52 0.260324 0.517602 0.122406 0.0709531
52 0.321705 0.471836 0.180732 0.122484
52 0.5891 0.429148 0.109205 0.131391
52 0.307249 0.388133 0.0599791 0.0555469
6 0.264372 0.690539 0.256987 0.161266
6 0.347877 0.54232 0.414916 0.109734
6 0.347008 0.65382 0.322385 0.151609
6 0.180952 0.634805 0.097887 0.0482031
6 0.39387 0.601797 0.400126 0.0724063
6 0.43272 0.5815 0.0980753 0.0299375
6 0.113117 0.594469 0.06 0.0899375
38 0.684895 0.503594 0.157615 0.129562
43 0.6616 0.308852 0.113201 0.0849844
43 0.786485 0.342242 0.0700837 0.0524531
43 0.581444 0.295312 0.0992887 0.0523125
43 0.731318 0.275312 0.0577824 0.0490312
43 0.722207 0.36625 0.143243 0.0895
43 0.678776 0.434188 0.133494 0.0731563
43 0.585408 0.343266 0.099728 0.0713437