59 0.726514 0.751656 0.141056 0.0564687
59 0.19243 0.783375 0.0918075 0.193531
59 0.434073 0.838758 0.218099 0.106359
59 0.343392 0.604969 0.201526 0.047
59 0.230505 0.646859 0.103451 0.0565312
59 0.572347 0.71143 0.214883 0.116578
59 0.312559 0.805273 0.156009 0.131422
14 0.682031 0.626906 0.0415728 0.0295
14 0.858451 0.653508 0.0446479 0.0323281
14 0.484765 0.749211 0.145869 0.0805781
14 0.710786 0.836617 0.11439 0.0953594
14 0.71412 0.631414 0.133498 0.0268594
50 0.239343 0.279469 0.131268 0.0709063