42 0.321922 0.572911 0.106187 0.105364
42 0.189219 0.516247 0.165281 0.134865
42 0.267422 0.158326 0.058125 0.0715385
42 0.566859 0.432921 0.187375 0.149543
42 0.759391 0.526351 0.0668125 0.142474
42 0.537195 0.609511 0.194672 0.177942
42 0.532586 0.148971 0.0731406 0.091289
42 0.631977 0.348482 0.0916094 0.0955094
42 0.333016 0.674605 0.156187 0.109792
42 0.420625 0.219345 0.0466875 0.0316216
42 0.228086 0.410229 0.0882344 0.14948
42 0.815 0.198877 0.0557187 0.0557588
42 0.810672 0.457256 0.0910625 0.102536
42 0.890641 0.493472 0.115688 0.126486
42 0.719141 0.330125 0.100375 0.0929314
42 0.601844 0.289023 0.0508125 0.0797089
42 0.815648 0.259813 0.0829844 0.0620374
42 0.394852 0.45369 0.133703 0.182765
42 0.849086 0.706091 0.0700781 0.16948
42 0.656516 0.236341 0.0326875 0.0687318
42 0.685984 0.151892 0.0947187 0.0583784
42 0.141727 0.215343 0.100578 0.0766736
42 0.936461 0.367755 0.0977031 0.0866528
42 0.608859 0.22474 0.0615938 0.0479418
42 0.909773 0.27264 0.0626406 0.0658628
42 0.146656 0.381372 0.0931562 0.0920582
42 0.349906 0.132983 0.0562813 0.0548649