43 0.494734 0.099125 0.0209688 0.016375
43 0.362242 0.116594 0.0186094 0.0226875
43 0.609 0.0865521 0.0211875 0.0343125
43 0.445062 0.113719 0.0345937 0.0215208
43 0.394852 0.100083 0.0228281 0.02475
43 0.372047 0.0991146 0.0290312 0.0301458
43 0.56382 0.0920729 0.0135781 0.0147292
43 0.312953 0.174385 0.0171563 0.0286458
43 0.278992 0.173156 0.0345781 0.0287292
43 0.38018 0.15351 0.0367656 0.0436875
43 0.684281 0.0813229 0.0249062 0.0358958
43 0.331906 0.170042 0.025625 0.0330417
43 0.324797 0.11175 0.0249062 0.0292083
43 0.499828 0.11749 0.0223125 0.0190208
43 0.595055 0.0881979 0.0156719 0.0230625
43 0.474844 0.101469 0.0189062 0.0280208
43 0.361937 0.140375 0.020625 0.0234583
43 0.434602 0.0722917 0.0291094 0.04125
43 0.615914 0.0745729 0.0217031 0.0178125
43 0.631133 0.087875 0.0245781 0.017625
43 0.499539 0.0889062 0.0241719 0.0186875
43 0.517672 0.105969 0.0106875 0.0213542
43 0.595789 0.11475 0.0215469 0.014375
43 0.413398 0.110063 0.0220781 0.02525
43 0.684305 0.102042 0.0206719 0.0306667
43 0.294906 0.110604 0.031 0.0642083
43 0.285062 0.156583 0.0331875 0.0315