14 0.404063 0.460945 0.06125 0.132033
14 0.49168 0.65323 0.0415156 0.0686124
14 0.340781 0.769103 0.0682813 0.167344
52 0.279258 0.51866 0.0977656 0.1311
52 0.408008 0.693923 0.0895469 0.160239
52 0.289219 0.658433 0.0722812 0.125766
52 0.458297 0.571065 0.0856875 0.12811
52 0.337398 0.522763 0.0282969 0.0474402
52 0.388984 0.559019 0.105937 0.135837
52 0.344531 0.692775 0.04725 0.103254
52 0.464797 0.713517 0.0895 0.155502
52 0.274398 0.609031 0.0323906 0.0466746
52 0.343094 0.464199 0.0604688 0.0860526