6 0.55032 0.528979 0.865391 0.26
6 0.434039 0.487865 0.820391 0.443062
44 0.419648 0.227917 0.0420469 0.0566667
44 0.303148 0.0159479 0.0340469 0.0205208
44 0.698594 0.0843333 0.0651875 0.054625
44 0.913078 0.682771 0.0229062 0.0458333
44 0.339047 0.0148854 0.0386875 0.0297708
44 0.462812 0.237885 0.031125 0.0408125
44 0.513273 0.0348854 0.0461719 0.0517292
44 0.537648 0.0546875 0.0707656 0.0619167
44 0.469789 0.235 0.0207656 0.0310417
44 0.870094 0.684479 0.0636562 0.0955833
44 0.76857 0.032875 0.103234 0.0650417
44 0.834516 0.0481667 0.0640312 0.05325
44 0.382344 0.193323 0.0416562 0.0387708
44 0.60882 0.0674687 0.0827969 0.0788125
44 0.476688 0.0414583 0.055 0.065125
44 0.679516 0.0457083 0.0842813 0.0914167
44 0.56043 0.0285 0.0230469 0.053
44 0.875484 0.0184896 0.03 0.0369792
44 0.690664 0.578812 0.0420781 0.029
44 0.375898 0.223448 0.0372031 0.0248125
44 0.783133 0.569729 0.0150156 0.017875
44 0.605539 0.0295 0.0823281 0.059
1 0.0294453 0.31026 0.0236094 0.0314792
1 0.0416953 0.279969 0.0268281 0.0416875
1 0.0551406 0.309031 0.0306563 0.0398542
1 0.0832734 0.292042 0.0171094 0.03
1 0.0171172 0.356552 0.0235469 0.0202292
1 0.0355 0.33849 0.0208438 0.0214375