18 0.52368 0.706109 0.0500156 0.173374
18 0.40482 0.556976 0.0540156 0.0783891
18 0.560258 0.489681 0.0342969 0.0758359
18 0.49507 0.76655 0.0293906 0.0399696
18 0.537609 0.520745 0.0426875 0.0731003
18 0.474398 0.462128 0.0440156 0.0748936
18 0.46607 0.676809 0.0506719 0.0865046
18 0.414969 0.637705 0.0597188 0.0848936
18 0.428922 0.532219 0.0374063 0.137568
18 0.593906 0.620395 0.03625 0.0663222
18 0.469484 0.589103 0.0484375 0.0912766
18 0.509008 0.484848 0.0365156 0.0694529
18 0.499664 0.654848 0.0526406 0.065076
18 0.3155 0.562219 0.098625 0.0832219
18 0.484305 0.809666 0.0348594 0.0493617
18 0.512508 0.595775 0.0511094 0.115623
18 0.478758 0.51538 0.0682031 0.0734954
18 0.464625 0.766565 0.0402813 0.051307
18 0.557578 0.631292 0.0435625 0.0727356
18 0.368648 0.622447 0.0446719 0.080152
18 0.37032 0.540122 0.0300469 0.0786626
18 0.429672 0.783009 0.03325 0.0615805
18 0.415656 0.45035 0.0693438 0.154438
18 0.571109 0.564301 0.0422812 0.0738906
18 0.599234 0.559392 0.0306875 0.0702736
18 0.350711 0.678343 0.0302969 0.0610638
18 0.485383 0.626246 0.0297969 0.0462918
18 0.397 0.756322 0.0313437 0.0516717
18 0.507281 0.554954 0.0435625 0.0757447
18 0.432055 0.717356 0.0379531 0.0644377
18 0.561688 0.730669 0.032 0.0437082
18 0.393445 0.702143 0.0409844 0.0983891
18 0.518125 0.803875 0.0414687 0.0383891