32 0.450172 0.305646 0.057375 0.0922917
32 0.536242 0.181698 0.0684844 0.0779792
32 0.593055 0.137281 0.0637344 0.105104
32 0.490953 0.328688 0.0539687 0.0717083
32 0.49557 0.250406 0.0652656 0.0985208
32 0.622242 0.11649 0.0418594 0.0678542
32 0.637313 0.185792 0.047375 0.0628333
32 0.606906 0.28526 0.0698125 0.107438
32 0.399211 0.282365 0.0484219 0.0633125
32 0.706234 0.223073 0.0376875 0.0558958
32 0.502 0.131344 0.0647812 0.0719792
32 0.568086 0.237344 0.0855469 0.113354
32 0.698937 0.276948 0.05 0.0623958
32 0.399969 0.23926 0.0573125 0.0568125
32 0.661711 0.234792 0.0565781 0.103292
32 0.49143 0.0821667 0.0643906 0.0895417
32 0.557125 0.378406 0.0668125 0.0463542
32 0.691453 0.155427 0.0684375 0.0843958
32 0.446875 0.194 0.0644375 0.0818333
32 0.575039 0.327844 0.0960469 0.0733958
32 0.410414 0.161354 0.0663906 0.0705417
32 0.500836 0.378312 0.0770781 0.046125
32 0.656711 0.329177 0.0609844 0.0908542
32 0.425945 0.0958958 0.0744219 0.0861667
32 0.561023 0.0990521 0.0635469 0.100312
24 0.87943 0.585031 0.159797 0.209354
24 0.790781 0.778292 0.0861875 0.231625
24 0.859938 0.455531 0.116937 0.217271
14 0.740492 0.66199 0.144797 0.210938
14 0.762844 0.452875 0.0543125 0.194333
14 0.689641 0.49801 0.0967187 0.189729
14 0.815945 0.451302 0.0551406 0.136771
14 0.722086 0.57849 0.172016 0.150979
14 0.824688 0.6075 0.169187 0.199
14 0.713797 0.505094 0.0625 0.0721042
14 0.641602 0.605167 0.0388906 0.20325
14 0.725789 0.627042 0.0520156 0.0639167
14 0.661633 0.708208 0.0331094 0.121083
14 0.712383 0.746958 0.0884844 0.229875
14 0.758609 0.735719 0.059125 0.0952292