14 0.164023 0.39896 0.0860469 0.251565
14 0.493687 0.381086 0.270969 0.434229
14 0.64375 0.357185 0.236187 0.341893
14 0.235852 0.837757 0.0497031 0.0314953
14 0.234797 0.730783 0.0526563 0.0648832
14 0.592914 0.138178 0.0316094 0.269393
14 0.734125 0.725047 0.127906 0.251449
14 0.526352 0.623785 0.441359 0.0946262
14 0.303023 0.572301 0.0953281 0.377173
14 0.545828 0.455245 0.0957812 0.300864
14 0.450523 0.157897 0.224703 0.313178
14 0.415852 0.766133 0.479297 0.203061
14 0.487875 0.455117 0.108563 0.131916
14 0.515844 0.382056 0.289188 0.437944
14 0.738813 0.547488 0.146625 0.0582944
14 0.844063 0.76653 0.177031 0.166939
14 0.187906 0.478026 0.227906 0.473995
14 0.215375 0.65743 0.0713437 0.103598
14 0.403422 0.465444 0.104031 0.540093
14 0.79093 0.556437 0.165859 0.389696
14 0.234062 0.46625 0.0519687 0.0860047
14 0.473695 0.648306 0.0614844 0.165958
14 0.642336 0.529486 0.0510781 0.109673
14 0.498875 0.566028 0.0919375 0.0920561
14 0.220797 0.564357 0.0767812 0.118481
14 0.402016 0.608131 0.106156 0.271776
14 0.358336 0.696928 0.0706719 0.331799
14 0.236563 0.3709 0.185625 0.207126
14 0.605531 0.447699 0.0365938 0.121659
14 0.167219 0.747336 0.0938438 0.23715
14 0.655664 0.738364 0.190359 0.256075
14 0.11218 0.778201 0.0665469 0.178738
38 0.768586 0.0775584 0.0447656 0.123855
38 0.853375 0.122909 0.29325 0.245818
38 0.890258 0.531449 0.219484 0.773645