6 0.793094 0.123615 0.028875 0.148521
6 0.439125 0.667854 0.175969 0.660125
6 0.363625 0.413021 0.0264062 0.051125
6 0.790109 0.267396 0.0604688 0.113375
6 0.500648 0.400573 0.0252031 0.0641042
6 0.0228516 0.177792 0.0446094 0.0630833
6 0.372 0.292927 0.0321875 0.0866875
6 0.509711 0.401594 0.0221094 0.0641042
6 0.768648 0.125906 0.0252031 0.156563
6 0.380938 0.403979 0.0235 0.0440417
6 0.389156 0.401198 0.022375 0.0574792
6 0.150945 0.278719 0.0482656 0.111271
6 0.815977 0.268031 0.0705781 0.102063
6 0.661461 0.0353021 0.0951406 0.0706042
6 0.359898 0.300344 0.0242031 0.0831042
6 0.106531 0.332844 0.0275313 0.0545625
6 0.180312 0.28325 0.0455625 0.0993333
6 0.698875 0.286354 0.0229687 0.0767917
6 0.813 0.108427 0.027875 0.128104
6 0.295773 0.35351 0.0321094 0.0136042
6 0.35457 0.414083 0.0178594 0.045625
6 0.0780625 0.397573 0.0240313 0.0458958
6 0.168141 0.274083 0.0426875 0.1125
6 0.108688 0.431229 0.0151875 0.0537083
6 0.686836 0.286042 0.0294844 0.0677917
6 0.717773 0.0337187 0.0997031 0.0661458
6 0.0977734 0.333594 0.0234531 0.0538542
6 0.113602 0.436594 0.0128906 0.0510208