10 0.371062 0.184044 0.0675817 0.0197549
10 0.306544 0.234093 0.0390033 0.0429902
10 0.540972 0.232083 0.0522712 0.0567484
10 0.526552 0.272982 0.0476471 0.0700163
10 0.533211 0.0406209 0.0319444 0.0137255
51 0.276054 0.596814 0.546487 0.312092
18 0.263407 0.548423 0.18116 0.137369
18 0.641021 0.0209886 0.0547222 0.0293954
18 0.676724 0.0444199 0.0380882 0.0182516
56 0.63 0.0406781 0.0534967 0.0271078
56 0.324608 0.283284 0.105588 0.0872222
56 0.674788 0.0446487 0.0391176 0.018219
56 0.2621 0.263995 0.0597876 0.077598
56 0.460605 0.184788 0.0850327 0.051634
56 0.475678 0.305801 0.091781 0.0513072
56 0.642418 0.0205474 0.0514706 0.0278268