44 0.306688 0.534508 0.0242188 0.0227969
44 0.539711 0.553547 0.0244219 0.020375
44 0.68757 0.554672 0.0239219 0.0204688
44 0.601641 0.536852 0.0238438 0.0217969
44 0.229578 0.500125 0.0220625 0.0203438
44 0.649742 0.536312 0.0241094 0.0259688
44 0.71043 0.517437 0.0246094 0.0225625
44 0.246055 0.551781 0.0243281 0.0201563
44 0.196305 0.551719 0.0265469 0.0199063
44 0.124578 0.518164 0.02375 0.0218281
44 0.838 0.441539 0.0264062 0.0251406
44 0.711648 0.554547 0.0221094 0.02
44 0.221883 0.552047 0.0261094 0.0205313
44 0.294469 0.552695 0.0238438 0.0207656
44 0.184188 0.536602 0.024875 0.0230781
44 0.527789 0.536594 0.0248594 0.0238438
44 0.0789688 0.519281 0.0229687 0.0229687
44 0.0929453 0.502102 0.0230781 0.0235781
44 0.0777188 0.550969 0.0240625 0.01775
44 0.343703 0.515898 0.025125 0.0251406
44 0.73575 0.553852 0.0235313 0.0206406
44 0.781398 0.520508 0.0220469 0.0220469
44 0.466969 0.624016 0.0245 0.0228125
44 0.847547 0.554609 0.0220625 0.02
44 0.271328 0.516422 0.0251875 0.024625
44 0.100797 0.550984 0.0225625 0.0185
44 0.871133 0.412695 0.0220469 0.0202656
44 0.812148 0.538758 0.0230156 0.0214219
44 0.848812 0.520914 0.0230312 0.0210781
44 0.794477 0.504625 0.0216094 0.0215
44 0.395 0.517047 0.025375 0.0223125
44 0.149172 0.517781 0.02275 0.022375
44 0.789477 0.539109 0.0217969 0.0212812
44 0.294984 0.515898 0.0240938 0.0246094
44 0.269961 0.552133 0.0235469 0.0205156
44 0.355281 0.633992 0.0337812 0.0314219
44 0.454492 0.536438 0.0230781 0.0228125
44 0.112344 0.536031 0.0227812 0.0233125
44 0.478508 0.536008 0.0243594 0.0223906
44 0.539305 0.518445 0.0256719 0.0230469
44 0.804469 0.521539 0.0235938 0.0225781
44 0.246414 0.514891 0.0269219 0.024875
44 0.938078 0.464289 0.0314688 0.0269844
44 0.838922 0.505836 0.0238438 0.0192344
44 0.626383 0.53668 0.0226094 0.0222969
44 0.172547 0.518719 0.024875 0.0240938
44 0.429469 0.510125 0.00975 0.0074375
44 0.161633 0.50018 0.0243594 0.0233281
44 0.441922 0.519297 0.0242812 0.0209688
44 0.749492 0.500562 0.0205156 0.02
44 0.771281 0.502773 0.0238125 0.0219531
44 0.882969 0.507195 0.0225625 0.0198594
44 0.163773 0.455406 0.0292344 0.0278438
44 0.843906 0.377789 0.02725 0.0264844
44 0.564773 0.519836 0.0241406 0.0228594
44 0.926898 0.507953 0.0233281 0.0210313
44 0.319953 0.55225 0.0238125 0.0214375
44 0.490875 0.552695 0.024625 0.0217969
44 0.803055 0.554492 0.0241094 0.0207656
44 0.369484 0.552352 0.025125 0.0219531
44 0.963789 0.544547 0.00970312 0.0169375
44 0.856016 0.539023 0.0233125 0.0215469
44 0.220484 0.517617 0.0240938 0.0222969
44 0.102305 0.519922 0.0217969 0.02025
44 0.331664 0.534289 0.0241094 0.0243594
44 0.780453 0.555953 0.0221562 0.0205
44 0.861516 0.507305 0.0212812 0.0182031
44 0.698922 0.535977 0.025125 0.0243281
44 0.193898 0.450523 0.0351094 0.0306719
44 0.741047 0.49732 0.0107813 0.0154219
44 0.431516 0.537312 0.0223125 0.0223125
44 0.613266 0.519789 0.0238438 0.0248594
44 0.0556719 0.518602 0.024875 0.0246094
44 0.514813 0.519922 0.0238125 0.02425
44 0.209961 0.535758 0.0236406 0.0234219
44 0.878695 0.540047 0.0250469 0.0216875
44 0.948445 0.538711 0.0258906 0.0256406
44 0.408156 0.535883 0.0238438 0.0230781
44 0.491398 0.512016 0.0230781 0.0105
44 0.735633 0.517195 0.0247031 0.0254531
44 0.154461 0.614102 0.0269219 0.0251406
44 0.811922 0.478641 0.025375 0.0295
44 0.915305 0.555516 0.0207656 0.0176875
44 0.369484 0.517875 0.024875 0.0223125
44 0.466344 0.553867 0.0235938 0.0204844
44 0.639602 0.554227 0.0242344 0.0203906
44 0.686398 0.516695 0.0217656 0.0221094
44 0.418938 0.55393 0.0222188 0.0196406
44 0.170516 0.552906 0.0234062 0.0184687
44 0.442359 0.553477 0.0235938 0.0210156
44 0.661523 0.51782 0.0233281 0.0222969
44 0.0834453 0.492469 0.00848437 0.00684375
44 0.892969 0.555445 0.0235938 0.0195469
44 0.936734 0.554234 0.0238438 0.01975
44 0.319516 0.514898 0.0274375 0.0251719
44 0.825828 0.554727 0.022 0.0196719
44 0.105672 0.45357 0.0312187 0.0298906
44 0.0697344 0.499805 0.0238438 0.0230781
44 0.758891 0.519695 0.0228125 0.0222969
44 0.758445 0.554875 0.0228281 0.0189687
44 0.145492 0.552305 0.0225781 0.0184531
44 0.343945 0.551828 0.0247656 0.0223438
44 0.601797 0.622742 0.0261562 0.0289844
44 0.502633 0.53632 0.0231719 0.0218281
44 0.936648 0.523977 0.0222969 0.0222969
44 0.0498516 0.536156 0.0156406 0.015375
44 0.234023 0.535773 0.0237656 0.0234531
44 0.491453 0.520859 0.021375 0.0178125
44 0.0575469 0.473719 0.0289687 0.025375
44 0.870109 0.554875 0.0238438 0.0210313
44 0.207992 0.5 0.0217969 0.0210313
44 0.23968 0.473969 0.0306094 0.028
44 0.843266 0.421914 0.025125 0.0266719
44 0.578008 0.537563 0.0234844 0.0228125
44 0.615031 0.553789 0.0256875 0.0224844
44 0.552758 0.537102 0.0248594 0.0258906
44 0.207875 0.473633 0.033125 0.0292656
44 0.957578 0.5255 0.0220938 0.0237188
44 0.565492 0.55218 0.0266719 0.0222969
44 0.674273 0.535641 0.0253906 0.024625
44 0.63682 0.517922 0.0232656 0.021625
44 0.1235 0.551844 0.0231562 0.0172813
44 0.382102 0.534352 0.0256406 0.0256406
44 0.394594 0.552305 0.025375 0.0220469
44 0.590305 0.553844 0.0233281 0.0210313
44 0.893062 0.523203 0.0238438 0.0217812
44 0.514953 0.553664 0.0244688 0.0201719
44 0.871906 0.522719 0.0220625 0.0211875
44 0.663078 0.553695 0.0250625 0.0227031
44 0.723352 0.535914 0.0248281 0.0265156
44 0.185961 0.500297 0.0238594 0.0225625
44 0.864211 0.442695 0.0287031 0.0269219
44 0.957141 0.555555 0.0243438 0.0170781
44 0.115102 0.500438 0.0230781 0.0233437
44 0.136219 0.535492 0.0246875 0.0254531
44 0.159789 0.536414 0.0246094 0.0241094
44 0.915578 0.523383 0.0222188 0.0211719
44 0.902188 0.540109 0.0225 0.0215
44 0.589727 0.518969 0.0253906 0.0225625
44 0.924625 0.539453 0.02275 0.0215625
44 0.282289 0.535641 0.0233281 0.0240938
44 0.054625 0.551219 0.02275 0.0175625
44 0.196578 0.518203 0.024875 0.024625
44 0.138594 0.500063 0.0248125 0.0238125
44 0.768594 0.539273 0.0213438 0.0227031
44 0.826867 0.521687 0.0216719 0.0219062
44 0.418977 0.518594 0.0215469 0.01975
44 0.0681875 0.536797 0.0212812 0.0212812