59 0.49607 0.253281 0.127672 0.16175
59 0.278086 0.406906 0.246078 0.145812
59 0.245734 0.594477 0.162094 0.225891
59 0.314016 0.348672 0.214 0.163375
59 0.24793 0.496289 0.253703 0.155797
59 0.396391 0.283875 0.176281 0.155875
5 0.473516 0.626023 0.0934062 0.269859
5 0.501898 0.635687 0.107828 0.28425
5 0.376516 0.61068 0.101656 0.268641
5 0.32882 0.610008 0.122109 0.240891
5 0.561203 0.654359 0.107344 0.273844
5 0.692797 0.683469 0.0955938 0.131688
5 0.434281 0.616523 0.0810625 0.285266
5 0.296211 0.606437 0.129516 0.212406
5 0.53243 0.6485 0.114234 0.28325
5 0.594875 0.641242 0.131312 0.245797