1 0.415602 0.629693 0.205078 0.226585
1 0.370766 0.740378 0.128531 0.169346
1 0.395328 0.652423 0.194906 0.215849
1 0.46893 0.382566 0.165891 0.110245
1 0.423258 0.555399 0.265891 0.266012
1 0.539055 0.233333 0.278484 0.22229
1 0.377922 0.676616 0.204562 0.21045
1 0.343266 0.792638 0.140219 0.254928
1 0.447016 0.234233 0.12075 0.102372
1 0.362117 0.724898 0.171641 0.182965
1 0.497203 0.419059 0.240656 0.222209
1 0.453258 0.499683 0.239766 0.2109
1 0.376195 0.710542 0.169422 0.202393
1 0.448914 0.294581 0.130078 0.0780368
1 0.546125 0.240031 0.176563 0.0913906