14 0.35913 0.72976 0.04782 0.08048
14 0.42764 0.2056 0.02196 0.0334933
14 0.28741 0.764613 0.07506 0.110667
14 0.48636 0.199867 0.0812 0.0933867
14 0.2711 0.66308 0.0228 0.07896
14 0.61028 0.576707 0.0464 0.0251467
14 0.54153 0.226293 0.08618 0.0494933
14 0.48357 0.259213 0.16718 0.0552267
14 0.20526 0.681733 0.04644 0.106453
14 0.48509 0.157947 0.0317 0.09616
14 0.52477 0.311133 0.09222 0.0429067
14 0.73052 0.691467 0.03756 0.0254933
14 0.39864 0.24156 0.0196 0.0805067
14 0.29022 0.699013 0.07232 0.124107
14 0.29132 0.446893 0.05596 0.0953867
14 0.66542 0.560253 0.02384 0.0220533
14 0.40072 0.1612 0.0302 0.0105067
14 0.67039 0.62236 0.05674 0.05128
14 0.53543 0.203507 0.02462 0.07128
14 0.38818 0.57632 0.03096 0.132
14 0.62549 0.58888 0.08138 0.02176
14 0.46331 0.213813 0.02018 0.0392
14 0.50345 0.17804 0.01134 0.0417867
14 0.24177 0.621547 0.12686 0.0632
14 0.45338 0.1832 0.08016 0.11536
14 0.45743 0.178467 0.0399 0.08968
14 0.38146 0.15344 0.1186 0.0243733
14 0.51664 0.162107 0.02116 0.0143467
14 0.56829 0.343307 0.01862 0.03312
14 0.45926 0.135093 0.02164 0.0342933
44 0.25907 0.393467 0.12662 0.246933