38 0.7823 0.616267 0.3792 0.238187
38 0.20123 0.83176 0.38226 0.33648
38 0.57748 0.745387 0.08096 0.104107
38 0.08351 0.439147 0.07098 0.0853867
38 0.06627 0.515893 0.0417 0.0427733
38 0.0193 0.332027 0.0386 0.10304
38 0.9654 0.458947 0.06772 0.14888
38 0.08009 0.583227 0.03058 0.12608
59 0.41225 0.5344 0.34794 0.304853
59 0.16201 0.28628 0.09038 0.0458933
59 0.7273 0.41276 0.285 0.186533
59 0.23614 0.338067 0.04056 0.0966667
59 0.89768 0.0552533 0.04712 0.0473067
59 0.09865 0.547667 0.0273 0.156187
59 0.27397 0.577547 0.09218 0.135947