14 0.771977 0.903642 0.217391 0.0379625
14 0.467938 0.988208 0.0658125 0.0235831
14 0.548828 0.531815 0.102625 0.141616
14 0.782648 0.921405 0.0742031 0.0385012
14 0.627164 0.927049 0.273328 0.0638407
14 0.727531 0.776288 0.347 0.146206
14 0.8205 0.837424 0.0685937 0.0508665
14 0.666055 0.810269 0.370953 0.0984778
14 0.470266 0.43555 0.103844 0.0822482
14 0.69725 0.877084 0.389625 0.0488759
14 0.413609 0.628173 0.245594 0.371101
14 0.491102 0.464614 0.0637656 0.0512881
14 0.565797 0.927564 0.138281 0.0915222
14 0.556695 0.582108 0.134672 0.171101
14 0.858141 0.915117 0.0801562 0.0263466
14 0.876055 0.772763 0.0711094 0.0963934
14 0.414492 0.992014 0.0286094 0.0152225
14 0.623977 0.844169 0.237734 0.0414052
14 0.727266 0.963548 0.261937 0.0709368
14 0.553805 0.477658 0.0696406 0.0938642
14 0.488453 0.889567 0.0362188 0.0418033
14 0.4785 0.9776 0.105 0.0446136
14 0.861977 0.842881 0.0411094 0.0618735