14 0.480622 0.60673 0.0265493 0.0549
14 0.308369 0.76286 0.0345775 0.12372
14 0.244261 0.80588 0.0657042 0.11332
14 0.42757 0.67497 0.0352347 0.06002
14 0.315153 0.76706 0.0208685 0.04372
14 0.460246 0.74102 0.0326526 0.07056
14 0.597946 0.71385 0.0855634 0.10202
14 0.37331 0.74232 0.0403286 0.11384
14 0.446068 0.77018 0.0481925 0.1292
14 0.729554 0.75108 0.125728 0.13488
14 0.630692 0.73844 0.106221 0.16664
14 0.429965 0.80153 0.0602582 0.08242
14 0.541385 0.63145 0.0548357 0.0635
14 0.34358 0.73272 0.0374413 0.04204
14 0.604789 0.6626 0.0779343 0.07404
14 0.528662 0.68042 0.0412207 0.08356
14 0.382946 0.7778 0.0753286 0.1018
14 0.239413 0.78172 0.0492488 0.09648
14 0.335739 0.79369 0.0472535 0.24178
14 0.141737 0.8188 0.228357 0.19588
14 0.617817 0.64854 0.0632394 0.08068
14 0.274331 0.80116 0.0464085 0.10528
14 0.300786 0.61542 0.0481925 0.02856
14 0.444413 0.66232 0.0377934 0.02916
14 0.494542 0.69968 0.0324178 0.0582