14 0.71003 0.613293 0.05634 0.0417867
14 0.57142 0.43816 0.0316 0.0498667
14 0.51007 0.39532 0.0447 0.07272
14 0.64767 0.178867 0.04978 0.0509067
14 0.58374 0.516827 0.04344 0.08384
14 0.523 0.206547 0.06392 0.0822667
14 0.66632 0.417667 0.04456 0.04984
14 0.59839 0.266253 0.04214 0.0686133
14 0.6407 0.219613 0.05408 0.0441867
14 0.68864 0.506093 0.0406 0.06552
14 0.71157 0.35172 0.05354 0.0667467
14 0.62582 0.32324 0.0592 0.0697867
38 0.42044 0.579067 0.07076 0.14288
38 0.4569 0.252027 0.07644 0.233813
38 0.53743 0.08932 0.07446 0.0630133
38 0.80564 0.544707 0.1216 0.183173
38 0.61087 0.713867 0.2041 0.15072
38 0.6154 0.126533 0.02012 0.0456533
38 0.78639 0.36168 0.0863 0.202667
38 0.75804 0.323267 0.07288 0.0846667
38 0.77526 0.374413 0.0524 0.1068
38 0.5946 0.565507 0.10388 0.118213
38 0.51411 0.527013 0.04866 0.145387
38 0.49386 0.204387 0.10764 0.208187
38 0.76285 0.57404 0.1183 0.183547
38 0.60363 0.194467 0.0409 0.0448267
38 0.72373 0.454653 0.07514 0.111067
38 0.4465 0.64588 0.1004 0.15448
38 0.52513 0.695827 0.06554 0.05112
38 0.74193 0.21932 0.16078 0.208933
38 0.51316 0.633613 0.06344 0.109627
38 0.5962 0.65212 0.07356 0.0657867
38 0.69249 0.147867 0.0525 0.112053