1 0.172448 0.477078 0.0683542 0.0267812
1 0.459458 0.697562 0.176083 0.125375
1 0.421604 0.420516 0.0184583 0.0128125
1 0.752469 0.3875 0.176479 0.119687
1 0.634073 0.356039 0.124521 0.106141
1 0.671333 0.773922 0.216 0.121375
1 0.373906 0.761273 0.185188 0.113328
1 0.355521 0.941609 0.210167 0.106625
1 0.750917 0.288719 0.176417 0.111781
1 0.553427 0.877422 0.179396 0.156313
1 0.357188 0.351484 0.1165 0.0455625
1 0.278708 0.848219 0.204583 0.121063
1 0.477167 0.391695 0.0705417 0.0525781
1 0.327042 0.438258 0.0515833 0.0353906
1 0.276104 0.461758 0.0324167 0.0313281
1 0.175104 0.461438 0.0370417 0.0127188
1 0.242062 0.377578 0.0877917 0.0658438
1 0.23801 0.429109 0.108729 0.0587188
1 0.254823 0.434352 0.110479 0.0541719
1 0.48251 0.357617 0.0578125 0.0425781
1 0.40825 0.350867 0.103625 0.0322656
1 0.392469 0.438656 0.0889792 0.0312812
1 0.656792 0.262781 0.123417 0.100781
1 0.440823 0.38257 0.0355625 0.0317969
1 0.258854 0.437883 0.103583 0.0450156
1 0.291948 0.386453 0.0371875 0.0287187
1 0.33876 0.41507 0.0953125 0.0388906
1 0.328687 0.460508 0.0335 0.0169219
1 0.297125 0.455945 0.024625 0.0342344
1 0.217594 0.420172 0.111562 0.0482812
1 0.423135 0.410938 0.0421875 0.021875
1 0.418021 0.356922 0.102708 0.0470313
1 0.234406 0.468414 0.0697708 0.0361406