61 0.395594 0.30876 0.0955312 0.225729
61 0.405086 0.399135 0.0939531 0.218062
61 0.337242 0.30176 0.0619219 0.206229
61 0.396555 0.346104 0.0942031 0.223708
61 0.542 0.358854 0.133313 0.261
61 0.393867 0.184854 0.0934844 0.133417
61 0.474125 0.230448 0.0425937 0.0858542
61 0.462766 0.356542 0.0549375 0.216667
38 0.694242 0.700979 0.0813594 0.13525
38 0.886953 0.599865 0.0796875 0.231563
38 0.857375 0.725583 0.034125 0.0391667
38 0.797203 0.454604 0.0126562 0.01025
38 0.773422 0.777531 0.0629375 0.0335208