11 0.171039 0.672287 0.0561094 0.0579863
11 0.475523 0.879198 0.0907969 0.0723208
11 0.246961 0.593217 0.0994531 0.087628
11 0.100492 0.696834 0.0226094 0.0447952
11 0.206281 0.930956 0.0700313 0.0712287
11 0.103891 0.794863 0.100063 0.0706826
11 0.400586 0.612944 0.126422 0.0431911
11 0.20357 0.826135 0.101859 0.0817918
11 0.149609 0.855077 0.0372813 0.0781399
11 0.259461 0.662739 0.0867656 0.0740102
11 0.0966562 0.744352 0.0626875 0.0619454
11 0.381227 0.911621 0.0695469 0.0983276
11 0.286539 0.716647 0.0825781 0.0712116
11 0.418156 0.692944 0.0739062 0.0587543
11 0.321375 0.579258 0.0514375 0.0818259
11 0.434203 0.562927 0.107344 0.0417918
11 0.316437 0.666749 0.0931875 0.0769795
11 0.140234 0.726758 0.0610313 0.0574744
32 0.881789 0.149539 0.127297 0.157986
32 0.436008 0.41965 0.131609 0.103771
32 0.776625 0.183652 0.170187 0.122082
32 0.858586 0.266536 0.144641 0.102218
32 0.571133 0.128456 0.107203 0.1393
32 0.776414 0.11448 0.0800469 0.041314
32 0.544406 0.436348 0.112781 0.0701706
32 0.517 0.356544 0.0971875 0.141109
32 0.751555 0.410998 0.0918906 0.10814
32 0.645539 0.220367 0.0946094 0.110836
32 0.915477 0.329215 0.139703 0.138874
32 0.86568 0.414778 0.143047 0.0966212
32 0.527875 0.239804 0.0672188 0.121075
32 0.794508 0.31686 0.125016 0.14587
32 0.388633 0.429573 0.110047 0.0863823
32 0.481312 0.16436 0.116437 0.11971
32 0.573117 0.27942 0.117016 0.170887
32 0.690477 0.108328 0.0983281 0.109932
32 0.701641 0.306775 0.09625 0.121092
32 0.739344 0.251075 0.0972187 0.0551536
32 0.655375 0.389428 0.123156 0.159608
32 0.614234 0.339138 0.0813438 0.130017
32 0.640102 0.131143 0.0502031 0.082901
32 0.442688 0.296681 0.138719 0.163396
14 0.288344 0.413771 0.0385625 0.0746075
14 0.104086 0.247671 0.127453 0.331143
14 0.397242 0.164556 0.107391 0.196655
14 0.345703 0.323285 0.0933438 0.302167
14 0.319398 0.245956 0.0840781 0.296075
14 0.260211 0.264684 0.119141 0.305546
14 0.19993 0.230538 0.124734 0.315307
14 0.243742 0.45593 0.129578 0.0387201
14 0.147641 0.287474 0.100469 0.370205
14 0.228938 0.266195 0.124 0.326246
14 0.171914 0.425913 0.0244844 0.0293345
14 0.249203 0.426544 0.0436563 0.0695734
14 0.215398 0.422935 0.0327656 0.0266212