33 0.328922 0.513081 0.03825 0.131906
33 0.167914 0.593251 0.121641 0.208695
33 0.439391 0.887311 0.352906 0.222298
33 0.418414 0.74671 0.321922 0.50658
33 0.37593 0.630744 0.328016 0.292089
33 0.158289 0.84718 0.0652969 0.0767102
33 0.498133 0.865953 0.216109 0.166214
33 0.362414 0.539008 0.103422 0.220992
33 0.461203 0.901005 0.038 0.19799
33 0.146633 0.637415 0.0480156 0.0818799
33 0.320688 0.921789 0.206156 0.0365274
33 0.220961 0.72654 0.138391 0.524778
33 0.276234 0.519674 0.085125 0.15047
33 0.49832 0.667311 0.183734 0.342768
33 0.66868 0.932037 0.105641 0.121358
33 0.437727 0.616371 0.219266 0.123916
33 0.406844 0.982141 0.0718125 0.035718
33 0.445922 0.751802 0.350687 0.285274
33 0.455703 0.676684 0.117031 0.133681
33 0.2995 0.817102 0.039 0.214778
33 0.131117 0.678773 0.0292656 0.0509661
33 0.542148 0.720496 0.0398281 0.0643342
33 0.618609 0.962389 0.085 0.0752219
33 0.228898 0.462402 0.0415156 0.0325849
33 0.262562 0.482467 0.0457188 0.0922454
33 0.198367 0.70077 0.0796094 0.154021
33 0.5385 0.709021 0.0813438 0.105405
33 0.454383 0.51846 0.0591406 0.0999478
33 0.229148 0.444399 0.0968594 0.0490078
33 0.128187 0.363877 0.055875 0.149112
33 0.222453 0.501945 0.259656 0.336632
33 0.59682 0.827937 0.0318594 0.0646475
33 0.151148 0.729634 0.0282969 0.0493473
33 0.668211 0.919099 0.124547 0.0854569
33 0.160852 0.715366 0.164016 0.381802
8 0.787344 0.28735 0.072375 0.109008
8 0.652445 0.257441 0.0788906 0.051436
8 0.773914 0.623577 0.0395781 0.04047
8 0.799492 0.500065 0.0382344 0.0823238
8 0.729117 0.314765 0.100234 0.145666
8 0.51607 0.176057 0.0358906 0.0639164
8 0.632984 0.68389 0.0239063 0.0234465
8 0.596547 0.440822 0.0486562 0.156319
14 0.232813 0.39846 0.0832187 0.0721149
14 0.391625 0.0992298 0.0752188 0.187285
14 0.836805 0.586893 0.138859 0.183446
14 0.670992 0.568551 0.136516 0.206658
14 0.47007 0.296567 0.0665469 0.113394
14 0.727977 0.31953 0.102453 0.136188
14 0.735367 0.780614 0.197484 0.227232
14 0.772687 0.422572 0.1645 0.162637
14 0.515828 0.173773 0.0386875 0.0646214
14 0.784359 0.282546 0.068875 0.0961619
14 0.546484 0.310431 0.050375 0.076423