59 0.302875 0.821219 0.165528 0.0322812
59 0.467028 0.806578 0.0811111 0.026125
59 0.495042 0.240758 0.162417 0.0175156
38 0.402292 0.869508 0.149861 0.0569844
38 0.643389 0.853031 0.169278 0.174063
38 0.291417 0.179313 0.0978333 0.0401875
38 0.737819 0.786211 0.132139 0.102453
38 0.972333 0.735031 0.0553333 0.04275
38 0.751722 0.237656 0.0506111 0.0755313
38 0.869042 0.813141 0.0618056 0.0670313
38 0.272972 0.842992 0.116056 0.0535781
38 0.051125 0.869234 0.09025 0.117438
38 0.694236 0.26775 0.0656389 0.04
38 0.500694 0.266844 0.036 0.03
38 0.394153 0.256922 0.0560833 0.0189687
38 0.293 0.247117 0.0992222 0.0534531
38 0.597583 0.251328 0.0834444 0.024375
38 0.526278 0.142617 0.0825 0.0635781
38 0.431417 0.148461 0.126722 0.0471719
38 0.384236 0.24718 0.101639 0.0133281