14 0.235625 0.704296 0.0239688 0.0799061
14 0.347719 0.706725 0.0123125 0.034061
14 0.440992 0.555117 0.0437656 0.0577465
14 0.260516 0.677641 0.034125 0.0863146
14 0.288266 0.779613 0.0546562 0.0602582
14 0.292883 0.677829 0.0536406 0.094108
14 0.327984 0.7 0.0278438 0.0179343
14 0.284062 0.743204 0.0753438 0.0651408
14 0.337578 0.67007 0.0383437 0.0406573
14 0.318227 0.674437 0.0549844 0.029108
14 0.285813 0.703862 0.047625 0.0750469
14 0.295336 0.7302 0.0111094 0.0125587
14 0.22532 0.704108 0.00598438 0.0451174
14 0.24593 0.748028 0.0267656 0.034554
14 0.29832 0.621714 0.0433906 0.041784
14 0.276719 0.78885 0.0495 0.0730516