34 0.427195 0.233173 0.0218906 0.0388525
34 0.851375 0.326077 0.0211875 0.0428337
34 0.464297 0.314415 0.0531563 0.0539344
34 0.316203 0.304052 0.0270625 0.0384543
34 0.683266 0.124953 0.0280313 0.0197424
34 0.681188 0.358208 0.0429062 0.0969321
34 0.621805 0.185515 0.0537969 0.0571194
34 0.680078 0.142155 0.0349687 0.0331616
34 0.276672 0.386148 0.0377813 0.0466745
34 0.766195 0.190433 0.0463281 0.0571663
34 0.742023 0.195199 0.0138906 0.0470258
34 0.648586 0.246651 0.0501094 0.049274
34 0.550117 0.0988759 0.0647344 0.0761593
34 0.880672 0.466066 0.0491562 0.0390164
34 0.609812 0.293384 0.0528125 0.0333255
34 0.418063 0.340304 0.045875 0.0667916
34 0.562594 0.16952 0.0469375 0.0666745
34 0.580359 0.327108 0.0309375 0.0601171
34 0.806141 0.53192 0.068375 0.0946136
34 0.782289 0.279742 0.0288906 0.0343794
34 0.257133 0.485703 0.0400156 0.0567916
34 0.553422 0.143384 0.0693125 0.0576815
34 0.485672 0.618208 0.0671875 0.12822
34 0.61293 0.152986 0.0502969 0.0459251
34 0.761211 0.302494 0.0247969 0.0592272
34 0.88007 0.443197 0.0305156 0.0419438
34 0.476906 0.168197 0.0305937 0.0394848
34 0.434766 0.176628 0.0215312 0.0418267