44 0.683086 0.474435 0.160609 0.247082
44 0.462805 0.308176 0.0260469 0.0384706
44 0.97325 0.100847 0.0105313 0.0167059
44 0.855148 0.591882 0.0112344 0.0153882
44 0.875625 0.320753 0.009875 0.0159059
44 0.909727 0.314129 0.0112344 0.0177176
44 0.26193 0.491894 0.0430781 0.0595059
44 0.141047 0.488059 0.04375 0.0595059
44 0.391297 0.564447 0.0468125 0.0569412
44 0.00928125 0.669824 0.0149375 0.0139059
44 0.828461 0.318882 0.0107031 0.0135765
44 0.145812 0.333294 0.0291563 0.0448941
44 0.889031 0.311694 0.0138437 0.0197647
44 0.851047 0.299165 0.0118125 0.0196
44 0.0627422 0.298447 0.0308281 0.0361882
44 0.9215 0.574976 0.009375 0.0144235
44 0.985984 0.200271 0.0154375 0.0212
44 0.890805 0.494647 0.0164219 0.0210118
44 0.921047 0.250682 0.010375 0.0166588
44 0.767523 0.5346 0.0158281 0.0189882
44 0.883023 0.289871 0.0133906 0.0198824
44 0.0409062 0.485494 0.04175 0.0523529
44 0.929695 0.0890118 0.0196719 0.0229176
44 0.355367 0.316671 0.0685469 0.106235
44 0.0210469 0.313576 0.0420937 0.0966588
44 0.992875 0.0923412 0.013 0.0227529
44 0.950984 0.404553 0.0139687 0.0198353
44 0.908047 0.325071 0.0114062 0.0139529
44 0.667109 0.795271 0.0203125 0.0272941
44 0.817914 0.3636 0.0126094 0.0153882
44 0.979641 0.0906588 0.00884375 0.0153882
44 0.971906 0.0836118 0.0102813 0.0172
44 0.316125 0.619847 0.0107188 0.0215294
44 0.919633 0.429765 0.0119219 0.0164235
44 0.00851563 0.733612 0.0155 0.0361647
44 0.964664 0.113871 0.0142969 0.0212941
44 0.428883 0.978388 0.0117344 0.0192235
44 0.640781 0.745718 0.0165937 0.0187294
44 0.105008 0.763859 0.0282344 0.0328