37 0.876583 0.530711 0.0605833 0.0369219
37 0.829208 0.546156 0.0355417 0.0389688
37 0.957104 0.43843 0.0259167 0.0142344
37 0.607927 0.676281 0.0741875 0.0489687
37 0.403927 0.814109 0.0422292 0.0286875
37 0.831854 0.506539 0.0465 0.0489844
37 0.6015 0.803187 0.0713333 0.045375
37 0.975302 0.525391 0.0493958 0.054875
37 0.951542 0.595633 0.074375 0.0421094
37 0.857094 0.471078 0.0704375 0.0487187
37 0.428865 0.607688 0.0724792 0.0538438
37 0.510354 0.665633 0.081875 0.0523594
37 0.985302 0.481477 0.0293958 0.0382344
37 0.894594 0.436203 0.0636042 0.0471875
37 0.881281 0.581711 0.0658542 0.0256719
37 0.393146 0.591539 0.0570833 0.0502656
37 0.676781 0.808648 0.0596875 0.0394219
37 0.875 0.56075 0.071875 0.0372188
37 0.955781 0.500633 0.0324792 0.0269219
37 0.492823 0.629695 0.0268958 0.0244844
37 0.842292 0.448477 0.05 0.0424219
37 0.468687 0.703719 0.0700833 0.0492187
37 0.945969 0.464969 0.0686042 0.0503437
37 0.911729 0.502664 0.068375 0.0533281
37 0.361021 0.669891 0.058625 0.0474062
37 0.303406 0.696227 0.0505625 0.0477969
37 0.755104 0.734352 0.0830833 0.0656406
37 0.724177 0.593828 0.0526875 0.0215938
37 0.885104 0.489234 0.0512917 0.0476875
37 0.942021 0.520898 0.0229167 0.0207656
37 0.419937 0.66618 0.0615 0.0392969
37 0.728542 0.62493 0.0752083 0.0543594
37 0.695667 0.650586 0.0479167 0.0441406
37 0.323146 0.61625 0.077625 0.0637812
37 0.713479 0.846539 0.0382917 0.0402656
37 0.584521 0.656898 0.0629167 0.0451406
37 0.531771 0.761797 0.0817083 0.064625
37 0.286896 0.762781 0.08 0.0676875
37 0.983229 0.438203 0.0331667 0.04975
37 0.266802 0.707922 0.0506875 0.0409375
37 0.604333 0.731156 0.087875 0.0628125
37 0.947156 0.555766 0.0841042 0.0510312
37 0.545333 0.62 0.0757917 0.05425
37 0.613792 0.858094 0.0565833 0.0548438
37 0.654333 0.653891 0.0776667 0.0536563
37 0.612375 0.615602 0.06875 0.0600469
37 0.76424 0.789211 0.0488958 0.0430781
37 0.491771 0.856289 0.0577917 0.0530781
37 0.986458 0.593508 0.0249583 0.0243594
37 0.743219 0.821703 0.0693958 0.0474062
37 0.681208 0.69825 0.0902917 0.056625
37 0.672875 0.851367 0.0833333 0.0566406
37 0.395698 0.745516 0.0714375 0.0423125
44 0.492427 0.856508 0.0605208 0.0535156
44 0.36024 0.784695 0.0805208 0.0550781
44 0.557906 0.70868 0.0733542 0.0593906
44 0.50474 0.709031 0.0368125 0.0372813
44 0.594865 0.822195 0.0657708 0.0474219
44 0.355115 0.759453 0.0616875 0.0272188
44 0.461177 0.767555 0.0652292 0.0516094
44 0.360938 0.669641 0.0576667 0.0467187
44 0.647198 0.772961 0.0659375 0.0447656
44 0.674833 0.851594 0.0834167 0.0564063
44 0.418354 0.847852 0.065375 0.0486406
44 0.753937 0.734609 0.0815417 0.0660937
44 0.681052 0.698461 0.0927708 0.0578281
44 0.393615 0.591773 0.0584792 0.0483594
44 0.674177 0.608008 0.0578125 0.0488281
44 0.739292 0.678563 0.0703333 0.0554375
44 0.729344 0.625 0.0770208 0.0540937
44 0.655115 0.653453 0.0794792 0.050125
44 0.414302 0.778594 0.0521875 0.05
44 0.49299 0.632578 0.0258125 0.0277813
44 0.717083 0.777266 0.068375 0.0507812
44 0.323594 0.616016 0.0760208 0.0627188
44 0.556427 0.862539 0.0764375 0.0577344
44 0.304844 0.813078 0.0642708 0.055375
44 0.545271 0.61982 0.078125 0.0552969
44 0.285677 0.763367 0.0793958 0.0654531
44 0.460073 0.738812 0.0617292 0.0320312
44 0.35126 0.716922 0.0697292 0.0559063
44 0.428979 0.607797 0.0730417 0.0534063
44 0.39724 0.744078 0.0691042 0.044375
44 0.607396 0.676297 0.073 0.049
44 0.582562 0.657742 0.0622083 0.0451406
44 0.742885 0.820898 0.0693958 0.0494844
44 0.693073 0.741984 0.0646042 0.0500313
44 0.725073 0.592328 0.0514375 0.0200625
44 0.419104 0.66618 0.0625 0.0394531
44 0.611344 0.615133 0.0697292 0.0594844
44 0.525281 0.813383 0.0827708 0.0532656
44 0.581854 0.773078 0.0468333 0.0338437
44 0.274344 0.661375 0.0740625 0.0555625
44 0.457958 0.672438 0.0468333 0.0335937
44 0.416198 0.711688 0.0643125 0.0511563
44 0.455542 0.634375 0.0649583 0.0509063
44 0.676177 0.808695 0.0591458 0.0394844
44 0.506469 0.739492 0.0519792 0.0379531
44 0.510958 0.665242 0.0836667 0.0532031
44 0.404052 0.81325 0.0459792 0.0305
44 0.613469 0.857688 0.0574375 0.0538438
44 0.285021 0.594609 0.047625 0.048625
44 0.604427 0.73168 0.0884792 0.0627969
44 0.532344 0.762016 0.0830625 0.0634375
44 0.764417 0.789492 0.0461667 0.0420469
44 0.605896 0.772117 0.022125 0.0245469
44 0.643156 0.817797 0.0317708 0.0355
44 0.499156 0.58968 0.0802292 0.0605469
44 0.454271 0.81557 0.0612083 0.0543594
44 0.290917 0.735125 0.072125 0.0364063
44 0.539427 0.592758 0.0185208 0.0168594
44 0.647646 0.590219 0.05675 0.034
44 0.468865 0.70375 0.0704375 0.049
44 0.301104 0.696352 0.0499167 0.0466719
44 0.57201 0.572516 0.0693542 0.049375
44 0.363365 0.836313 0.0762708 0.0482812
44 0.265615 0.707922 0.0523125 0.0409687
44 0.468344 0.581766 0.0413958 0.0381875
44 0.387417 0.636148 0.0635833 0.0420469
44 0.603469 0.803148 0.0710208 0.0448281
6 0.405865 0.130117 0.112188 0.0464531
6 0.410312 0.142562 0.133333 0.0266562
6 0.390031 0.168211 0.0750208 0.0411406
6 0.453604 0.179297 0.05625 0.0210938
6 0.344438 0.19607 0.044375 0.0568281
6 0.430604 0.192211 0.056 0.0307656
6 0.391625 0.195055 0.0605 0.0566719
6 0.413135 0.157172 0.110896 0.0352188
6 0.369583 0.129836 0.0921667 0.0392969