11 0.906797 0.224729 0.186406 0.389412
11 0.71175 0.241176 0.217531 0.384659
11 0.973859 0.411706 0.0508438 0.109435
11 0.634914 0.421953 0.177141 0.154965
11 0.86782 0.501753 0.264359 0.254282
52 0.456359 0.244353 0.1465 0.160612
52 0.344039 0.0283294 0.139234 0.0566588
52 0.531813 0.0582588 0.0648125 0.109647
52 0.52075 0.232435 0.150156 0.155694
52 0.63525 0.152318 0.120313 0.290518
52 0.522484 0.0911176 0.0655 0.135788
52 0.430523 0.105376 0.111891 0.134
52 0.559508 0.0989882 0.0614219 0.160941
52 0.198562 0.214435 0.149938 0.137247
52 0.360008 0.226953 0.0724219 0.150235
52 0.273945 0.110412 0.144797 0.171082
14 0.900914 0.433988 0.120172 0.0911765
14 0.590211 0.695776 0.140984 0.139224
14 0.981117 0.626165 0.0367969 0.0546824
14 0.466375 0.350176 0.087125 0.310894
14 0.691555 0.520071 0.0616094 0.0616
14 0.866633 0.716976 0.0850156 0.311318
14 0.411109 0.310388 0.0558438 0.103318
14 0.354242 0.261671 0.0544844 0.131012
14 0.538 0.456082 0.108219 0.290988
14 0.777828 0.734482 0.103469 0.260212
14 0.569711 0.519741 0.208953 0.0940706
14 0.954359 0.578529 0.0902188 0.0899529
14 0.336641 0.325518 0.163156 0.231271
14 0.791867 0.394247 0.0456719 0.0547059
14 0.543617 0.642035 0.0752344 0.0794118
14 0.706766 0.686188 0.0737812 0.157082
14 0.621625 0.790106 0.117156 0.385624
14 0.910266 0.6364 0.174281 0.253506
14 0.429734 0.981071 0.0836875 0.0378588
14 0.487578 0.280024 0.0476562 0.0909647