11 0.317102 0.191616 0.114734 0.14655
11 0.542648 0.815862 0.0948906 0.205917
11 0.428445 0.610993 0.102203 0.210764
11 0.522664 0.307893 0.127609 0.161943
11 0.436562 0.80369 0.202125 0.226376
11 0.0740234 0.516201 0.144172 0.183493
11 0.386922 0.185448 0.127844 0.234039
11 0.121859 0.461943 0.0798438 0.0878166
11 0.443461 0.366299 0.0954531 0.123603
11 0.575836 0.60643 0.126422 0.192598
11 0.163055 0.382063 0.129891 0.192162
11 0.196547 0.526245 0.133875 0.136725
11 0.526523 0.638963 0.140453 0.182904
11 0.27818 0.425753 0.107109 0.119454
11 0.230922 0.3031 0.161844 0.13524
11 0.700945 0.540972 0.131984 0.192336
11 0.459336 0.211725 0.0938594 0.12607
11 0.379867 0.525841 0.109203 0.139498
11 0.477102 0.115066 0.108172 0.0884716
11 0.481578 0.414017 0.0584063 0.0894323
11 0.214367 0.680459 0.144984 0.216725