44 0.324477 0.346046 0.191536 0.111144
44 0.16558 0.18473 0.153938 0.221846
44 0.295408 0.157124 0.11549 0.118889
44 0.371757 0.22674 0.0971732 0.22299
44 0.138333 0.324747 0.0930719 0.0920425
44 0.317623 0.255972 0.0479575 0.0974346
44 0.220694 0.251332 0.172173 0.224101
33 0.690172 0.202002 0.0608987 0.0288072
33 0.656544 0.153864 0.206291 0.0479248
33 0.573922 0.335882 0.0818954 0.12
33 0.64665 0.233717 0.0464052 0.192042
33 0.759175 0.300882 0.131748 0.0843137
33 0.591691 0.252557 0.161977 0.233415
33 0.668578 0.352721 0.138203 0.0647876
33 0.572132 0.271797 0.109722 0.207876
33 0.54125 0.291503 0.075768 0.075
33 0.805376 0.189902 0.0516667 0.166667
33 0.646699 0.386127 0.16915 0.0309804
33 0.521397 0.267328 0.0324673 0.171814
33 0.601095 0.114918 0.0751307 0.0312092
33 0.73442 0.215319 0.136585 0.152598
33 0.791136 0.340515 0.0287092 0.0805065
33 0.697525 0.134828 0.081585 0.0712255
33 0.647288 0.33768 0.123235 0.0729085
33 0.744044 0.236846 0.0958987 0.0858824