23 0.0902422 0.710656 0.178109 0.112688
23 0.707484 0.0666563 0.06275 0.0942292
23 0.0565937 0.703677 0.113187 0.0563958
23 0.0409141 0.175802 0.0818281 0.0903542
23 0.649609 0.151781 0.0244062 0.0809792
23 0.0630938 0.749708 0.126188 0.0775417
23 0.846742 0.741719 0.0423594 0.0819792
23 0.801945 0.726229 0.0499531 0.0652083
54 0.750273 0.472365 0.317422 0.543854
54 0.0409922 0.570479 0.0819844 0.183833
54 0.0763828 0.0912708 0.151984 0.177708
54 0.727617 0.13099 0.127891 0.121479
54 0.0268281 0.192542 0.0536563 0.0781667