1 0.0574219 0.929875 0.0434375 0.0805
1 0.0331328 0.904833 0.0611094 0.0838333
1 0.0692891 0.882625 0.0165156 0.0235417
6 0.383367 0.336604 0.186391 0.413125
6 0.442977 0.736135 0.152172 0.396687
6 0.768219 0.652792 0.131469 0.395833
6 0.516906 0.18724 0.252844 0.335187
6 0.502594 0.151156 0.0975625 0.115354
6 0.679844 0.688021 0.092875 0.418542
6 0.307563 0.316292 0.195719 0.356917
6 0.759883 0.199323 0.131984 0.369604
6 0.479867 0.164802 0.0634844 0.106104
6 0.569328 0.357042 0.105219 0.0816667
6 0.291344 0.323104 0.196469 0.351875
6 0.483828 0.588146 0.0617812 0.115583
6 0.292477 0.739563 0.259984 0.380333
6 0.509273 0.69199 0.117953 0.369021
6 0.632633 0.188667 0.190016 0.346417
6 0.724781 0.667875 0.149969 0.394083
6 0.656172 0.35051 0.0313437 0.0349375
6 0.251031 0.712115 0.290063 0.353313
6 0.630938 0.673375 0.104313 0.420167
6 0.449477 0.135083 0.0240469 0.0842083
6 0.362563 0.760698 0.240906 0.444937
6 0.713008 0.201875 0.0836719 0.334917
6 0.474672 0.383781 0.114844 0.124854
6 0.445797 0.335427 0.139063 0.407896
6 0.59668 0.652073 0.150641 0.387354
6 0.375617 0.590635 0.0441094 0.101604
6 0.447477 0.548417 0.0218594 0.052125
6 0.518539 0.54176 0.102422 0.0722292
6 0.704242 0.175458 0.0822969 0.331417