6 0.113508 0.456089 0.163172 0.459766
6 0.547078 0.481792 0.115594 0.384333
6 0.245484 0.378454 0.106719 0.163326
6 0.373172 0.367201 0.0664062 0.291311
6 0.39957 0.554403 0.103891 0.49363
6 0.275539 0.507892 0.0983281 0.262295
6 0.236906 0.470047 0.177375 0.295785
6 0.0648672 0.413618 0.121203 0.349859
6 0.0477656 0.347576 0.0900625 0.22541
6 0.306945 0.377728 0.0903594 0.190351
6 0.322578 0.514157 0.0628438 0.229344
6 0.452656 0.541475 0.073 0.446323
6 0.521484 0.538326 0.0995938 0.443208
1 0.433922 0.815328 0.12175 0.160913
1 0.037375 0.850258 0.066625 0.159859
1 0.174695 0.866112 0.135016 0.195972
1 0.0755625 0.930609 0.142375 0.126604
1 0.224031 0.933255 0.159812 0.120562
1 0.37593 0.908864 0.141672 0.168782
1 0.305031 0.854005 0.124031 0.207635
1 0.316797 0.7174 0.0949688 0.114379
1 0.314578 0.651054 0.0667813 0.0505386
52 0.832563 0.610445 0.119969 0.173536
52 0.744469 0.559239 0.0659375 0.0690164
52 0.663711 0.633443 0.0807031 0.150351
52 0.638344 0.527119 0.0449688 0.0966745
52 0.745297 0.735504 0.179 0.171007
52 0.903477 0.78363 0.184641 0.182389
52 0.808789 0.829356 0.0490156 0.0561358
52 0.786813 0.497845 0.07575 0.0978923
52 0.910086 0.588642 0.0753594 0.207588
52 0.934437 0.676674 0.098625 0.178454
48 0.0981563 0.729871 0.144594 0.285644
48 0.218836 0.692822 0.137109 0.169813