11 0.459516 0.357699 0.227594 0.213855
11 0.372547 0.172862 0.372812 0.321145
11 0.820859 0.419241 0.353437 0.467921
11 0.792063 0.774019 0.270875 0.179252
11 0.528477 0.629696 0.366953 0.297383
11 0.0807422 0.205888 0.125984 0.079486
11 0.0606719 0.213773 0.121344 0.25236
15 0.0977813 0.366215 0.192312 0.235748
15 0.272414 0.710783 0.177422 0.240537
15 0.147945 0.767944 0.237297 0.431308
15 0.570672 0.466449 0.219469 0.208411
15 0.220586 0.477079 0.116547 0.263178
15 0.56593 0.26125 0.0841094 0.124089