50 0.249627 0.63402 0.162293 0.04148
50 0.19188 0.68288 0.146907 0.06588
14 0.455787 0.50409 0.0581867 0.02502
14 0.381853 0.52403 0.00589333 0.01462
14 0.44604 0.4608 0.03272 0.02116
14 0.35616 0.57712 0.0146133 0.02128
14 0.458133 0.47559 0.0072 0.01238
14 0.36968 0.4702 0.00496 0.00944
14 0.43376 0.58278 0.02496 0.01444
14 0.46856 0.49938 0.0216 0.01052
14 0.31712 0.50352 0.02 0.00996
14 0.539413 0.49314 0.00794667 0.00612
14 0.333053 0.53373 0.0257867 0.01346
14 0.5032 0.45168 0.01312 0.02104
14 0.42164 0.4931 0.01592 0.00576
14 0.457507 0.43857 0.0345867 0.01514
14 0.463787 0.48252 0.04672 0.01548
14 0.404453 0.44104 0.0135467 0.01268
38 0.50724 0.43223 0.193467 0.05982
38 0.240827 0.80535 0.180853 0.18246
38 0.368027 0.83058 0.0975467 0.11128
38 0.67476 0.80976 0.19112 0.13192
38 0.609267 0.5312 0.0932533 0.12364
38 0.2654 0.56937 0.220827 0.14894
38 0.707307 0.51726 0.108587 0.09
38 0.967053 0.71646 0.0658933 0.1034