29 0.09741 0.283693 0.02206 0.0204533
29 0.14889 0.277213 0.05618 0.02536
29 0.12696 0.25076 0.08272 0.0241867
29 0.07245 0.283173 0.02302 0.04784
29 0.18237 0.257987 0.02294 0.0145867
29 0.20695 0.23596 0.08742 0.04248
29 0.2215 0.223507 0.03496 0.0144267
29 0.11972 0.26812 0.05548 0.0193333
29 0.14414 0.243587 0.04856 0.022
29 0.1037 0.296747 0.04488 0.0192
6 0.78176 0.66148 0.06508 0.139387
6 0.34767 0.416253 0.1031 0.0930933
6 0.44649 0.456093 0.07662 0.157307
6 0.5944 0.443373 0.14116 0.0558133
6 0.55831 0.52016 0.13902 0.11392
6 0.78633 0.577 0.08242 0.20024
6 0.52557 0.649013 0.09318 0.0909867
6 0.87078 0.594867 0.10096 0.220987
6 0.36732 0.825947 0.11236 0.259093
6 0.60472 0.931813 0.07328 0.0845333
6 0.73929 0.74228 0.04834 0.0972533
6 0.46913 0.436413 0.09862 0.120667
6 0.47896 0.841693 0.07608 0.278213
6 0.5483 0.58328 0.12944 0.09776
6 0.60296 0.705267 0.10392 0.142587
6 0.6833 0.531667 0.11892 0.150373
6 0.35461 0.673747 0.11698 0.0694133
6 0.66167 0.325467 0.05546 0.10752
6 0.83887 0.645627 0.06658 0.21248
6 0.58334 0.835853 0.0944 0.146053
6 0.5558 0.898307 0.07352 0.119653
6 0.45543 0.55276 0.0785 0.0850933
6 0.32535 0.82924 0.10462 0.255387
6 0.47121 0.406493 0.09206 0.0899467
6 0.74106 0.80772 0.0562 0.138907
6 0.69515 0.74992 0.04878 0.127627
6 0.51301 0.757947 0.04594 0.0736533
6 0.53365 0.80864 0.04146 0.0656533
6 0.45901 0.62452 0.11498 0.09128
6 0.62619 0.728413 0.08642 0.145147
6 0.57158 0.668613 0.12812 0.173067
6 0.6874 0.419053 0.08612 0.07256
6 0.37953 0.497973 0.02462 0.108213
6 0.40678 0.467413 0.04484 0.16832
6 0.68304 0.77308 0.05704 0.146907
6 0.34634 0.73904 0.14284 0.121013
6 0.36471 0.456547 0.0779 0.150533
6 0.64683 0.809907 0.06798 0.147653
6 0.70638 0.866453 0.06344 0.123573
6 0.41761 0.626133 0.05418 0.147627
6 0.70899 0.6718 0.04114 0.0917067
6 0.50161 0.583747 0.05966 0.0723467
6 0.5457 0.964467 0.09296 0.0710667
6 0.7265 0.57292 0.12872 0.176293
6 0.42718 0.486173 0.01564 0.0812533
6 0.61037 0.322867 0.05082 0.10744
6 0.73027 0.528467 0.1241 0.157787
6 0.56467 0.387947 0.10782 0.05904
6 0.68673 0.36136 0.07802 0.0665067
6 0.65544 0.903973 0.06372 0.103413
6 0.63211 0.499387 0.07738 0.0740267
6 0.37386 0.63072 0.08724 0.0867733
6 0.55639 0.71308 0.08322 0.0809867
6 0.41177 0.834587 0.06206 0.273973
6 0.38972 0.900267 0.05976 0.199467
6 0.58198 0.344133 0.088 0.11312
23 0.8906 0.84392 0.15152 0.31216
23 0.95381 0.85824 0.08738 0.280747
59 0.18548 0.521773 0.08244 0.110747
59 0.22377 0.3776 0.0533 0.0544533
59 0.46052 0.331533 0.07416 0.0817333
59 0.29062 0.30556 0.07836 0.0773067
59 0.55816 0.276587 0.05508 0.0610667
59 0.38921 0.291653 0.08078 0.08128
59 0.5255 0.347987 0.05868 0.0857333
59 0.5064 0.328067 0.04316 0.0827467
59 0.39756 0.34256 0.06696 0.08016
59 0.28006 0.520587 0.08292 0.0926933
59 0.35725 0.35616 0.04862 0.0550933
59 0.16005 0.48776 0.06866 0.0740267
59 0.45564 0.291173 0.05884 0.05648
59 0.34337 0.31412 0.04018 0.05528
59 0.20923 0.371627 0.05062 0.0556267
59 0.29792 0.37388 0.10164 0.0996
59 0.31223 0.49204 0.03798 0.0657333
59 0.23809 0.43628 0.10038 0.123547
59 0.23291 0.576707 0.06306 0.02888
59 0.42387 0.37232 0.0431 0.0154133
59 0.51983 0.294653 0.01006 0.0188533
59 0.41542 0.258613 0.05772 0.0670933
59 0.24681 0.318507 0.03018 0.0722133
59 0.17862 0.429467 0.0432 0.05984