1 0.196563 0.724399 0.389281 0.551203
1 0.299984 0.551274 0.267156 0.353113
6 0.704172 0.685425 0.591656 0.359623
10 0.802937 0.748585 0.07925 0.110755
10 0.602187 0.758184 0.0720625 0.114858
10 0.784492 0.923031 0.0840156 0.153939
10 0.66982 0.823479 0.0552031 0.143184
10 0.89718 0.845189 0.0725781 0.114811
10 0.593617 0.716002 0.0647344 0.0999764
10 0.73432 0.724965 0.0529844 0.0472406
10 0.707008 0.959528 0.0920781 0.0809434
10 0.851922 0.919741 0.06175 0.104575
10 0.734719 0.80059 0.111844 0.135991
10 0.66718 0.712241 0.0834531 0.117123
10 0.822492 0.831309 0.0818281 0.100448
10 0.711773 0.676557 0.0530781 0.0595755
10 0.75718 0.700259 0.0408906 0.0537264
10 0.71207 0.891816 0.0663906 0.0924057
10 0.904352 0.944575 0.0896406 0.110849
10 0.837688 0.980248 0.0683438 0.0351179