50 0.50882 0.690315 0.07396 0.0895195
50 0.52778 0.657733 0.11204 0.134505
52 0.59194 0.588003 0.09696 0.0683784
52 0.789 0.678168 0.11884 0.153333
52 0.66525 0.671922 0.08194 0.113634
52 0.52522 0.495901 0.05324 0.0321021
52 0.59486 0.638123 0.06 0.0341441
52 0.77945 0.610511 0.1053 0.044024
52 0.62008 0.576456 0.08116 0.0473874
52 0.71199 0.63479 0.0485 0.0856156
52 0.66576 0.52048 0.0876 0.0828829
52 0.73125 0.544595 0.0743 0.105586
52 0.76163 0.569685 0.04114 0.0466967
52 0.52289 0.548333 0.07914 0.0898198
52 0.61824 0.689309 0.0608 0.0836036
52 0.67498 0.608949 0.07108 0.0521922
52 0.58954 0.492868 0.07168 0.0713814
52 0.60229 0.536306 0.09274 0.0622823
59 0.50076 0.746997 0.17484 0.146787
59 0.44722 0.646396 0.04396 0.123844
43 0.5145 0.683003 0.14124 0.17033
43 0.49633 0.661021 0.16054 0.17988
43 0.51894 0.701156 0.16368 0.22003