44 0.251023 0.229063 0.0202656 0.0215815
44 0.336141 0.221411 0.02375 0.019708
44 0.316648 0.21601 0.0192969 0.0307543
44 0.298461 0.241582 0.0187969 0.0135766
44 0.177594 0.281667 0.0202813 0.0356448
44 0.196258 0.227786 0.0262031 0.0294891
44 0.307367 0.308601 0.0207656 0.0254745
44 0.288648 0.274927 0.0285156 0.0392457
44 0.328953 0.26865 0.0162188 0.0426521
44 0.222211 0.289586 0.0267031 0.04
44 0.247312 0.297981 0.0275313 0.0342579
44 0.216688 0.178114 0.0171563 0.0302433
44 0.21632 0.270365 0.0267031 0.0364964
44 0.315656 0.287433 0.0240938 0.0336496
44 0.250094 0.197032 0.02275 0.0320681
44 0.330102 0.235876 0.0192969 0.0261557
44 0.279055 0.243382 0.0242656 0.0302676
44 0.210773 0.207993 0.0256719 0.0345742
44 0.259344 0.290158 0.0240313 0.0366667
44 0.256758 0.247348 0.0221094 0.0324088
44 0.199477 0.297883 0.0232969 0.0327981
44 0.292672 0.19562 0.021625 0.0251095
44 0.20868 0.251217 0.0133906 0.0218491
44 0.376953 0.162251 0.0240625 0.0215328
44 0.292531 0.222275 0.0235625 0.0338443
44 0.219039 0.230243 0.0215156 0.0280292
44 0.312086 0.270681 0.0216094 0.0283212
44 0.271914 0.195036 0.0229219 0.0256448
44 0.27325 0.274599 0.0143437 0.0323114
44 0.23482 0.20944 0.0237656 0.0379075
44 0.209109 0.308905 0.0209375 0.02
44 0.350508 0.161071 0.0232344 0.0294891
44 0.313047 0.647397 0.0209375 0.036399
44 0.274023 0.227993 0.0230469 0.019635
44 0.36425 0.163747 0.0109063 0.0240876
44 0.284898 0.300049 0.0297344 0.0317762
44 0.31093 0.233917 0.0221719 0.0275426
44 0.235937 0.250487 0.026625 0.0380049
44 0.257109 0.154903 0.0125312 0.0205109
44 0.19232 0.253613 0.0275781 0.0357908
44 0.269617 0.30747 0.0140156 0.0123114
44 0.230789 0.18264 0.0263594 0.0367153
44 0.267398 0.174197 0.0260469 0.0376886
44 0.234828 0.159623 0.0204063 0.0247932