11 0.224242 0.343792 0.121297 0.137792
11 0.27232 0.202135 0.116672 0.121354
11 0.47875 0.245823 0.0694375 0.106937
11 0.348031 0.155385 0.0625 0.103854
11 0.14475 0.343208 0.113656 0.216167
11 0.401234 0.185135 0.0859688 0.0789792
11 0.127578 0.481281 0.0934688 0.0963958
11 0.264813 0.260563 0.0263125 0.0370417
52 0.176234 0.573573 0.147906 0.167187
52 0.312398 0.380208 0.0949844 0.092875
52 0.203484 0.440948 0.0514063 0.0581458
52 0.185789 0.487104 0.122266 0.063625
52 0.248445 0.451406 0.0502031 0.101271
52 0.419789 0.351906 0.104766 0.124521