59 0.849578 0.317039 0.0539375 0.0687709
59 0.437055 0.143128 0.0417344 0.0808939
59 0.553367 0.37433 0.0406094 0.0751397
59 0.481086 0.392304 0.0463594 0.0925978
59 0.493914 0.282737 0.0434531 0.0669274
59 0.489367 0.105154 0.0387031 0.0707542
59 0.731914 0.42405 0.0483281 0.0582123
59 0.936305 0.197486 0.0492031 0.12514
59 0.463117 0.113184 0.0307969 0.0412849
59 0.980563 0.407989 0.0382188 0.070838
59 0.427281 0.112821 0.0422187 0.0741899
59 0.466242 0.337486 0.0432656 0.0758659
59 0.528227 0.20845 0.0543906 0.0826536
59 0.521617 0.11655 0.0366406 0.0684637
59 0.530531 0.408897 0.0325625 0.0618156
59 0.484641 0.186969 0.04475 0.0794693
59 0.455203 0.465251 0.049 0.0700559
59 0.419273 0.170154 0.0357031 0.0654469
59 0.567023 0.274623 0.0557969 0.0820391
59 0.916188 0.031662 0.0753125 0.0458939
59 0.745508 0.0907123 0.0518594 0.0977933
59 0.444961 0.282165 0.0499531 0.0876257
59 0.501422 0.154972 0.0256563 0.0387709
59 0.50993 0.339665 0.0484844 0.087933
59 0.411602 0.28398 0.0390156 0.0771788
59 0.893188 0.517696 0.0697187 0.0523184
59 0.541578 0.252975 0.03575 0.0628212
59 0.993305 0.293296 0.0127031 0.0347486
59 0.802039 0.458212 0.0579531 0.0582123
59 0.425992 0.231732 0.0298594 0.0373743
59 0.409891 0.35986 0.0445313 0.0787151
59 0.444531 0.396313 0.0354063 0.0759218
59 0.539078 0.172598 0.0371563 0.0543575
59 0.514742 0.433715 0.0142031 0.0253631
47 0.189156 0.351564 0.0879062 0.0648045
47 0.327117 0.527835 0.0704844 0.114888
47 0.451977 0.792039 0.0486094 0.109274
47 0.483938 0.836732 0.0360625 0.131676
47 0.526594 0.720265 0.0381563 0.115391
47 0.523648 0.835433 0.0530781 0.115391
47 0.438539 0.722332 0.0624219 0.121983
47 0.192234 0.469735 0.0601563 0.129134
47 0.121898 0.423101 0.0642344 0.108715
47 0.215711 0.562863 0.0594531 0.145
47 0.187289 0.254693 0.0764531 0.0389944
47 0.166148 0.571774 0.0441719 0.0976816
47 0.492047 0.758925 0.073625 0.0986313
47 0.349055 0.551173 0.0277656 0.0646927
47 0.25618 0.658156 0.0709219 0.105587
38 0.699133 0.373422 0.0737969 0.231257
38 0.869687 0.451285 0.01775 0.0481564
38 0.957953 0.102277 0.0658125 0.0987989
38 0.902125 0.277374 0.0657188 0.10676
38 0.744602 0.207709 0.151891 0.143408
38 0.7815 0.481439 0.0718437 0.121034
38 0.890984 0.229818 0.145906 0.126117
38 0.936359 0.296536 0.0167813 0.0264246
38 0.932188 0.0787709 0.05075 0.0922346
38 0.853969 0.381927 0.0339687 0.0459218
38 0.840094 0.237151 0.119313 0.0512291
38 0.940852 0.318994 0.0427656 0.0481006
38 0.758227 0.263673 0.0275469 0.0227095
38 0.74125 0.115587 0.114906 0.105363
38 0.962 0.193897 0.0619062 0.114441
38 0.791281 0.277123 0.0285313 0.0510056
38 0.696992 0.396145 0.0390156 0.0743575
38 0.876297 0.144735 0.0750313 0.105391
38 0.939195 0.342179 0.0321406 0.0274302
38 0.781297 0.131034 0.0692813 0.116927
38 0.686031 0.307584 0.0368437 0.0977374
38 0.941523 0.336159 0.0932344 0.172318
38 0.767062 0.395223 0.092625 0.0639106
38 0.856992 0.0737849 0.100266 0.0985754
38 0.738 0.314176 0.0799688 0.0857263
38 0.831273 0.513534 0.0888906 0.104441