52 0.281281 0.712375 0.06175 0.0674583
52 0.52025 0.801521 0.0588437 0.101667
52 0.638461 0.738771 0.0861406 0.104625
52 0.553563 0.671562 0.0704375 0.102917
52 0.554211 0.74126 0.0714219 0.0653125
52 0.324016 0.730063 0.0797188 0.0904167
52 0.585828 0.625042 0.0657188 0.07425
52 0.677398 0.642781 0.0702656 0.0971042
52 0.482516 0.763917 0.058125 0.102875
52 0.448156 0.796406 0.0588437 0.109229
52 0.378445 0.777437 0.0847969 0.0779583
52 0.582664 0.798021 0.0771094 0.0836667
52 0.642891 0.594281 0.0566562 0.0949792
52 0.604805 0.567875 0.0316406 0.0600833
52 0.46593 0.681948 0.0553906 0.0957292
52 0.576141 0.542823 0.0598125 0.106146
52 0.418 0.696135 0.0784688 0.0855625
52 0.614914 0.671271 0.0573594 0.0990417