38 0.940656 0.15257 0.0762188 0.0835981
38 0.0160547 0.295864 0.0300469 0.0530841
38 0.349125 0.659591 0.081875 0.114089
38 0.47418 0.770864 0.225422 0.375654
38 0.763977 0.121262 0.110172 0.179439
38 0.575055 0.803318 0.165297 0.290374
38 0.287344 0.123411 0.313063 0.246822
38 0.775367 0.864182 0.163266 0.261869
38 0.926109 0.82264 0.146656 0.205981
38 0.0421484 0.556951 0.0842969 0.243902
38 0.532742 0.0711799 0.143422 0.14236
38 0.455648 0.943668 0.0781094 0.109112
38 0.891195 0.484311 0.0761094 0.0808645
38 0.171961 0.504766 0.111047 0.0655607
14 0.623852 0.259439 0.209172 0.498925
14 0.850258 0.324661 0.295578 0.301846
14 0.815898 0.208388 0.181828 0.299346
14 0.818211 0.559778 0.362422 0.348341
14 0.595492 0.186729 0.154734 0.370374
43 0.203953 0.906379 0.2005 0.187243
43 0.08775 0.298645 0.174281 0.383131
43 0.0638984 0.8334 0.127797 0.333201
43 0.595859 0.710362 0.469406 0.396332
43 0.806336 0.789918 0.386203 0.417079
43 0.281828 0.509042 0.511594 0.415467
43 0.924344 0.460736 0.151313 0.143435
43 0.623211 0.292255 0.290609 0.208341
59 0.333633 0.952734 0.0617344 0.0945327
59 0.209914 0.770981 0.223234 0.230187
59 0.331695 0.445643 0.0454844 0.089229
59 0.151297 0.944766 0.109312 0.100467
59 0.480016 0.954579 0.0890625 0.0908411