44 0.90245 0.455307 0.1413 0.200213
52 0.55934 0.209587 0.04428 0.0802933
52 0.34335 0.418133 0.09242 0.14272
52 0.59625 0.232627 0.0633 0.0928267
52 0.29153 0.2806 0.06702 0.102693
52 0.36896 0.308587 0.1146 0.12144
52 0.43365 0.383827 0.07726 0.130907
52 0.34185 0.58964 0.04726 0.0898933
52 0.36316 0.499733 0.075 0.123413
52 0.50912 0.240333 0.08008 0.100827
52 0.4579 0.208893 0.036 0.04824
52 0.33918 0.349733 0.07832 0.0849067
52 0.37114 0.23652 0.09752 0.0739467
52 0.26564 0.52188 0.1024 0.120613
52 0.14435 0.48684 0.10826 0.137947
52 0.28121 0.573253 0.0929 0.133547
52 0.27325 0.390093 0.0715 0.0761333
52 0.19038 0.409187 0.13776 0.105787
52 0.20634 0.482613 0.07572 0.149653
52 0.43059 0.1986 0.0479 0.07448
52 0.45886 0.283387 0.08012 0.11936
52 0.51159 0.19448 0.06082 0.0520533
52 0.41665 0.501293 0.07366 0.0760267