44 0.831023 0.095939 0.0695469 0.0869953
44 0.728008 0.172101 0.0665156 0.0764085
44 0.848922 0.273181 0.0735313 0.123826
44 0.576922 0.960012 0.0757188 0.0758451
44 0.779883 0.0499061 0.0816719 0.0998122
44 0.80825 0.301585 0.059375 0.121808
44 0.664695 0.941784 0.124141 0.116432
44 0.789414 0.192124 0.0804531 0.110775
44 0.726719 0.948826 0.0674375 0.102347
44 0.861922 0.947852 0.11225 0.100634
44 0.726906 0.105235 0.0687813 0.0908451
44 0.845719 0.17784 0.06375 0.0964319
44 0.96632 0.943122 0.0673594 0.113756
44 0.784305 0.12743 0.0706094 0.0593662
37 0.785281 0.127136 0.0694375 0.0547887
37 0.788703 0.190869 0.0774375 0.10892
37 0.861062 0.948122 0.111125 0.103756
37 0.72768 0.101843 0.0697344 0.102887
37 0.536586 0.745622 0.100922 0.160399
37 0.664266 0.942617 0.121625 0.114765
37 0.726695 0.947077 0.0680781 0.102183
37 0.728258 0.174225 0.0660781 0.0785446
37 0.846055 0.180892 0.0607031 0.100423
37 0.808266 0.301303 0.06125 0.122653
37 0.850234 0.274131 0.0737187 0.125681
37 0.966672 0.942805 0.0666563 0.11439
37 0.577195 0.96 0.0752031 0.0758216
37 0.780148 0.0498005 0.0805469 0.0996009
37 0.831008 0.103122 0.0707969 0.0757277
1 0.194695 0.860094 0.0630781 0.0613146
1 0.412648 0.930646 0.0705156 0.12561
1 0.384281 0.858803 0.0535 0.0982629
1 0.12307 0.9473 0.0650469 0.105399
1 0.367836 0.98615 0.0629531 0.0255399
1 0.269398 0.94581 0.0691719 0.107488
1 0.0681172 0.887664 0.0648594 0.0506338
1 0.0664219 0.944531 0.0600313 0.0919249
1 0.340758 0.929718 0.0778906 0.123192
1 0.249953 0.882981 0.0761563 0.101221
1 0.513992 0.889824 0.0669531 0.10885
1 0.436984 0.816984 0.0790625 0.114014
1 0.348008 0.801127 0.0698594 0.109531
1 0.504883 0.970927 0.0604844 0.0581455
1 0.873172 0.842934 0.07425 0.107981
1 0.445398 0.989554 0.0536719 0.020892
1 0.149047 0.8898 0.0634062 0.0697418
1 0.203063 0.926127 0.0660937 0.0709859
1 0.328039 0.870857 0.0631094 0.0878169
1 0.487211 0.830904 0.0338281 0.0306808
1 0.123766 0.863392 0.0728125 0.0792254
1 0.0479375 0.988357 0.0580937 0.0224413
1 0.452586 0.966526 0.0419844 0.0441784
59 0.507781 0.314108 0.0331562 0.0701408
59 0.637641 0.0869484 0.0603437 0.0894836
59 0.526734 0.0882864 0.0585938 0.0769953
59 0.576484 0.118979 0.0804375 0.102512
59 0.524055 0.248486 0.0628281 0.0825117
59 0.63525 0.236138 0.0682187 0.0876761
59 0.540445 0.0171831 0.0617031 0.0323944
59 0.583867 0.184636 0.0595156 0.0908685
59 0.58532 0.277101 0.0683281 0.0852347
59 0.635172 0.306185 0.0616563 0.048615
59 0.636703 0.164038 0.0495625 0.0787324
59 0.636547 0.0161385 0.0510312 0.0276761
59 0.52307 0.169401 0.0526719 0.0815258