11 0.634914 0.415316 0.110828 0.110023
11 0.786664 0.42034 0.0606406 0.114871
11 0.863852 0.47952 0.0394219 0.140258
11 0.600625 0.655726 0.0715313 0.143208
11 0.694656 0.584415 0.063625 0.0723888
11 0.654133 0.294719 0.0656719 0.0700937
11 0.82307 0.496792 0.0538594 0.16281
11 0.789242 0.598068 0.0827656 0.0964637
11 0.557734 0.24877 0.0822813 0.108923
11 0.646758 0.239543 0.0452969 0.0661593
11 0.763188 0.668361 0.0917813 0.107916
11 0.736984 0.262178 0.0934062 0.123138
11 0.513086 0.241077 0.0452969 0.0876815
11 0.449742 0.31534 0.0856406 0.153208
11 0.703664 0.74 0.0834219 0.17897
11 0.657242 0.741241 0.119078 0.248337
11 0.457148 0.545761 0.0914531 0.206323
11 0.449266 0.663747 0.139813 0.144262
11 0.61332 0.542178 0.0675156 0.0951288
43 0.701078 0.716991 0.028 0.0416628
43 0.46743 0.751206 0.0627344 0.0633489
43 0.493344 0.268302 0.0403437 0.127283
43 0.509461 0.700984 0.0411719 0.0464169
43 0.369945 0.424625 0.0234219 0.0548712
43 0.67843 0.696581 0.0143906 0.0347541
43 0.532273 0.412389 0.0856406 0.0775176
43 0.427953 0.425187 0.0225625 0.0235831
43 0.402539 0.434262 0.0313906 0.0457611
43 0.59075 0.278044 0.061125 0.0842857
43 0.626523 0.20555 0.0395469 0.0635597
43 0.545703 0.712248 0.0677188 0.0664169
43 0.682055 0.229087 0.0427031 0.0644028
43 0.353477 0.566089 0.0514531 0.0659485
43 0.66768 0.606288 0.0565781 0.0489696
43 0.823625 0.398689 0.0348437 0.0851522
43 0.630922 0.44452 0.0628438 0.0905855