1 0.55771 0.743802 0.3157 0.204687
1 0.81316 0.598021 0.22364 0.406562
1 0.33923 0.710924 0.41342 0.369245
1 0.61087 0.633359 0.28034 0.454792
1 0.33256 0.314258 0.21008 0.233724
1 0.47795 0.325703 0.06882 0.169479
1 0.56786 0.250716 0.18856 0.331068
1 0.41532 0.82862 0.47824 0.163698
1 0.51933 0.607682 0.08134 0.0947917
1 0.7947 0.196224 0.27428 0.336042
1 0.27005 0.55349 0.07478 0.144583
1 0.20591 0.454414 0.1887 0.159453
1 0.74816 0.408711 0.32672 0.472943
1 0.44728 0.234505 0.07424 0.11724
6 0.56852 0.250482 0.1838 0.337526
6 0.3931 0.493424 0.1936 0.454453