11 0.517203 0.692659 0.111719 0.315561
11 0.198734 0.324707 0.10125 0.142341
11 0.730734 0.209671 0.139437 0.161488
11 0.739836 0.582866 0.106922 0.276415
11 0.446008 0.554085 0.0712031 0.185976
11 0.113414 0.480793 0.156297 0.218805
11 0.549367 0.232207 0.149078 0.266268
11 0.623344 0.631244 0.152969 0.264439
11 0.470398 0.102537 0.133266 0.182098
11 0.778555 0.517854 0.101672 0.320293
11 0.564289 0.500195 0.0957656 0.132341
11 0.762375 0.29472 0.0865937 0.145976
11 0.350281 0.583317 0.172844 0.258878
11 0.651125 0.375866 0.0280313 0.0270976
11 0.638719 0.204024 0.0372813 0.055122
11 0.202656 0.568671 0.132625 0.261634
11 0.393156 0.3935 0.1965 0.21222
11 0.358203 0.17372 0.101031 0.13822
11 0.622461 0.224756 0.0759219 0.129805
11 0.613578 0.381902 0.0566562 0.0864878
11 0.490938 0.309683 0.172563 0.239463
11 0.655656 0.466793 0.097375 0.210024
11 0.313398 0.412012 0.0937969 0.0979268
11 0.614078 0.151524 0.0464687 0.0577805
11 0.269305 0.745659 0.199172 0.381366
11 0.256875 0.321037 0.120812 0.137439
11 0.705656 0.351829 0.0932813 0.229024
11 0.191 0.284622 0.034375 0.0728049
11 0.268461 0.219378 0.0997344 0.0978293
11 0.859883 0.440829 0.199328 0.278341
11 0.511672 0.486744 0.0749688 0.171098