11 0.571187 0.638208 0.0974375 0.137963
11 0.654266 0.331803 0.0912813 0.148712
11 0.345453 0.635515 0.0903125 0.121475
11 0.85682 0.542951 0.139141 0.14178
11 0.468328 0.214941 0.0902813 0.076534
11 0.533531 0.158419 0.0759062 0.0959016
11 0.500391 0.832073 0.151063 0.147143
11 0.789719 0.515843 0.059375 0.0897658
11 0.41593 0.362845 0.0533906 0.140585
11 0.369656 0.368806 0.0985938 0.123138
11 0.635281 0.747073 0.103594 0.152084
11 0.333273 0.201534 0.0899219 0.0722951
11 0.461852 0.731838 0.0709219 0.127096
11 0.606141 0.232061 0.0880313 0.0907728
11 0.664375 0.425 0.108688 0.147939
11 0.537055 0.406335 0.111328 0.161054
11 0.219258 0.585808 0.111359 0.119625
11 0.302984 0.284871 0.0710937 0.130492
11 0.412523 0.567881 0.0841094 0.196557
11 0.779734 0.389871 0.0280313 0.0694848
11 0.283211 0.48322 0.133078 0.178899
11 0.666195 0.574028 0.142672 0.182529
34 0.327078 0.769766 0.0338437 0.0470258
34 0.755805 0.662049 0.0488906 0.0969321
34 0.86957 0.458267 0.0313906 0.0422482
34 0.609359 0.863806 0.0613437 0.0778689
34 0.741672 0.386288 0.08475 0.0708899
34 0.0757187 0.644485 0.0490625 0.0525761
34 0.779969 0.636815 0.0268125 0.0480094
34 0.518312 0.617002 0.0391562 0.051007
34 0.766164 0.648934 0.0398281 0.0705152
34 0.822477 0.613255 0.0355469 0.0422951
34 0.839492 0.369637 0.0728281 0.0461593
34 0.858453 0.596276 0.0422187 0.0535831
34 0.137867 0.563349 0.0779531 0.0540047
34 0.558453 0.702904 0.0703125 0.0880562
34 0.241344 0.66178 0.064 0.0813115
34 0.283438 0.745644 0.0557813 0.0423888
34 0.557391 0.592283 0.038125 0.0751991
34 0.719812 0.577693 0.0415312 0.0533255
34 0.188492 0.340937 0.0288281 0.0387822
34 0.376312 0.716276 0.045125 0.115644
34 0.532773 0.536464 0.0493906 0.0579391
34 0.112594 0.551019 0.0577812 0.0461593
34 0.693477 0.637424 0.0857969 0.0730679
34 0.469156 0.414883 0.0441563 0.0448946
34 0.380258 0.450258 0.0357344 0.0641218
34 0.213547 0.287377 0.036125 0.0500234
34 0.286867 0.671417 0.0280469 0.0515457
34 0.449219 0.632307 0.0680313 0.0517799
34 0.0575625 0.532541 0.0476562 0.100632
34 0.689719 0.489438 0.035375 0.0309133
34 0.449219 0.38719 0.0292187 0.0502576
34 0.510781 0.44507 0.0377188 0.0955269
34 0.811352 0.461792 0.0943594 0.0522951
34 0.547391 0.267904 0.0333437 0.0412881
34 0.76807 0.766194 0.0420469 0.0630679
34 0.577883 0.467342 0.0292969 0.0309836
34 0.887898 0.506511 0.0280781 0.0369555
34 0.219539 0.740773 0.0397969 0.0540984
34 0.376172 0.191347 0.0522188 0.0489696
34 0.667492 0.727963 0.0587344 0.0513817
34 0.594578 0.446499 0.0417812 0.0550117
34 0.721391 0.813642 0.105813 0.0942155
34 0.625969 0.659965 0.024625 0.0840984
34 0.426586 0.195 0.0565781 0.0423185
34 0.26093 0.717049 0.0495781 0.0751288
34 0.348406 0.440515 0.0424062 0.0794848