43 0.421359 0.515823 0.0751563 0.0548958
43 0.83532 0.345479 0.0537031 0.041
43 0.365602 0.395229 0.0735781 0.0627083
43 0.796344 0.439417 0.059625 0.0515417
43 0.595375 0.429229 0.0740313 0.08
43 0.736289 0.266667 0.0612656 0.116125
43 0.789125 0.280375 0.0630313 0.096
42 0.848883 0.413583 0.0666719 0.10225
42 0.789594 0.280625 0.0595 0.0964583
42 0.755641 0.453573 0.0396875 0.0563542
42 0.736305 0.266542 0.0584219 0.117167
11 0.502008 0.175896 0.0315469 0.0461667
11 0.625852 0.52925 0.164016 0.161125
11 0.704703 0.262177 0.0223125 0.0361458
11 0.515211 0.493333 0.104828 0.193083
11 0.453914 0.354677 0.103984 0.131771
11 0.334477 0.454094 0.0972344 0.106479
11 0.738367 0.499781 0.120797 0.154938
11 0.300195 0.355365 0.125953 0.126396
11 0.381688 0.278781 0.0879062 0.104229
11 0.462273 0.56324 0.187016 0.0981458
11 0.51225 0.407802 0.0675937 0.0479792