11 0.232836 0.401135 0.0660469 0.100687
11 0.629406 0.561792 0.0663438 0.0584583
11 0.784953 0.711333 0.139219 0.221
11 0.808586 0.93451 0.216516 0.130979
11 0.445047 0.739573 0.0926562 0.0594375
11 0.860914 0.867427 0.0992344 0.0989792
11 0.194617 0.886073 0.102672 0.0888542
11 0.448727 0.321677 0.135016 0.155979
11 0.622961 0.336531 0.0457344 0.0518958
11 0.346687 0.576979 0.180031 0.20975
11 0.0412422 0.956896 0.0802656 0.064875
11 0.695445 0.808281 0.105922 0.0812708
11 0.271945 0.413635 0.112422 0.104604
11 0.776484 0.853938 0.0881563 0.0859167
11 0.690336 0.503313 0.0599531 0.04775
11 0.61232 0.588844 0.140328 0.0894792
11 0.0951172 0.710677 0.105234 0.199813
11 0.710414 0.606104 0.0540469 0.0484583
11 0.712953 0.761885 0.0554063 0.0861875
11 0.429266 0.706354 0.0523125 0.0682083
11 0.553953 0.624969 0.110531 0.127562
11 0.83032 0.492656 0.0627656 0.108854
11 0.577094 0.346083 0.0626875 0.044875
11 0.750922 0.618635 0.119594 0.116354
11 0.246766 0.462396 0.0533438 0.0288333
11 0.639617 0.284146 0.0794219 0.1
11 0.70332 0.274625 0.0874531 0.106042
8 0.252937 0.821146 0.126344 0.116583
8 0.623898 0.48926 0.115328 0.0665208
8 0.186695 0.676385 0.163859 0.119646
8 0.487633 0.791844 0.108828 0.0804375
8 0.536531 0.911865 0.0959062 0.176271
8 0.514555 0.666542 0.0757656 0.116667
8 0.604328 0.80326 0.089625 0.0943542
8 0.546984 0.756198 0.109625 0.0857708
8 0.676766 0.394313 0.0578125 0.052875
8 0.188078 0.841792 0.0986563 0.1
8 0.771984 0.549448 0.101281 0.0858542