36 0.373586 0.969237 0.0405469 0.036925
36 0.357852 0.897275 0.0194844 0.022
36 0.358242 0.94595 0.0106094 0.0178
36 0.359242 0.9317 0.0119219 0.01865
36 0.362141 0.88005 0.0288125 0.02035
36 0.254094 0.982675 0.048875 0.01965
57 0.258383 0.952537 0.0287031 0.047775
57 0.374586 0.895712 0.0253281 0.040775
57 0.272516 0.911337 0.019875 0.035375
57 0.377867 0.922 0.0330781 0.06675
57 0.372438 0.978875 0.0366875 0.04225
57 0.247656 0.983863 0.03225 0.031225
61 0.316664 0.958525 0.0771719 0.07435
61 0.325125 0.917425 0.061375 0.06205
61 0.314187 0.927625 0.076 0.06945
61 0.332203 0.864225 0.0347812 0.06435
61 0.324523 0.8981 0.0617344 0.05465
61 0.314867 0.974587 0.0717969 0.048475
61 0.324258 0.8646 0.0360781 0.051
61 0.320734 0.88 0.0599375 0.0631
61 0.304438 0.991025 0.046375 0.01795