42 0.71182 0.216185 0.0352969 0.0378638
42 0.844414 0.369695 0.0524531 0.0637089
42 0.693617 0.345047 0.0490156 0.0848826
42 0.544375 0.305211 0.0679687 0.0603286
42 0.794961 0.273862 0.0160469 0.0434977
42 0.846055 0.460235 0.0644844 0.0498122
42 0.558578 0.716103 0.0599063 0.110376
42 0.764648 0.724249 0.0513906 0.102958
42 0.738461 0.359789 0.0327344 0.04
42 0.594773 0.365669 0.0340781 0.0598357
42 0.567609 0.219624 0.0675 0.0575587
42 0.669984 0.512911 0.0274687 0.0347887
42 0.737094 0.416937 0.041625 0.0640141
42 0.701453 0.571021 0.0332188 0.0543897
42 0.689562 0.680892 0.031875 0.0726291
42 0.791391 0.487418 0.0141875 0.0355869
42 0.665453 0.431761 0.0217812 0.0424413
42 0.701156 0.264765 0.0438125 0.0540376
42 0.653898 0.208204 0.0581406 0.0654225
42 0.916922 0.676573 0.0553125 0.0918779
42 0.835594 0.441843 0.0235313 0.0810094
42 0.758641 0.590188 0.0654687 0.0971831
43 0.703148 0.778298 0.0373281 0.0989437
43 0.836562 0.441913 0.022375 0.0803991
43 0.7 0.211538 0.031875 0.0425587
43 0.847563 0.260998 0.0318437 0.029554
43 0.467172 0.696362 0.08125 0.108545