6 0.539722 0.241748 0.124837 0.134706
6 0.194788 0.545016 0.182386 0.161405
6 0.402672 0.24527 0.137925 0.138644
6 0.732222 0.557271 0.149281 0.124739
6 0.611152 0.215531 0.134755 0.118578
6 0.7425 0.715931 0.220654 0.208431
6 0.381691 0.726552 0.168644 0.191176
6 0.29558 0.368922 0.170735 0.160948
6 0.550359 0.726389 0.194346 0.17719
6 0.75366 0.325212 0.144641 0.151275
6 0.313064 0.242819 0.100114 0.122467
6 0.456732 0.609779 0.171471 0.125507
6 0.72143 0.198521 0.15201 0.128284
6 0.293783 0.591626 0.178611 0.165245
6 0.384918 0.521168 0.192059 0.125997
6 0.200531 0.720278 0.203023 0.203366
6 0.111332 0.612394 0.104036 0.0873693
6 0.561021 0.57009 0.184788 0.162761
6 0.624779 0.336683 0.158709 0.139346
6 0.463023 0.353938 0.173333 0.14183
6 0.458775 0.178472 0.126895 0.107565