59 0.690063 0.454635 0.0272812 0.0417292
59 0.730945 0.495219 0.0207969 0.0331875
59 0.763688 0.494979 0.02825 0.0390417
59 0.715578 0.622167 0.07425 0.0508333
59 0.711211 0.477375 0.0207656 0.0286667
59 0.739633 0.445521 0.0605156 0.0700417
59 0.597992 0.530927 0.0168281 0.0224375
59 0.67707 0.57099 0.0358906 0.0458542
59 0.710414 0.506344 0.0365469 0.0343542
59 0.715359 0.555562 0.02 0.0279583
59 0.633828 0.464188 0.0248125 0.0374583
59 0.72618 0.603177 0.0406719 0.0322708
59 0.626266 0.429583 0.0484062 0.0319167
59 0.639617 0.41399 0.0295781 0.0217708
59 0.643633 0.440729 0.0140469 0.0175833
59 0.694766 0.40476 0.0304063 0.0373542
59 0.775102 0.493573 0.0497969 0.0859375
59 0.750516 0.559615 0.0298125 0.0484792
59 0.616047 0.504948 0.01975 0.0375208
59 0.692094 0.554917 0.010375 0.00666667
59 0.822977 0.518656 0.0244219 0.0528125
59 0.673055 0.477646 0.0224219 0.0239167
59 0.662859 0.559667 0.0265312 0.0438333
59 0.686008 0.493125 0.0310469 0.0304167
59 0.650477 0.499677 0.0313594 0.0355625
59 0.595422 0.483781 0.0344375 0.0378958
59 0.727078 0.564042 0.0388125 0.070125
59 0.742633 0.487104 0.0156719 0.0139167
59 0.693352 0.430427 0.0297969 0.0279375
14 0.416109 0.240146 0.0299687 0.04925
14 0.48275 0.210865 0.0285313 0.0473542
14 0.500641 0.14451 0.0336562 0.0271042
14 0.482039 0.177937 0.0219219 0.0284583
14 0.421234 0.131115 0.026125 0.0153542
14 0.402727 0.214927 0.0305781 0.0456458
14 0.43443 0.116865 0.0261719 0.0216875
14 0.447469 0.201667 0.0146563 0.022375
14 0.441195 0.256437 0.0286406 0.0434583
14 0.444437 0.17726 0.0287187 0.0411042
14 0.519844 0.180375 0.0177813 0.0245833
14 0.504977 0.214906 0.0224219 0.0250208
14 0.440688 0.232479 0.0175 0.041125
14 0.478891 0.13401 0.0238438 0.0408958
14 0.420469 0.175604 0.0221562 0.0295417
14 0.404031 0.15326 0.0275 0.0432292
14 0.380477 0.161146 0.0269219 0.0332917
14 0.471508 0.146562 0.0206406 0.0539583
14 0.390125 0.0993542 0.0211562 0.0166667
14 0.380836 0.127667 0.0233906 0.0385833
14 0.400578 0.190812 0.0305625 0.03825
14 0.460594 0.216396 0.0238125 0.0417917
14 0.462258 0.185406 0.0172969 0.0369375
14 0.50468 0.168292 0.0153906 0.0143333
14 0.389758 0.135344 0.0181094 0.0188542
14 0.454219 0.124104 0.0209688 0.0277083
14 0.405836 0.116917 0.0219531 0.0366667
14 0.371383 0.1755 0.0178594 0.0320833
14 0.428047 0.157083 0.0238125 0.0328333
14 0.425797 0.204479 0.025 0.0417917
14 0.361688 0.12699 0.0190937 0.0383542
14 0.419313 0.107104 0.0375 0.03975
14 0.509258 0.195771 0.0219219 0.0289583
17 0.502117 0.290823 0.0368594 0.0428542
17 0.517539 0.269937 0.0184844 0.0177083
17 0.585562 0.318208 0.032125 0.0487083
17 0.570625 0.252615 0.0275 0.0384792
17 0.614961 0.377865 0.0233906 0.0222708
17 0.59232 0.268708 0.0400469 0.03725
17 0.602461 0.29074 0.0297969 0.0241042
17 0.5695 0.377104 0.022875 0.0305
17 0.569305 0.417677 0.0335781 0.0283125
17 0.629469 0.309198 0.0251875 0.0423125
17 0.515078 0.311802 0.0326875 0.0358958
17 0.551828 0.25326 0.0140313 0.0412708
17 0.556203 0.359104 0.0318437 0.0279583
17 0.64507 0.338094 0.0417656 0.0310208
17 0.523102 0.412156 0.0282656 0.0487292
17 0.63282 0.370563 0.0153281 0.0249583
17 0.569664 0.281583 0.0212969 0.0211667
17 0.537953 0.398875 0.016625 0.0336667
17 0.547727 0.230896 0.0144219 0.0295
17 0.586734 0.358448 0.0355 0.0611875
17 0.510563 0.371802 0.027125 0.0323125
17 0.588703 0.396458 0.0386562 0.0295
17 0.534898 0.275854 0.0231094 0.0221667
17 0.539023 0.343969 0.0315469 0.0443542
17 0.613352 0.328875 0.0247031 0.0329167
17 0.519109 0.344729 0.0299063 0.0467083
17 0.492938 0.327302 0.0238438 0.0356458
17 0.599219 0.347573 0.0215312 0.0407708
17 0.527453 0.24349 0.0281563 0.0426875
28 0.357336 0.476813 0.0325781 0.0350417
28 0.467305 0.450146 0.0204844 0.0365417
28 0.412078 0.479271 0.0243125 0.0414583
28 0.458266 0.499406 0.035 0.0305208
28 0.414148 0.535125 0.0218281 0.0370417
28 0.441914 0.452563 0.0321094 0.0282083
28 0.39625 0.536885 0.0382188 0.0256875
28 0.355773 0.538125 0.0292344 0.0279583
28 0.432445 0.539188 0.0278906 0.034875
28 0.36307 0.456979 0.0469219 0.03025
28 0.397453 0.450906 0.0226875 0.0351042
28 0.355656 0.518208 0.0338437 0.0271667
28 0.376719 0.509354 0.0259688 0.01975
28 0.451039 0.477563 0.0191094 0.0211667
28 0.397 0.503885 0.0160938 0.0236042
28 0.429117 0.512417 0.0172656 0.0202917
28 0.329641 0.507802 0.0305 0.0396875