6 0.528259 0.453828 0.0360941 0.0576875
6 0.404459 0.251516 0.0664235 0.0631562
6 0.573753 0.484805 0.0782824 0.0478906
6 0.488482 0.269078 0.0388941 0.0708438
6 0.515447 0.226602 0.0416235 0.0717031
6 0.431694 0.334367 0.0304941 0.0420469
6 0.579753 0.231922 0.0258588 0.0484687
6 0.429788 0.237563 0.0668706 0.0891563
6 0.556024 0.229141 0.0318588 0.0388125
6 0.464529 0.148906 0.0299529 0.0706563
6 0.477341 0.335531 0.0541176 0.0975625
6 0.593647 0.461141 0.0525176 0.0525625
6 0.445518 0.193852 0.0359294 0.0669531
6 0.514212 0.3255 0.0423529 0.0709375
6 0.469518 0.352055 0.0597882 0.0675781
6 0.412129 0.35518 0.0652471 0.0677031
6 0.598741 0.382742 0.0610118 0.0720469
6 0.613541 0.283172 0.0723529 0.069125
6 0.500529 0.347492 0.0420941 0.0969219
6 0.573812 0.284594 0.0683294 0.0815937
6 0.577882 0.376305 0.0461647 0.0706094
6 0.431741 0.462508 0.0824 0.0444219
6 0.549247 0.358312 0.0378353 0.0711875
6 0.602494 0.158406 0.0607529 0.0791875
6 0.407565 0.309086 0.0136235 0.0280469
6 0.558847 0.150078 0.0481882 0.0932813
6 0.446471 0.302195 0.0155294 0.0410156
6 0.600729 0.243227 0.0378353 0.0833594
6 0.617482 0.209297 0.0239529 0.0205625
6 0.534459 0.377414 0.0350824 0.0879219
6 0.552624 0.469484 0.0470824 0.065125
6 0.584482 0.438148 0.0280235 0.0651406
6 0.594918 0.336023 0.0393882 0.0366719
6 0.603671 0.480773 0.0606118 0.0553906
6 0.570765 0.335766 0.0308941 0.0315312
6 0.557694 0.285461 0.0640941 0.0788906
6 0.416153 0.194875 0.0386118 0.0764062
6 0.523929 0.202578 0.0289412 0.0703438
6 0.419647 0.303391 0.0208471 0.0338437
6 0.593612 0.232852 0.0245412 0.0537031
6 0.479012 0.202406 0.0316235 0.0850937
6 0.609624 0.169789 0.0817412 0.0752031
6 0.582059 0.132828 0.0347529 0.0807812
6 0.468447 0.413031 0.0215059 0.0336562
6 0.4384 0.149773 0.0233882 0.0273906
6 0.540847 0.271281 0.0609882 0.0779375
6 0.447988 0.463023 0.0737647 0.0411406
6 0.629788 0.475063 0.0258824 0.0517813
6 0.435941 0.29807 0.0235529 0.0382031
6 0.553259 0.425258 0.0334824 0.0839219
6 0.409341 0.243023 0.0584941 0.0684219
6 0.454365 0.241406 0.0440235 0.075125
6 0.500306 0.448336 0.0405176 0.0628281
6 0.616718 0.381391 0.0447765 0.0705
6 0.475329 0.465125 0.0512235 0.0324688