24 0.615547 0.580634 0.173344 0.0589775
24 0.601414 0.666595 0.133953 0.0611656
24 0.605258 0.819305 0.173234 0.0856851
24 0.625492 0.6418 0.177672 0.0876892
24 0.629188 0.799376 0.20775 0.126973
24 0.612359 0.728119 0.170406 0.125849
24 0.61043 0.873885 0.185984 0.0461759
14 0.457086 0.691227 0.0810469 0.283436
14 0.488359 0.723722 0.102062 0.3182
32 0.780766 0.34636 0.0969375 0.124826
32 0.716773 0.262311 0.0413281 0.0466667
32 0.866687 0.384632 0.087625 0.105992
32 0.898805 0.284918 0.0885156 0.114703
32 0.790648 0.248742 0.0857969 0.100511
32 0.812898 0.450562 0.0944219 0.0990798
32 0.931625 0.382045 0.0487812 0.0666667
32 0.682922 0.373783 0.0879062 0.115051