6 0.517922 0.474388 0.0120938 0.0403059
6 0.510336 0.463753 0.0113594 0.042
6 0.57425 0.449494 0.056875 0.0779529
6 0.594531 0.494647 0.0136875 0.0374824
6 0.64025 0.502365 0.0228125 0.0220471
6 0.74875 0.487929 0.04675 0.0218353
6 0.538656 0.449482 0.017875 0.0497412
6 0.616125 0.479447 0.01925 0.0294824
6 0.55093 0.464153 0.0148906 0.0302353
6 0.623414 0.508976 0.0185781 0.0370588
6 0.545578 0.487576 0.0494687 0.0473412
6 0.599203 0.487224 0.0318437 0.0251294
6 0.560922 0.477565 0.0611875 0.0486824
6 0.606266 0.512565 0.052625 0.0235765
44 0.494437 0.531059 0.0240313 0.0148235
44 0.377648 0.545765 0.0275469 0.0250353
44 0.480164 0.540729 0.0153594 0.0113882
44 0.429187 0.527047 0.02725 0.03
44 0.449578 0.506106 0.0270937 0.0360706
44 0.431508 0.540647 0.0260156 0.0288235
44 0.408961 0.552753 0.0321719 0.0291294
44 0.457469 0.525976 0.0290312 0.0411765
44 0.478453 0.524024 0.0219688 0.0274353
44 0.435055 0.562412 0.0301094 0.0244941
44 0.420477 0.574541 0.0233281 0.0171765
44 0.46218 0.550165 0.0296719 0.0320471
44 0.403656 0.543624 0.027125 0.0319529