43 0.359945 0.508852 0.0294844 0.0828571
43 0.325055 0.779543 0.149609 0.252482
43 0.777141 0.353314 0.100406 0.0588056
43 0.867641 0.572787 0.0936562 0.167494
43 0.256797 0.558044 0.101031 0.337822
43 0.212008 0.67171 0.0663594 0.0959719
43 0.325547 0.493478 0.159406 0.115105
43 0.666891 0.395691 0.0907813 0.109368
42 0.755133 0.656569 0.0903594 0.102178
42 0.689539 0.509122 0.103609 0.13
42 0.446219 0.575562 0.117188 0.111265
42 0.954656 0.772564 0.0897813 0.152295
42 0.788898 0.709239 0.0634844 0.120445
42 0.947586 0.370164 0.0501094 0.0518501
42 0.568281 0.39322 0.0783125 0.114684
42 0.963891 0.43904 0.0695 0.0861358
42 0.526695 0.554204 0.0551094 0.0874239
42 0.328437 0.605 0.0853437 0.1026
42 0.306016 0.8924 0.118625 0.161616
42 0.60968 0.79918 0.0803281 0.104918
42 0.700328 0.811007 0.091625 0.0915691