14 0.584625 0.489 0.273438 0.145458
14 0.542516 0.855719 0.306719 0.194521
14 0.556656 0.688281 0.318969 0.216688
14 0.588227 0.787219 0.404359 0.246521
14 0.570461 0.696573 0.405516 0.238229
14 0.747695 0.692802 0.0878281 0.107938
14 0.265469 0.151365 0.086125 0.231854
14 0.600445 0.552354 0.275859 0.200083
14 0.741344 0.609438 0.0313125 0.0775417
14 0.370156 0.27199 0.056375 0.130021
14 0.705664 0.514437 0.198578 0.0880417
14 0.230266 0.241698 0.103156 0.213188
14 0.546469 0.600458 0.314625 0.203917
14 0.348383 0.218021 0.0725156 0.199042
14 0.214359 0.133958 0.0452188 0.035
14 0.305312 0.277792 0.0747188 0.140875