50 0.226008 0.665703 0.122141 0.139696
50 0.334273 0.302787 0.0672031 0.0890867
50 0.27918 0.43952 0.0730469 0.0910304
50 0.275375 0.383115 0.0965312 0.0972365
50 0.211242 0.312529 0.0550156 0.14178
50 0.255086 0.303782 0.109328 0.123162
50 0.190539 0.340726 0.0402031 0.0762061
52 0.61675 0.34308 0.0717812 0.0845199
52 0.691188 0.59 0.121406 0.182061
52 0.758687 0.420902 0.0323125 0.0402576
52 0.773539 0.591663 0.142391 0.146651
52 0.693305 0.46137 0.144172 0.102787
52 0.588844 0.686276 0.109937 0.17171
52 0.710656 0.711066 0.203594 0.149297
52 0.60657 0.420386 0.0520781 0.0594145
52 0.653031 0.409215 0.0563125 0.0514988
52 0.707258 0.3563 0.0669531 0.11733
52 0.589297 0.512506 0.119281 0.182998
52 0.649875 0.516838 0.0634062 0.09363
52 0.751797 0.460703 0.0829063 0.159672