11 0.264199 0.602933 0.116961 0.144493
11 0.730768 0.896005 0.214052 0.147958
11 0.40259 0.91094 0.293709 0.178121
11 0.23558 0.29969 0.162369 0.135784
11 0.692623 0.460564 0.185997 0.186781
11 0.321732 0.698268 0.174902 0.15585
11 0.91393 0.910662 0.171487 0.171487
11 0.429902 0.254608 0.274673 0.232908
11 0.0961438 0.344469 0.192288 0.249265
11 0.142337 0.957525 0.100065 0.0756046
11 0.469526 0.523627 0.102288 0.115686
11 0.0661111 0.548946 0.132222 0.134984
11 0.0402206 0.806315 0.0804412 0.0973366
11 0.426209 0.751528 0.188366 0.173742
11 0.914273 0.533252 0.171454 0.295294
11 0.799698 0.703538 0.230866 0.237892