50 0.437969 0.837193 0.0394688 0.106292
50 0.533094 0.823068 0.0401875 0.109634
50 0.493492 0.821201 0.0408281 0.10611
50 0.461922 0.835914 0.0431875 0.118355
24 0.117086 0.965836 0.0419531 0.0331332
24 0.533094 0.821958 0.0399062 0.110601
24 0.462664 0.836671 0.0427656 0.120757
24 0.200297 0.897572 0.053 0.0663708
24 0.275141 0.926332 0.0229375 0.0472846
24 0.141281 0.959909 0.0187812 0.0321932
24 0.245156 0.902363 0.057375 0.0907311
24 0.219125 0.9203 0.0585625 0.0618016
24 0.311109 0.943825 0.0423437 0.103525
24 0.289961 0.876775 0.0322031 0.0587728
24 0.178148 0.961671 0.0277969 0.0369191
24 0.105133 0.98688 0.0509531 0.0262402
24 0.246508 0.933943 0.0330156 0.0246475
24 0.493352 0.82111 0.0397344 0.1053
24 0.193047 0.984452 0.0345625 0.0310966
24 0.213883 0.864386 0.0223281 0.0117493
24 0.289531 0.948238 0.0329375 0.0491123
24 0.438211 0.836945 0.0404531 0.107154
24 0.318961 0.951462 0.0416094 0.0924282
61 0.430617 0.93547 0.0562031 0.0973107
61 0.459445 0.929399 0.0826719 0.0906527
61 0.510758 0.895483 0.0916719 0.0579634
61 0.521117 0.929086 0.0615781 0.0686684