14 0.741618 0.362516 0.0817974 0.0613072
14 0.947704 0.341609 0.103644 0.0709314
14 0.889926 0.408407 0.0427288 0.132663
14 0.813203 0.362255 0.0834967 0.124608
14 0.734804 0.466495 0.132484 0.0983497
14 0.965588 0.611062 0.0451634 0.0536275
14 0.755637 0.396724 0.0790523 0.071683
14 0.692157 0.477631 0.0303268 0.0540523
14 0.804273 0.584984 0.0750817 0.0399346
14 0.89165 0.589673 0.150686 0.103301
14 0.956708 0.657908 0.086585 0.0457843
14 0.910621 0.380359 0.0886928 0.0918301
14 0.873325 0.623399 0.0745261 0.0778431
14 0.972459 0.410523 0.0464216 0.0977778
14 0.931062 0.435082 0.0454575 0.0944771
14 0.741699 0.392377 0.0885948 0.0683497
14 0.87098 0.532467 0.155556 0.060915
14 0.85442 0.384175 0.0413235 0.112729
14 0.982304 0.403881 0.0274837 0.0418137
14 0.989542 0.597206 0.020915 0.0749346
14 0.97 0.462647 0.0514052 0.0556863
14 0.946479 0.521675 0.105082 0.0312908
14 0.769788 0.526887 0.0422876 0.0691993
14 0.953464 0.410302 0.0402614 0.0792647
14 0.728178 0.505114 0.0411928 0.0655882
14 0.788268 0.553399 0.0582026 0.0221242
14 0.896912 0.477141 0.141699 0.0477778
14 0.769395 0.421912 0.0765033 0.0784641
14 0.864649 0.447574 0.0287418 0.0315196
14 0.837214 0.615147 0.0229248 0.0330719
14 0.820441 0.46509 0.0406863 0.1075
14 0.935629 0.582467 0.116585 0.0975817
14 0.874975 0.509853 0.0681863 0.039085