6 0.708688 0.483538 0.01975 0.0110849
6 0.714516 0.606344 0.03825 0.0264151
6 0.568016 0.592642 0.0435313 0.0425472
6 0.563609 0.506769 0.0298438 0.023066
6 0.733406 0.563986 0.0155312 0.0276887
6 0.743688 0.603196 0.0137813 0.0325236
6 0.644648 0.546085 0.0163281 0.0258962
6 0.674312 0.599222 0.0233125 0.0358962
6 0.599 0.591344 0.015375 0.0397642
6 0.576273 0.584646 0.0319844 0.0462736
6 0.511906 0.583337 0.0460938 0.038467
6 0.655 0.584752 0.033 0.0280896
6 0.604219 0.534953 0.0404062 0.0464151
6 0.660508 0.512205 0.0401406 0.0391745
6 0.704883 0.575236 0.0401406 0.029434
6 0.633914 0.609741 0.0436719 0.0308019
6 0.723586 0.524517 0.0341719 0.0255896
6 0.703398 0.591545 0.0433594 0.0302594
6 0.66882 0.504316 0.0337344 0.0502358
6 0.607031 0.563267 0.0448438 0.0328538
6 0.596617 0.48691 0.0113281 0.0141981
6 0.575453 0.493502 0.011375 0.0367217
6 0.657125 0.526592 0.0439375 0.0205425
6 0.731492 0.524575 0.0157656 0.0161792
6 0.520086 0.52 0.0358906 0.0328302
6 0.722664 0.601875 0.0240781 0.0288915
6 0.568922 0.525566 0.033125 0.0328774
6 0.661852 0.508597 0.0426406 0.0441745
6 0.619977 0.499233 0.0197344 0.0420519
6 0.515797 0.597099 0.0442188 0.0258962
6 0.611875 0.545613 0.0349375 0.0262736
6 0.759687 0.541415 0.02125 0.0505189
6 0.55218 0.619446 0.0472031 0.0203538
6 0.728836 0.507028 0.0417656 0.0361321
6 0.516586 0.540377 0.0415156 0.0527358
6 0.558266 0.6123 0.0455313 0.0302594
6 0.640547 0.602818 0.0319688 0.0302594
6 0.730844 0.533561 0.0358438 0.0525472
6 0.522742 0.543231 0.0239844 0.0257547
6 0.611766 0.5825 0.0124063 0.0166981
6 0.492047 0.535837 0.0339062 0.0450236
6 0.754797 0.604068 0.02175 0.0305425
6 0.653734 0.517311 0.0350312 0.0187264
6 0.705703 0.565436 0.03725 0.021533
6 0.692898 0.505861 0.0155156 0.0484198
6 0.560719 0.598585 0.053375 0.0402358
6 0.564234 0.55605 0.035375 0.0197406
6 0.531352 0.504611 0.0153281 0.0241274
6 0.705813 0.54513 0.022625 0.0230896
6 0.616539 0.576439 0.0148281 0.0157547
6 0.61032 0.607948 0.0129219 0.00716981
6 0.733531 0.636026 0.0499687 0.033184
6 0.680688 0.503208 0.0224375 0.0474528
6 0.752641 0.49441 0.0119063 0.0271698
6 0.657523 0.57658 0.0332344 0.0387264
6 0.684297 0.540601 0.01275 0.0195047
6 0.552437 0.533656 0.0211875 0.0245283