1 0.554937 0.5275 0.0237188 0.036125
1 0.404852 0.551521 0.0301719 0.069375
1 0.552617 0.595812 0.0342969 0.0435833
1 0.673805 0.541854 0.0381719 0.057125
1 0.472633 0.598208 0.0460469 0.0512917
1 0.424148 0.420948 0.0505781 0.0602708
1 0.397719 0.618135 0.0238438 0.0604792
1 0.516203 0.45575 0.0349687 0.047625
1 0.547063 0.529312 0.034875 0.0660417
1 0.557781 0.393854 0.0273125 0.034875
1 0.571313 0.458271 0.0385937 0.0457083
1 0.508141 0.536396 0.0360625 0.062375
1 0.516109 0.500104 0.048625 0.0387917
1 0.398586 0.463594 0.0236094 0.0585625
1 0.436477 0.475302 0.0469219 0.0366042
1 0.522109 0.43049 0.0236875 0.0407292
1 0.540695 0.458313 0.0193281 0.0617083
1 0.443953 0.523469 0.0480938 0.0352292
1 0.461945 0.388687 0.0429844 0.02525
1 0.485188 0.482156 0.039 0.0372292
1 0.500734 0.400875 0.0288438 0.0395
1 0.609687 0.515563 0.0359688 0.0361667
1 0.473047 0.541104 0.033875 0.0686667
1 0.66343 0.499865 0.0563594 0.0547292
1 0.440891 0.574729 0.0274063 0.0552917
1 0.615367 0.400135 0.0230781 0.0443542
1 0.577633 0.579135 0.0287656 0.0585208
1 0.527531 0.600594 0.03175 0.0376875
1 0.576234 0.409167 0.049625 0.0599167
1 0.638484 0.460365 0.0798438 0.0768542
1 0.458672 0.4555 0.0584687 0.0364167
1 0.614961 0.44576 0.0474219 0.0371042
1 0.607258 0.568625 0.0367656 0.0507917
1 0.657195 0.39476 0.0144531 0.0401042
1 0.473719 0.4085 0.0515312 0.0263333
1 0.537039 0.558073 0.0512656 0.0689375
1 0.627523 0.534083 0.0530781 0.0292917
1 0.413633 0.586021 0.0305781 0.0930833
1 0.574336 0.505344 0.0357656 0.0472292
1 0.42893 0.43949 0.0384531 0.0343542
1 0.578172 0.609396 0.0482187 0.0417917
1 0.669836 0.583854 0.0437031 0.07