15 0.392852 0.233667 0.0542344 0.0577083
15 0.434617 0.27049 0.0472656 0.0412708
15 0.485695 0.321073 0.0446719 0.0932708
15 0.424711 0.200042 0.0763281 0.0913333
15 0.388617 0.311729 0.0306094 0.061875
15 0.439484 0.347177 0.0391875 0.0568542
15 0.483398 0.277052 0.0467344 0.0412708
15 0.563 0.633552 0.0940312 0.112812
59 0.355016 0.28076 0.025 0.0330625
59 0.383961 0.278187 0.0212656 0.031625
59 0.348102 0.315365 0.0325156 0.0578125
59 0.324516 0.280927 0.0392813 0.0687292
59 0.3425 0.366948 0.0404062 0.0523542
59 0.366227 0.336104 0.0387344 0.0725417
59 0.407602 0.27076 0.0343281 0.0314792
59 0.309305 0.31075 0.0424844 0.0380417
59 0.312391 0.344615 0.0326875 0.0410208
59 0.394328 0.345042 0.02 0.0166667
14 0.57043 0.698094 0.102922 0.0893125
14 0.450227 0.686042 0.0901094 0.123167
14 0.385594 0.81901 0.0684063 0.148479
14 0.560289 0.85274 0.110922 0.116396
14 0.429867 0.912635 0.0394844 0.103146
14 0.402016 0.74975 0.0275 0.04975
14 0.451867 0.77076 0.118828 0.0811458
14 0.491742 0.866 0.0851406 0.115875
14 0.554305 0.756458 0.0859531 0.095375
14 0.483359 0.718719 0.111156 0.0846042
14 0.356641 0.684625 0.0401875 0.154708
14 0.482117 0.807302 0.110859 0.121063
14 0.40932 0.68424 0.0864219 0.140979
14 0.415633 0.840708 0.0305781 0.047375
14 0.508383 0.665385 0.0232656 0.0383542
38 0.420023 0.321219 0.0405781 0.0575208
38 0.420648 0.18624 0.0221719 0.0314792
44 0.679242 0.349802 0.129422 0.155021