37 0.473656 0.122914 0.240187 0.177891
37 0.344062 0.341367 0.36625 0.333734
37 0.623055 0.782047 0.312297 0.126906
37 0.881344 0.343484 0.237312 0.261
24 0.360297 0.834531 0.308188 0.180688
24 0.755648 0.105734 0.163328 0.167094
47 0.623078 0.803609 0.312312 0.17
47 0.8825 0.341977 0.235 0.251547
47 0.722344 0.537297 0.163906 0.266594
47 0.439984 0.0796094 0.17975 0.0961562
47 0.333555 0.341297 0.379703 0.436406
1 0.721148 0.537281 0.166172 0.266562
1 0.693602 0.277734 0.150297 0.273875
1 0.558461 0.313727 0.0486094 0.106516
1 0.639867 0.593359 0.327922 0.291219
1 0.83075 0.501805 0.175344 0.393297
1 0.882437 0.389711 0.234813 0.352484
1 0.566375 0.401719 0.0920625 0.142031
1 0.326828 0.1855 0.318688 0.125
1 0.12793 0.278703 0.227703 0.233844
1 0.185867 0.544031 0.367172 0.436156