19 0.155948 0.623422 0.0528958 0.032125
19 0.325083 0.731625 0.0650833 0.0492812
19 0.28025 0.626141 0.042 0.0310312
19 0.33251 0.692336 0.0615625 0.0390781
19 0.199792 0.632117 0.0574167 0.0356719
19 0.134125 0.678258 0.041125 0.0248594
19 0.252688 0.644125 0.0540417 0.0222188
19 0.195427 0.671109 0.0483125 0.040125
19 0.109917 0.641773 0.0654583 0.0375781
19 0.18876 0.792602 0.0528542 0.0355781
19 0.0905104 0.685 0.0473542 0.0458438
19 0.127479 0.605563 0.0588333 0.0315937
19 0.280031 0.698281 0.0283958 0.02375
19 0.23924 0.684539 0.0691875 0.0563594
19 0.309917 0.638961 0.0451667 0.0356719
19 0.133521 0.704414 0.047 0.0282031
19 0.135615 0.737867 0.0217708 0.0373906
19 0.0721146 0.713914 0.0362708 0.0248906
19 0.0720625 0.736547 0.037125 0.0253437
19 0.2545 0.741766 0.0707917 0.0526563
19 0.191729 0.706344 0.0439583 0.023875
6 0.843802 0.302523 0.312396 0.126984