37 0.95686 0.541173 0.05784 0.0688
37 0.8447 0.5616 0.0592 0.07056
37 0.83578 0.5084 0.031 0.0498667
37 0.97357 0.626733 0.04418 0.0424267
37 0.89866 0.520267 0.05684 0.0498133
37 0.90923 0.564187 0.05262 0.0465067
37 0.93656 0.596733 0.061 0.0699467
37 0.98165 0.595427 0.0367 0.0623733
37 0.88806 0.598627 0.0438 0.03416
37 0.79975 0.55316 0.03526 0.04184
37 0.87185 0.54028 0.05046 0.0613067
37 0.86284 0.479173 0.03944 0.06432
1 0.50063 0.722933 0.0603 0.09072
1 0.22049 0.830587 0.1095 0.154827
1 0.54993 0.398613 0.06766 0.0829867
1 0.47473 0.64752 0.09402 0.0928533
1 0.73525 0.4468 0.06978 0.0576
1 0.73424 0.49564 0.0716 0.0934667
1 0.53039 0.498187 0.07362 0.05904
1 0.91568 0.731227 0.07076 0.0806933
1 0.25482 0.96976 0.05136 0.06048
1 0.48329 0.379907 0.07174 0.0945867
1 0.79986 0.80948 0.06796 0.07352
1 0.21628 0.703827 0.0906 0.135547
1 0.83329 0.653693 0.06322 0.0876533
1 0.73423 0.67356 0.07202 0.0948533
1 0.89714 0.677027 0.06924 0.0896267
1 0.71842 0.796667 0.069 0.07264
1 0.5877 0.917693 0.06076 0.0846667
1 0.44063 0.433067 0.06966 0.0714667
1 0.60968 0.97636 0.07944 0.0452533
1 0.80011 0.8516 0.05906 0.1104
1 0.33773 0.93788 0.12878 0.12152
1 0.33595 0.854853 0.05726 0.0650667
1 0.67284 0.43232 0.06392 0.0763733
1 0.60931 0.433907 0.07202 0.06008
1 0.3121 0.779413 0.10184 0.1576
1 0.65415 0.916373 0.08566 0.11424
1 0.30889 0.69372 0.08726 0.0649867
1 0.77885 0.72604 0.0803 0.0984267
1 0.55191 0.346067 0.06694 0.05784
1 0.65243 0.35816 0.06434 0.09856
1 0.2967 0.526307 0.07948 0.0833333
1 0.38174 0.665773 0.09744 0.0961333
1 0.46374 0.46892 0.06844 0.0564
1 0.53939 0.6048 0.09362 0.0767467
1 0.38052 0.41048 0.07348 0.0884267
1 0.43131 0.38228 0.0461 0.0561867
1 0.59144 0.487133 0.06248 0.07176
1 0.73714 0.977053 0.08256 0.0458933
1 0.05807 0.9454 0.1083 0.1092
1 0.54904 0.970093 0.06952 0.0598133
1 0.64668 0.513547 0.08796 0.10496
1 0.66811 0.84256 0.07046 0.0928533
1 0.38154 0.54808 0.0852 0.124107
1 0.55885 0.695813 0.10078 0.150187
1 0.50336 0.795187 0.09556 0.06968
1 0.65786 0.470707 0.07432 0.0640267
1 0.40802 0.870947 0.1106 0.1524
1 0.05087 0.736333 0.10174 0.156133
1 0.5274 0.450587 0.06952 0.0660267
1 0.68696 0.556893 0.04208 0.0401867
1 0.83405 0.77404 0.06682 0.0911733
1 0.28936 0.603093 0.09592 0.136053
1 0.37053 0.740467 0.05158 0.0766667
1 0.78319 0.6578 0.05174 0.06104
1 0.18578 0.90124 0.125 0.119067
1 0.15659 0.731067 0.10846 0.143787
1 0.74217 0.8352 0.08874 0.09712
1 0.62111 0.649013 0.07754 0.0950933
1 0.68279 0.966253 0.04306 0.06312
1 0.59071 0.52612 0.04602 0.0430133
1 0.7377 0.9236 0.08928 0.106773
1 0.16782 0.936133 0.13596 0.12672
1 0.87886 0.83172 0.08012 0.0895733
1 0.81886 0.94028 0.08032 0.0921867
1 0.21418 0.632307 0.08008 0.0665867
1 0.07723 0.64908 0.10118 0.0913867
1 0.04303 0.29568 0.08606 0.119573
1 0.10888 0.8516 0.10804 0.13056
1 0.72268 0.76504 0.07624 0.05072
1 0.61526 0.698893 0.0186 0.0766667
1 0.65666 0.984907 0.03456 0.0301867
1 0.09786 0.712667 0.02252 0.0496
1 0.0299 0.355373 0.0598 0.0923467
1 0.60434 0.391613 0.05688 0.0582667
1 0.78511 0.402227 0.0711 0.0956533
1 0.84755 0.71944 0.06522 0.0918933
1 0.71975 0.37404 0.0673 0.0950667
1 0.44126 0.73664 0.10764 0.132213
1 0.34924 0.61592 0.05512 0.101653
1 0.23423 0.57544 0.07626 0.0781333
1 0.90158 0.781267 0.07128 0.0892533
1 0.03221 0.87472 0.06442 0.149707
1 0.80275 0.982027 0.06618 0.0359467
28 0.95889 0.155147 0.02174 0.0248533
28 0.88605 0.1066 0.02938 0.03496
28 0.83243 0.111613 0.03158 0.0344267
28 0.81377 0.138107 0.04298 0.0450133
28 0.89911 0.127413 0.0341 0.04656
28 0.92737 0.17724 0.03234 0.03672
28 0.96179 0.134253 0.00818 0.01336
28 0.97337 0.155947 0.01918 0.02992
28 0.79364 0.08416 0.0376 0.0382933
28 0.86205 0.123587 0.03494 0.0510667
28 0.82406 0.0760133 0.03192 0.0385867
28 0.78258 0.115427 0.02996 0.05016
28 0.7731 0.105147 0.02364 0.02592
28 0.89899 0.157907 0.03778 0.0470133
28 0.92942 0.143413 0.03576 0.0387733
28 0.85913 0.18544 0.07074 0.0870933
28 0.94766 0.129387 0.03056 0.0439467
28 0.85431 0.0885733 0.04558 0.03544
28 0.76931 0.0723333 0.0385 0.0545867
48 0.30171 0.0918267 0.08094 0.0696267
48 0.12104 0.176107 0.05236 0.0398933
48 0.08456 0.100267 0.0322 0.112
48 0.42837 0.0671733 0.08466 0.08432
48 0.2732 0.0421467 0.07508 0.0695733
48 0.37856 0.103987 0.05084 0.04696
48 0.4347 0.111813 0.07476 0.0927467
48 0.23691 0.2246 0.09962 0.06984
48 0.16905 0.15636 0.11038 0.13352
48 0.27578 0.174387 0.13424 0.0925067
48 0.11455 0.0496 0.11166 0.0992
48 0.27299 0.123973 0.06934 0.0447467
48 0.05143 0.107413 0.07174 0.0986667
48 0.10731 0.124333 0.03606 0.0776267
48 0.02977 0.35312 0.05862 0.08992
48 0.20528 0.0709067 0.12696 0.141813
48 0.36554 0.156067 0.08632 0.0873867
48 0.34209 0.10364 0.02278 0.0214133
48 0.15001 0.124187 0.09922 0.08656
48 0.3369 0.0580133 0.0576 0.07816
48 0.0432 0.29628 0.0864 0.120933
43 0.85879 0.18556 0.07166 0.0738933
43 0.89855 0.241387 0.0645 0.07936
43 0.84295 0.231533 0.0541 0.06296
43 0.62373 0.288747 0.07418 0.0677867
43 0.7995 0.244 0.07112 0.0448
43 0.72454 0.151907 0.0626 0.06008
43 0.83112 0.31064 0.0686 0.0688533
43 0.55588 0.292027 0.05928 0.03936
43 0.80163 0.332347 0.07582 0.0618133
43 0.77765 0.17524 0.05346 0.0825867
43 0.74425 0.229627 0.0471 0.0349867
43 0.86956 0.263467 0.06228 0.0376533
43 0.69037 0.208053 0.06462 0.0474133
43 0.72766 0.277813 0.05572 0.0486933
43 0.99016 0.109187 0.01968 0.0484
43 0.58393 0.27776 0.0447 0.05744
43 0.68376 0.33944 0.01944 0.0305067
43 0.62504 0.242013 0.069 0.0493067
43 0.75257 0.21328 0.04326 0.0228267
43 0.81359 0.197293 0.02954 0.05288
43 0.72805 0.340827 0.07542 0.0688533
43 0.76642 0.30484 0.05536 0.0522933
43 0.88594 0.06952 0.03152 0.0420267
43 0.66372 0.27192 0.0478 0.056
43 0.609 0.315387 0.04624 0.02624
43 0.91748 0.1042 0.03604 0.0364
43 0.68871 0.308493 0.05898 0.0544267
43 0.70681 0.192253 0.05802 0.06408
43 0.74391 0.18864 0.02266 0.03424
43 0.95943 0.106467 0.0435 0.0493067
43 0.86544 0.0699067 0.02824 0.0396533