39 0.672101 0.85715 0.0727171 0.07186
39 0.620784 0.81755 0.0877871 0.07622
39 0.541471 0.9413 0.105798 0.07808
39 0.404776 0.38338 0.0909524 0.06552
39 0.461162 0.86728 0.112017 0.07032
39 0.679076 0.90609 0.0688515 0.05646
39 0.379538 0.85096 0.0855182 0.06244
39 0.375238 0.793 0.0461625 0.06188
39 0.628768 0.93106 0.127899 0.07988
39 0.372521 0.93164 0.108852 0.097
39 0.579636 0.87561 0.104482 0.06954
39 0.442423 0.79289 0.101597 0.0739
39 0.528389 0.82576 0.107199 0.07552
39 0.435812 0.93482 0.10916 0.0826
39 0.651092 0.78808 0.0254902 0.03444