23 0.37557 0.514802 0.101516 0.156957
23 0.461938 0.473449 0.275781 0.374407
23 0.554445 0.491462 0.0921406 0.167945
23 0.333305 0.514743 0.228266 0.31083
32 0.719859 0.922955 0.0615 0.0736166
32 0.748953 0.872579 0.056125 0.0810079
32 0.781328 0.929051 0.064 0.0851383
32 0.814977 0.880514 0.0547969 0.0673123
48 0.23775 0.414437 0.115969 0.209348
48 0.33343 0.32416 0.142234 0.170494
48 0.214094 0.298923 0.163156 0.133063
59 0.890992 0.729269 0.130453 0.150949
59 0.789617 0.793113 0.118328 0.151364
59 0.895875 0.843745 0.115813 0.136858
59 0.768477 0.71087 0.129484 0.136008
14 0.824305 0.383458 0.186141 0.212569
14 0.918484 0.460257 0.163031 0.123597
14 0.655813 0.411403 0.0800312 0.119763
14 0.839891 0.429318 0.178906 0.209941
14 0.708062 0.47334 0.0573125 0.192688
14 0.863461 0.381621 0.230828 0.124506
14 0.667336 0.459032 0.0368594 0.0635968
14 0.935844 0.540642 0.0360625 0.0351186
14 0.742555 0.387777 0.104578 0.195474
14 0.750609 0.476621 0.0489375 0.0642688
8 0.335531 0.706838 0.225375 0.253636
8 0.489836 0.846255 0.207422 0.300059
8 0.533109 0.691917 0.184938 0.236996
8 0.605406 0.583567 0.156906 0.237846