6 0.284594 0.199875 0.0286563 0.0628333
6 0.309922 0.131094 0.0231875 0.0618542
6 0.442438 0.123844 0.0325937 0.0836458
6 0.484305 0.158479 0.0127031 0.05575
6 0.501148 0.156021 0.0128906 0.0546667
6 0.415133 0.177563 0.0153906 0.0587083
6 0.400422 0.0991042 0.0186562 0.0777083
6 0.431328 0.111385 0.0426875 0.0821042
6 0.283906 0.135781 0.0210938 0.0590625
6 0.464703 0.162437 0.02 0.0664167
6 0.509328 0.160125 0.0104063 0.0529167
6 0.863297 0.97949 0.039625 0.0396458
6 0.30007 0.207771 0.0312031 0.0697083
6 0.353078 0.165906 0.015875 0.0605208
6 0.480242 0.139969 0.00657812 0.0158125
6 0.33818 0.126083 0.0344219 0.0664167
6 0.407648 0.105698 0.0221094 0.0923125
6 0.448937 0.119719 0.0394688 0.0834792
6 0.475523 0.161927 0.0158906 0.0576875
6 0.492031 0.157677 0.0118438 0.0555625
6 0.358445 0.163844 0.0127031 0.0553958
6 0.442094 0.174281 0.0173125 0.0423125
6 0.427531 0.172563 0.0125 0.0569167
6 0.424219 0.17525 0.015 0.0684583
6 0.438328 0.18274 0.0102813 0.0316042
6 0.389047 0.0994167 0.0226875 0.0715417
6 0.291125 0.129052 0.0180625 0.0579375
6 0.93518 0.973208 0.0359531 0.05
6 0.328539 0.126281 0.0346094 0.0751458
37 0.437273 0.297937 0.0159531 0.02175
37 0.489414 0.309229 0.0240469 0.0261667
37 0.549406 0.338802 0.0245938 0.0234375
37 0.533062 0.317052 0.0240313 0.0202708
37 0.67393 0.632437 0.0469219 0.0587083
37 0.502297 0.336021 0.0248125 0.024875
37 0.572508 0.339427 0.0221719 0.0215208
37 0.468891 0.297365 0.0154687 0.0216875
37 0.554102 0.275802 0.00967187 0.0125625
37 0.593258 0.288594 0.0105781 0.0156458
37 0.682391 0.357687 0.0111562 0.014875
37 0.667938 0.323656 0.0071875 0.0143542
37 0.578844 0.286771 0.012375 0.015375
37 0.526242 0.336667 0.0230781 0.0235833
37 0.482773 0.290375 0.0115469 0.0166667
37 0.438828 0.281406 0.0136562 0.0176875
37 0.556133 0.322115 0.0224531 0.0258125
37 0.457203 0.313594 0.015 0.0174375
37 0.466586 0.282542 0.0152969 0.0174583
57 0.925945 0.791604 0.0244219 0.0322917
57 0.90825 0.932156 0.0213125 0.0307292
57 0.943953 0.806781 0.0219688 0.0295625
57 0.982867 0.90551 0.0328906 0.0263958
57 0.857023 0.805823 0.0257969 0.0338542
57 0.957578 0.845125 0.0226875 0.0266667
57 0.874258 0.793229 0.0242969 0.0367083
57 0.886063 0.853771 0.042125 0.0382083
57 0.903586 0.821177 0.0220156 0.0502708
57 0.875961 0.898875 0.0324844 0.039
57 0.902891 0.774729 0.03225 0.03375
57 0.856523 0.829229 0.0286406 0.0389583
57 0.927336 0.907583 0.0157031 0.0294583
57 0.881336 0.826167 0.0246094 0.0282083
57 0.889867 0.794052 0.0224219 0.0193125
57 0.913648 0.88999 0.0329844 0.0394375
57 0.929328 0.824281 0.017875 0.0161458
57 0.883875 0.815208 0.0233125 0.0277917
57 0.975219 0.880635 0.0386562 0.0341042
57 0.903477 0.912615 0.0327031 0.0405208
57 0.883992 0.931312 0.0277969 0.02925
57 0.949172 0.899833 0.0357188 0.0312083
57 0.922078 0.819281 0.02975 0.0294375
57 0.950414 0.9195 0.0235781 0.0190417
57 0.875219 0.772687 0.0193125 0.02975
18 0.15925 0.723271 0.014 0.0169167
18 0.207664 0.714458 0.0204844 0.030125
18 0.104031 0.77475 0.0125 0.0115417
18 0.0753047 0.828063 0.0175156 0.0236667
18 0.945617 0.609646 0.0160781 0.0166667
18 0.0770078 0.850896 0.0244219 0.0120417
18 0.986836 0.645635 0.0127031 0.0158958
18 0.875 0.599344 0.0076875 0.0110208
18 0.976109 0.607292 0.0169375 0.020375
18 0.0908516 0.774469 0.0196406 0.0230208
18 0.107008 0.835646 0.0234531 0.0230833
18 0.214914 0.695375 0.0168594 0.017875
18 0.175859 0.750281 0.0211562 0.0174375
18 0.0785391 0.838844 0.0230781 0.0202708
18 0.0871719 0.79551 0.0125312 0.0190208
18 0.0960859 0.7605 0.0151719 0.0185417
18 0.972938 0.635365 0.0151875 0.0171875
18 0.922609 0.584438 0.0171563 0.022875
18 0.107617 0.868594 0.0228594 0.0206875
18 0.896422 0.593979 0.0138437 0.0115417
18 0.0594063 0.844229 0.0175 0.0269167
18 0.208648 0.703021 0.00460938 0.00716667
18 0.17232 0.720771 0.0131094 0.015375
18 0.193039 0.724469 0.0109531 0.0174375
18 0.0915391 0.83126 0.0163281 0.0167708