11 0.638766 0.163869 0.168656 0.13459
11 0.176781 0.312434 0.256 0.27618
11 0.311656 0.170385 0.138156 0.106639
11 0.513383 0.15477 0.107297 0.0933443
11 0.424281 0.166049 0.102813 0.0756066
15 0.836273 0.666721 0.126172 0.172426
15 0.167813 0.722926 0.12875 0.149525
15 0.302031 0.758041 0.169469 0.199361
15 0.725984 0.660213 0.107844 0.149639
15 0.801156 0.772566 0.0749062 0.0817869
15 0.242547 0.598098 0.174406 0.184328
4 0.284516 0.859836 0.219594 0.175311
4 0.484836 0.908352 0.272797 0.0671639
4 0.430102 0.710107 0.228109 0.119492
4 0.542711 0.796279 0.344078 0.0828525
4 0.563688 0.841025 0.386969 0.0902459
4 0.465117 0.773467 0.192141 0.129492
4 0.499945 0.87741 0.298984 0.0926885
55 0.921695 0.634148 0.113547 0.180262
55 0.857523 0.547287 0.0586094 0.114443
55 0.850437 0.30077 0.151812 0.128721
55 0.765219 0.177369 0.108125 0.17123
55 0.701445 0.767689 0.172578 0.15282
55 0.867461 0.47082 0.0843281 0.153836
55 0.92118 0.469852 0.0713281 0.178787
55 0.774883 0.181033 0.121328 0.145869
55 0.855227 0.372025 0.0792031 0.0748689
42 0.451391 0.0953443 0.196844 0.113311
42 0.482641 0.422025 0.206844 0.180148