57 0.64743 0.631241 0.106359 0.171747
18 0.287086 0.617734 0.0621719 0.203468
18 0.225773 0.674089 0.0628281 0.0893924
32 0.415906 0.647911 0.02375 0.0342532
32 0.430906 0.673 0.02225 0.0401772
32 0.357922 0.636937 0.0208125 0.0379241
32 0.373359 0.637696 0.0245312 0.0353924
32 0.382891 0.666696 0.0210313 0.0322785
32 0.432891 0.641557 0.017875 0.0294937
32 0.401734 0.682608 0.0226562 0.0396962
32 0.348297 0.706038 0.0201875 0.0314684
32 0.439344 0.698772 0.0204375 0.0344051
32 0.34393 0.671278 0.0225469 0.0303544
32 0.393797 0.610481 0.019875 0.0266835
32 0.400047 0.71 0.022625 0.029519
32 0.446969 0.640722 0.014125 0.0248861
32 0.381445 0.714418 0.0187344 0.0276203
32 0.352914 0.655532 0.0150781 0.0204304
32 0.394477 0.636658 0.0185156 0.0276962
32 0.382117 0.69419 0.0179531 0.0297975
44 0.518023 0.603506 0.120109 0.239165
1 0.134664 0.598785 0.114422 0.242076