14 0.437688 0.317923 0.00696875 0.00922535
14 0.436031 0.351796 0.0141563 0.00974178
14 0.443242 0.330775 0.00648438 0.0261502
14 0.474805 0.352793 0.0130469 0.00704225
14 0.459641 0.341725 0.00571875 0.0245775
14 0.369297 0.450728 0.00484375 0.020939
14 0.487336 0.356761 0.00835937 0.00769953
14 0.485547 0.343662 0.00903125 0.0123005
14 0.453617 0.333791 0.0125156 0.016831
14 0.49293 0.370904 0.0162031 0.00692488
14 0.386336 0.450387 0.00326562 0.00589202
14 0.446508 0.325505 0.00554687 0.0227934
14 0.453352 0.353486 0.0111094 0.00795775