4 0.512617 0.495556 0.0711719 0.0881111
4 0.358312 0.574694 0.0697187 0.100167
4 0.43975 0.533972 0.0330312 0.0905
4 0.59093 0.4495 0.0563281 0.054
24 0.664914 0.429181 0.0858906 0.105917
24 0.393883 0.361542 0.0878281 0.0784722
24 0.630492 0.664111 0.0715469 0.0958889
24 0.276227 0.618583 0.109578 0.0625556
24 0.374922 0.413208 0.106438 0.110528
24 0.664609 0.653986 0.0755 0.0929167
24 0.259414 0.588625 0.102891 0.0339722
24 0.737211 0.629639 0.115234 0.0974444
24 0.580391 0.666417 0.0453125 0.0995556
24 0.709227 0.464681 0.0798906 0.101139
24 0.689133 0.445375 0.0804219 0.103417
24 0.403266 0.322236 0.0815 0.0461389
24 0.622938 0.392542 0.113844 0.133472
24 0.409375 0.306931 0.080625 0.0418611
24 0.310586 0.672958 0.137891 0.0889722