1 0.904125 0.531719 0.144333 0.0870625
1 0.80026 0.60507 0.228937 0.126922
1 0.305302 0.538172 0.0838542 0.0544375
1 0.884813 0.566977 0.113083 0.0411094
1 0.818969 0.476039 0.114854 0.0434844
1 0.74725 0.512477 0.186875 0.109516
1 0.183906 0.546563 0.192563 0.093
1 0.389094 0.546234 0.151521 0.05
1 0.587719 0.613789 0.217854 0.106391
1 0.246573 0.577625 0.151229 0.0438125
1 0.948677 0.488914 0.0535208 0.0360469
1 0.816958 0.441188 0.0382917 0.0295312
1 0.940406 0.438117 0.0491042 0.0329844
1 0.990927 0.428234 0.0165208 0.044
1 0.967667 0.48125 0.0646667 0.0243125
1 0.538167 0.593398 0.162917 0.103578