24 0.349203 0.623427 0.2405 0.223688
24 0.935531 0.329729 0.104062 0.105708
24 0.7575 0.172667 0.09875 0.114875
24 0.881727 0.218521 0.164484 0.112708
24 0.447461 0.444823 0.102859 0.122562
24 0.738156 0.476802 0.17775 0.204938
24 0.612391 0.101573 0.120063 0.0683542
24 0.150461 0.246542 0.139234 0.11975
24 0.130094 0.42551 0.161562 0.134688
24 0.393117 0.135531 0.100359 0.0920208
59 0.266531 0.429573 0.248469 0.183063
59 0.780047 0.311031 0.271906 0.152646
59 0.626109 0.199781 0.23275 0.152729
59 0.29268 0.21974 0.219422 0.149229
43 0.56268 0.304875 0.0515469 0.131292
43 0.783055 0.199146 0.0913906 0.079625
43 0.762492 0.22326 0.0306406 0.0421458
43 0.620023 0.383115 0.109484 0.0603125
43 0.775039 0.397812 0.0581719 0.0410417
43 0.586086 0.649969 0.252453 0.130271
43 0.271508 0.327313 0.0376094 0.0481667
43 0.881742 0.440177 0.0785156 0.0621875