48 0.0260271 0.563461 0.0504289 0.0320469
48 0.0465124 0.620258 0.0500451 0.0379531
48 0.0732167 0.574578 0.0534312 0.0492812
48 0.196727 0.566867 0.0287585 0.0321406
48 0.0956208 0.624398 0.0482619 0.0342969
48 0.173871 0.581797 0.0523476 0.0441563
48 0.285587 0.623867 0.0412415 0.0338906
48 0.198894 0.626687 0.0492551 0.035375
48 0.113138 0.549234 0.0381941 0.0187187
48 0.309357 0.624539 0.0372235 0.0369531
48 0.0523025 0.555305 0.0268623 0.0331406
48 0.0959481 0.561883 0.0293228 0.0287344
48 0.147844 0.567508 0.0274266 0.0285781
48 0.2143 0.546539 0.0300451 0.0222969
48 0.164458 0.556461 0.0286005 0.0262031
48 0.0453837 0.531219 0.0157788 0.015875
48 0.0309819 0.543969 0.017088 0.0156563
48 0.0108916 0.537695 0.0185327 0.0120781
48 0.218747 0.584227 0.0374492 0.0417969
48 0.141614 0.53968 0.0222799 0.0192656
48 0.224108 0.566789 0.0281716 0.0156406
48 0.028702 0.534102 0.0181716 0.0138594
48 0.18193 0.545125 0.0322573 0.0261562
48 0.0506659 0.537789 0.0265688 0.0173594
48 0.147585 0.544422 0.0311964 0.0218125
48 0.00996614 0.556812 0.0199323 0.0289687
48 0.201862 0.555773 0.0444921 0.0253906
48 0.0117269 0.613883 0.0234537 0.0303906
48 0.12184 0.576055 0.0553725 0.0544844
48 0.0726862 0.541 0.0344921 0.0376563
48 0.00989842 0.528734 0.0197968 0.0089375
48 0.148239 0.623711 0.0530926 0.0314844
48 0.246535 0.630219 0.0466591 0.020125
32 0.674278 0.608523 0.00950339 0.00723437
32 0.739786 0.589 0.00959368 0.00546875
32 0.762144 0.635133 0.0118736 0.00564062
32 0.714018 0.6335 0.0100226 0.00759375
32 0.674628 0.636414 0.0125959 0.00820313
32 0.72298 0.581477 0.00546275 0.00457813
32 0.703262 0.645203 0.0142438 0.00875
32 0.693183 0.640461 0.0103386 0.00979688
32 0.732946 0.612516 0.00950339 0.007875
32 0.742675 0.659203 0.00914221 0.0084375
32 0.742336 0.609789 0.0114898 0.00951562
32 0.672427 0.588828 0.00557562 0.00359375
32 0.708205 0.603391 0.00593679 0.004625
32 0.666106 0.628461 0.0129797 0.00820313
32 0.734876 0.645687 0.0111512 0.00846875
32 0.754752 0.639672 0.00986456 0.0039375
32 0.746975 0.647969 0.00975169 0.00675
32 0.723363 0.665641 0.0096614 0.00615625
32 0.686479 0.628703 0.0137698 0.0081875
32 0.652099 0.613719 0.0140858 0.0074375
32 0.724176 0.652375 0.0103386 0.00909375
32 0.673702 0.623844 0.0107449 0.00665625
32 0.716366 0.657242 0.0103837 0.00692187
32 0.736558 0.625391 0.00778781 0.00871875
32 0.696603 0.622094 0.0100451 0.00728125
32 0.710045 0.657711 0.00532731 0.00554687
32 0.695903 0.596625 0.00557562 0.0035625
32 0.724549 0.633352 0.0123476 0.00764062
32 0.765655 0.640641 0.01 0.00640625
32 0.75491 0.621414 0.00778781 0.00332812
32 0.671377 0.612305 0.0100226 0.00667187
32 0.717088 0.604227 0.00704289 0.00589063
32 0.672156 0.583297 0.006614 0.005375
32 0.695305 0.578461 0.00668172 0.00514063
47 0.89053 0.990266 0.0409255 0.0194687
47 0.56114 0.943742 0.0498646 0.0375156
47 0.652698 0.980805 0.0582167 0.0383906
47 0.642246 0.941437 0.0532054 0.0320312
47 0.617472 0.893367 0.0528217 0.0397031
47 0.592664 0.972734 0.057833 0.0297187
47 0.759853 0.986078 0.0574492 0.0278438
47 0.665418 0.961906 0.0512415 0.033
47 0.679605 0.996805 0.0376298 0.00554687
47 0.508499 0.940797 0.0569526 0.03475
47 0.73526 0.911672 0.0311512 0.0264062
47 0.569097 0.90743 0.0554853 0.0366094
47 0.492833 0.917398 0.0587133 0.0237656
47 0.46693 0.941914 0.0534537 0.0326094
47 0.853149 0.943836 0.031535 0.0272031
47 0.566479 0.990422 0.073228 0.0191562
47 0.720745 0.936789 0.0520993 0.0357969
47 0.524582 0.967914 0.0600451 0.0451406
47 0.583047 0.893078 0.016298 0.00615625
47 0.704853 0.951289 0.0537698 0.0343594
47 0.817935 0.937945 0.0545147 0.0379531
47 0.602472 0.926719 0.0569977 0.0364063
47 0.750463 0.967523 0.0578555 0.0297656
47 0.797619 0.925531 0.0302257 0.0245938
47 0.774402 0.950898 0.0601354 0.0320781
47 0.464199 0.974477 0.0614898 0.0442344
47 0.607472 0.957219 0.0608126 0.0379375
47 0.888375 0.973437 0.0355756 0.0335937
47 0.733047 0.994523 0.0423476 0.0109531
47 0.671749 0.901289 0.0310835 0.0247969
47 0.766106 0.91668 0.0486005 0.0370156
47 0.704944 0.979359 0.0571106 0.0382188
47 0.800034 0.977344 0.0409255 0.0434375
47 0.697427 0.907438 0.0537698 0.0379375
47 0.805734 0.994234 0.0213544 0.0115312
47 0.624966 0.991273 0.0540406 0.0174531
47 0.492664 0.991984 0.0837472 0.0160313
47 0.8464 0.965898 0.0611964 0.0364219
47 0.640237 0.908313 0.0334312 0.035
47 0.847223 0.98718 0.0641535 0.0256406
47 0.529007 0.914359 0.0485779 0.0435938
47 0.661682 0.92982 0.0552822 0.0353281
6 0.457743 0.508117 0.0413093 0.0467344
6 0.434887 0.51 0.0439503 0.0517813
6 0.495609 0.464102 0.0459819 0.0515469
6 0.520203 0.413555 0.0420767 0.0423281
6 0.444921 0.411406 0.039684 0.0264062
6 0.489605 0.504766 0.0259819 0.0320937
6 0.462167 0.655898 0.0281716 0.0184531
6 0.444029 0.643492 0.0248533 0.0230469
6 0.523533 0.507602 0.019842 0.0222969
6 0.456546 0.405023 0.0530474 0.0450781
6 0.509176 0.465609 0.0424605 0.0465625
6 0.474131 0.409797 0.0503837 0.0431875
6 0.43842 0.626727 0.0237472 0.0210781
6 0.473804 0.507539 0.0274718 0.0392656
6 0.464436 0.458555 0.0393454 0.0513281
6 0.501885 0.412477 0.0447178 0.0445469
6 0.466953 0.509422 0.0371106 0.046125
6 0.470192 0.397766 0.0156885 0.015375
6 0.443984 0.45282 0.0374492 0.0435781
6 0.478194 0.464008 0.0330474 0.0454219
6 0.417957 0.510484 0.0325282 0.0472813
6 0.527946 0.469906 0.0315576 0.0376875
6 0.489233 0.643328 0.0237472 0.0235938
6 0.509063 0.635531 0.0205643 0.031
6 0.464018 0.638461 0.0333634 0.0277031
6 0.540971 0.465016 0.0438375 0.04125
6 0.465497 0.624352 0.032754 0.0269531
6 0.52754 0.643594 0.0339052 0.0279687
6 0.508014 0.50707 0.0183747 0.0166719
6 0.48737 0.620039 0.0227765 0.0330781
6 0.528995 0.464875 0.0285553 0.0435938
6 0.509571 0.41068 0.0315576 0.0393594
6 0.510192 0.659687 0.0317156 0.02125
1 0.609797 0.803227 0.0269526 0.0317656
1 0.370542 0.483094 0.0240181 0.0195625
1 0.35193 0.428992 0.0323476 0.0222031
1 0.510282 0.792891 0.0512641 0.031375
1 0.19807 0.304703 0.0403837 0.0208125
1 0.380395 0.65432 0.0334763 0.0228281
1 0.575609 0.671672 0.0508578 0.0342812
1 0.518815 0.755742 0.0451693 0.0320156
1 0.456298 0.690969 0.0504289 0.0328437
1 0.54263 0.858078 0.0459819 0.0315312
1 0.0674153 0.325734 0.0454853 0.0263125
1 0.332415 0.400172 0.0283521 0.0245
1 0.228747 0.479102 0.0271558 0.0237969
1 0.552077 0.686797 0.0485779 0.0325625
1 0.254052 0.362953 0.0252144 0.0223125
1 0.572867 0.710258 0.0489391 0.0353906
1 0.602878 0.773172 0.0308578 0.031625
1 0.380971 0.508703 0.0204063 0.0213125
1 0.0825508 0.388617 0.0508352 0.0251406
1 0.622585 0.792266 0.0148307 0.0231562
1 0.604233 0.736953 0.0256208 0.0308125
1 0.0201806 0.477305 0.037833 0.0305156
1 0.611964 0.690898 0.0363431 0.0269219
1 0.37658 0.432641 0.0271106 0.0223438
1 0.312833 0.368977 0.0181716 0.0230781
1 0.329853 0.344016 0.0272912 0.0232812
1 0.132652 0.39075 0.0486456 0.0265
1 0.462506 0.858797 0.0423928 0.0274687
1 0.364086 0.376922 0.0278104 0.0235938
1 0.227257 0.506484 0.0268849 0.0256875
1 0.200756 0.333586 0.0393002 0.0256406
1 0.42333 0.41218 0.011851 0.0217969
1 0.364853 0.631062 0.0334086 0.0207813
1 0.552269 0.751672 0.0411512 0.0325625
1 0.425824 0.389484 0.0140858 0.0189687
1 0.595914 0.703852 0.0387359 0.0304844
1 0.252641 0.439313 0.01386 0.0142187
1 0.567111 0.653078 0.0400451 0.0189687
1 0.396716 0.433719 0.0181716 0.02025
1 0.499729 0.86225 0.0480813 0.0264375
1 0.619278 0.762094 0.0217607 0.0300938
1 0.35623 0.320523 0.0274041 0.0261719
1 0.401174 0.409359 0.0192777 0.02025
1 0.214108 0.420516 0.0348533 0.0240938
1 0.382675 0.406602 0.0233634 0.0228281
1 0.25474 0.30332 0.0308804 0.0243281
1 0.519853 0.672648 0.0311738 0.0161719
1 0.146795 0.419992 0.0448758 0.0256406
1 0.558047 0.82282 0.0407901 0.0322969
1 0.360372 0.403852 0.0304063 0.0230781
1 0.02114 0.446617 0.0422799 0.0277031
1 0.384357 0.45825 0.0232957 0.0209063
1 0.112359 0.450188 0.0511738 0.0290312
1 0.0775734 0.356945 0.049684 0.0278906
1 0.401591 0.458188 0.0174492 0.0195625
1 0.156783 0.300562 0.0474718 0.0223125
1 0.115993 0.327523 0.0478781 0.0261719
1 0.234402 0.392305 0.0293002 0.0246094
1 0.233375 0.334617 0.0304063 0.0256406
1 0.0330361 0.386 0.0500903 0.0259062
1 0.309526 0.506102 0.0290293 0.0266094
1 0.421546 0.675953 0.044447 0.0239375
1 0.541727 0.717609 0.043544 0.0309375
1 0.550982 0.789148 0.0436795 0.0324531
1 0.252122 0.334477 0.0312867 0.0256406
1 0.336072 0.373187 0.0310609 0.02475
1 0.100779 0.417242 0.0500903 0.0259219
1 0.23342 0.304391 0.0313544 0.0220938
1 0.0276975 0.354484 0.0504289 0.0284687
1 0.117325 0.481023 0.0500451 0.0271719
1 0.535666 0.664359 0.0288939 0.0180625
1 0.318476 0.480391 0.0322573 0.024875
1 0.59658 0.838719 0.0255756 0.0271875
1 0.39895 0.356023 0.0181716 0.0233281
1 0.174233 0.391023 0.0426411 0.0246094
1 0.246524 0.476352 0.0160722 0.0243906
1 0.332404 0.507766 0.0315801 0.025125
1 0.201185 0.362953 0.0378555 0.0251563
1 0.61316 0.825125 0.0137246 0.0215312
1 0.209571 0.391922 0.0385553 0.024875
1 0.413025 0.458203 0.0140858 0.0184687
1 0.314244 0.452 0.0350339 0.0242188
1 0.388567 0.482945 0.0181716 0.0207656
1 0.380135 0.351039 0.0289391 0.0235469
1 0.354616 0.348047 0.0300451 0.0228125
1 0.502167 0.71757 0.0474944 0.0369531
1 0.472043 0.793766 0.0374492 0.0284687
1 0.251693 0.390312 0.0209932 0.0227812
1 0.125666 0.359492 0.0430248 0.0266719
1 0.651975 0.757242 0.0405192 0.0277656
1 0.647935 0.727055 0.0444921 0.0305156
1 0.505011 0.689977 0.0511512 0.0317656
1 0.0195147 0.324969 0.0390293 0.0228125
1 0.520711 0.827969 0.045079 0.0319063
1 0.586005 0.813594 0.0318736 0.0323125
1 0.256298 0.416609 0.0174266 0.0240938
1 0.161817 0.480508 0.0459819 0.0266719
1 0.320779 0.425531 0.0328894 0.020375
1 0.168555 0.512242 0.0418962 0.0257031
1 0.18351 0.420391 0.0404289 0.0238438
1 0.41351 0.435336 0.0211512 0.0200156
1 0.579876 0.781023 0.0334763 0.0304219
1 0.395745 0.507953 0.0168172 0.0220938
1 0.233375 0.365602 0.0270655 0.0223906
1 0.166603 0.361867 0.0417833 0.0257344
1 0.159041 0.45218 0.0441309 0.0269219
1 0.358036 0.50893 0.0272686 0.0231406
1 0.365666 0.457266 0.024921 0.0249062
1 0.203273 0.508852 0.0347178 0.0269219
1 0.408352 0.643742 0.0475395 0.0356406
1 0.0304515 0.509969 0.04 0.027375
1 0.467743 0.721414 0.0389616 0.0366719
1 0.0148194 0.414289 0.02693 0.0282031
1 0.0617043 0.298266 0.0445372 0.0169375
1 0.576027 0.848773 0.0347178 0.0286094
1 0.403093 0.383727 0.0210384 0.0201406
1 0.348284 0.482055 0.0260045 0.0207656
1 0.582585 0.744875 0.033386 0.0312812
1 0.162054 0.330125 0.0458691 0.0262812
1 0.479966 0.828969 0.0511738 0.0312812
1 0.196682 0.481406 0.0385553 0.024875
1 0.075316 0.512539 0.047833 0.0264219
1 0.0672799 0.479484 0.049684 0.0287187
1 0.358386 0.640617 0.0238149 0.0168594
1 0.0652257 0.448594 0.0463431 0.0274375
1 0.386117 0.378742 0.0185553 0.0197656
1 0.403296 0.481625 0.0194131 0.0206875
1 0.343138 0.454609 0.0289391 0.025125
1 0.242099 0.500391 0.014447 0.0212812
1 0.126343 0.512687 0.0456885 0.0266562
1 0.239097 0.419781 0.0278555 0.02275
1 0.108612 0.295773 0.0537472 0.0258906
1 0.475327 0.759617 0.0404063 0.0330781