62 0.164648 0.243988 0.0516406 0.0544706
62 0.027375 0.205659 0.05475 0.0512235
62 0.0376406 0.228188 0.026875 0.0210353
62 0.0559844 0.882647 0.066625 0.0777176
62 0.0982734 0.945518 0.112859 0.0886353
62 0.589109 0.471718 0.0340937 0.0638588
62 0.0262109 0.915518 0.0509531 0.165718
62 0.148727 0.898141 0.0835469 0.131059
62 0.237859 0.148447 0.02725 0.0153412
62 0.0997422 0.173129 0.0702656 0.0549176
62 0.867945 0.668835 0.0390156 0.0276941
62 0.779648 0.438176 0.0313594 0.0340941
62 0.0470938 0.966576 0.05225 0.0627529
62 0.290727 0.149871 0.0846094 0.0885882
62 0.174625 0.979635 0.0455 0.0393176
62 0.677469 0.386753 0.0594688 0.0574588