14 0.462953 0.401813 0.0361563 0.10525
14 0.437258 0.446219 0.0241406 0.112188
14 0.361687 0.42926 0.0354688 0.0802292
14 0.493758 0.417531 0.0468594 0.104021
14 0.423141 0.43624 0.041125 0.186854
43 0.339523 0.495698 0.0658594 0.0970208
43 0.385313 0.54474 0.0689063 0.113521
33 0.842961 0.642573 0.0828281 0.238271
33 0.795227 0.585125 0.0669219 0.131292
33 0.895727 0.869354 0.0938906 0.255208
33 0.714523 0.796344 0.0431094 0.194354
33 0.742531 0.596469 0.0845 0.207896
33 0.772695 0.867854 0.0336406 0.138875
33 0.909711 0.619458 0.0361094 0.158333
33 0.731945 0.888385 0.0307344 0.0735208
33 0.83143 0.775667 0.0809531 0.261375
33 0.75018 0.718979 0.0567344 0.211292
33 0.769133 0.760156 0.149234 0.221354
33 0.965766 0.677229 0.0673125 0.0615417
33 0.826625 0.912469 0.0409687 0.108021
33 0.844625 0.596625 0.110062 0.206333
33 0.774656 0.650198 0.0564375 0.173271
33 0.745719 0.83801 0.027125 0.106021
33 0.927594 0.679146 0.015 0.0433333
33 0.944891 0.707198 0.0230625 0.197521
33 0.77282 0.578896 0.0766406 0.166792
33 0.804961 0.950469 0.0925781 0.0971042
33 0.85868 0.888198 0.0485156 0.223604
33 0.782625 0.734083 0.0833438 0.174792