8 0.654802 0.253 0.0368958 0.0438125
8 0.370333 0.111289 0.0904583 0.0447656
8 0.552635 0.336625 0.0699792 0.0555937
8 0.68901 0.195133 0.0462292 0.0434219
8 0.719708 0.221328 0.0410417 0.024625
8 0.654104 0.165219 0.0628333 0.0475
8 0.376312 0.279117 0.0817917 0.0369219
8 0.505458 0.0755078 0.053 0.0214844
8 0.441833 0.159594 0.0779167 0.043125
6 0.646771 0.832391 0.132375 0.0988437
6 0.612583 0.875344 0.119833 0.082875
6 0.581135 0.697945 0.0991042 0.0879219
6 0.510594 0.692719 0.124396 0.08775
6 0.484219 0.892117 0.0750625 0.0914219
6 0.655594 0.764281 0.107604 0.0681563
6 0.405156 0.864914 0.135146 0.0897656
6 0.434698 0.711352 0.122854 0.0869844
6 0.55125 0.897766 0.101167 0.084
6 0.381979 0.812758 0.11825 0.0834531
6 0.399844 0.746453 0.125562 0.0824375
6 0.633229 0.723641 0.1285 0.073625
14 0.682323 0.287039 0.0890208 0.0942344
14 0.615792 0.328672 0.116458 0.0570937
14 0.662292 0.274547 0.08 0.076875
14 0.29099 0.187281 0.0289792 0.0453438
14 0.669406 0.114344 0.0698125 0.0573125
14 0.49926 0.275375 0.0202292 0.0909688
14 0.439094 0.317539 0.0523542 0.0348906
14 0.515219 0.0560703 0.00839583 0.0231094
14 0.688125 0.277125 0.0302083 0.0226562
14 0.518427 0.044125 0.0214792 0.0185937
14 0.402771 0.309539 0.0365833 0.0820156
14 0.655604 0.253375 0.0385417 0.04425
14 0.61549 0.0682344 0.0367708 0.0354688
14 0.418812 0.328914 0.0252083 0.0417969
14 0.552865 0.0451328 0.0403125 0.0486719
11 0.820229 0.449664 0.199875 0.124984
11 0.666927 0.580008 0.199854 0.133266
56 0.56674 0.778945 0.0857292 0.0647656
56 0.51174 0.760672 0.0757292 0.0528125
56 0.533854 0.82818 0.0910833 0.0602344
56 0.473177 0.799711 0.0790208 0.0665781
24 0.318208 0.150453 0.0775833 0.0577187
24 0.335427 0.215867 0.100729 0.0594531
24 0.645437 0.125141 0.048125 0.0568125
24 0.568229 0.289344 0.0791667 0.03325
24 0.400469 0.0816172 0.0611042 0.0215781
24 0.470479 0.27618 0.046375 0.0417031
24 0.661604 0.215422 0.0778333 0.044875