11 0.761727 0.556676 0.0405469 0.044308
11 0.43793 0.332924 0.164328 0.15692
11 0.186281 0.811277 0.08675 0.119201
11 0.607086 0.5723 0.108578 0.12729
11 0.435594 0.729425 0.0546562 0.0993957
11 0.298602 0.132524 0.183828 0.231053
17 0.284312 0.743236 0.0726875 0.114113
17 0.142547 0.84614 0.0575625 0.0963743
17 0.549734 0.569386 0.0963437 0.0790838
17 0.186914 0.811257 0.0879531 0.114912
17 0.138039 0.363421 0.0685469 0.0646589
17 0.620437 0.182407 0.0407813 0.0990838
14 0.513117 0.701491 0.0786719 0.145439
14 0.714008 0.632349 0.0438281 0.0663743
14 0.243008 0.435292 0.123141 0.12037
14 0.319477 0.610712 0.0847344 0.131754
14 0.622586 0.488187 0.0515781 0.0556725
14 0.703414 0.244454 0.0461719 0.0689474
14 0.436609 0.429561 0.109438 0.140136
14 0.344305 0.792583 0.0844219 0.0987329
14 0.653602 0.35193 0.0209531 0.037193
14 0.312594 0.84578 0.0567187 0.0520663
14 0.386164 0.475 0.0660156 0.0766277
14 0.656727 0.264912 0.0234219 0.0319298