11 0.613766 0.0708125 0.0714375 0.0760417
11 0.747727 0.516677 0.0784531 0.180312
11 0.486789 0.251417 0.0113906 0.0112917
11 0.187078 0.239052 0.105719 0.0826042
11 0.706539 0.377458 0.112109 0.132542
11 0.541625 0.618688 0.122125 0.10625
11 0.56932 0.303948 0.113297 0.137688
11 0.382453 0.259865 0.0970938 0.119188
11 0.275219 0.532875 0.105438 0.125417
11 0.226781 0.14375 0.0853437 0.0653333
11 0.0346484 0.64799 0.0692969 0.123104
11 0.666328 0.548396 0.0521875 0.135792
11 0.626852 0.656375 0.0802031 0.148042
11 0.537008 0.464792 0.0657969 0.0985
11 0.302422 0.171021 0.0699687 0.076
11 0.832375 0.414146 0.110156 0.146875
11 0.250852 0.313344 0.0653281 0.0619375
11 0.304133 0.390135 0.0969844 0.126438
11 0.642531 0.153083 0.0480312 0.048625
11 0.499539 0.180188 0.151266 0.155708
11 0.157578 0.361563 0.0999687 0.0974583
11 0.349609 0.0708646 0.114875 0.0880625