32 0.487352 0.762177 0.0167344 0.0195625
32 0.490641 0.689396 0.0215312 0.019125
32 0.515602 0.720875 0.0130469 0.0202083
32 0.503812 0.749875 0.01375 0.01475
32 0.473484 0.684187 0.0160625 0.01725
32 0.534641 0.699865 0.0155 0.0190208
32 0.467016 0.695052 0.0106563 0.0105625
32 0.464289 0.741042 0.0157031 0.0192917
32 0.531375 0.72799 0.0124063 0.0210625
32 0.506586 0.693656 0.0145781 0.0231458
32 0.441375 0.724396 0.0127188 0.0109583
32 0.454742 0.760854 0.0140469 0.0122917
32 0.541203 0.754312 0.018375 0.0295
32 0.487984 0.74576 0.0206563 0.0190625
32 0.52432 0.730323 0.0152344 0.0223958
32 0.509023 0.730854 0.0163281 0.0275417
32 0.544523 0.729135 0.0196094 0.0246875
32 0.491711 0.722625 0.0183906 0.0235417
32 0.474313 0.702479 0.0159063 0.0220417
32 0.530453 0.711469 0.0173125 0.0161458
32 0.529273 0.774656 0.0167344 0.0165208
32 0.514031 0.769615 0.0155312 0.0111458