11 0.781094 0.512719 0.185469 0.237479
11 0.774719 0.385344 0.140813 0.105104
11 0.491875 0.603094 0.0982813 0.0930625
11 0.709977 0.21624 0.0897031 0.113521
11 0.47907 0.170927 0.280297 0.333354
11 0.62968 0.314271 0.133234 0.228958
11 0.721281 0.330521 0.063625 0.132542
11 0.662195 0.649802 0.234859 0.248062
11 0.685273 0.130646 0.0742344 0.0915417
11 0.425312 0.681365 0.130281 0.124562
11 0.255672 0.437406 0.199188 0.432646
11 0.517547 0.539781 0.0629687 0.0413125
11 0.442883 0.515979 0.111609 0.106125
11 0.632828 0.177687 0.0825 0.102042