44 0.56907 0.237045 0.07518 0.12042
44 0.64634 0.271905 0.15484 0.161345
44 0.85706 0.19465 0.265 0.3707
44 0.22606 0.219468 0.45212 0.438936
44 0.45789 0.0998179 0.03962 0.198179
44 0.19516 0.702227 0.39032 0.595546
44 0.67784 0.40395 0.18988 0.318936
44 0.66432 0.113838 0.14552 0.203585
44 0.69502 0.662353 0.09968 0.201569
44 0.91889 0.795154 0.1591 0.353053
44 0.81682 0.530336 0.27908 0.371317
44 0.44461 0.931457 0.26602 0.137087
44 0.49006 0.262815 0.15412 0.147479
44 0.81089 0.846961 0.26806 0.296891
44 0.47888 0.585308 0.38088 0.600028
44 0.64191 0.872017 0.29926 0.255966
44 0.98793 0.254454 0.02414 0.111709
44 0.05578 0.375 0.11052 0.185518
44 0.71518 0.209622 0.03348 0.0928011
44 0.9446 0.473263 0.1108 0.315098