46 0.774404 0.423742 0.0498529 0.0481699
46 0.746078 0.362443 0.0505556 0.0465196
46 0.446536 0.491912 0.0408497 0.0384314
46 0.260523 0.562582 0.0423529 0.0500654
46 0.267868 0.321283 0.0512908 0.0460948
46 0.673644 0.444616 0.0513072 0.0431863
46 0.544052 0.483595 0.0579412 0.0540196
46 0.201258 0.561193 0.0496732 0.0442484
46 0.716185 0.460098 0.0494935 0.053268
46 0.205629 0.409126 0.0526634 0.0499837
46 0.326552 0.638252 0.0529085 0.0515033
46 0.821609 0.624583 0.046683 0.038415
46 0.434346 0.519559 0.0212092 0.0301634
46 0.819665 0.538889 0.0247876 0.0203268
46 0.714984 0.645368 0.0621242 0.0540686
46 0.814763 0.476119 0.0244608 0.0198856
46 0.169967 0.672753 0.0648366 0.0637092
46 0.564698 0.537459 0.0294608 0.0412582