6 0.61313 0.285586 0.10466 0.121982
6 0.58584 0.382643 0.10828 0.157898
6 0.71453 0.290541 0.09382 0.148949
6 0.69208 0.40452 0.09992 0.19018
37 0.29652 0.732553 0.22612 0.236877
37 0.36844 0.75033 0.19564 0.284324
14 0.62791 0.497613 0.05842 0.119249
14 0.60976 0.686712 0.09596 0.154685
14 0.50827 0.823138 0.15166 0.160511
14 0.49896 0.697958 0.12188 0.226607
14 0.6543 0.606186 0.18972 0.106306
14 0.56127 0.712057 0.10646 0.275886
14 0.57174 0.520105 0.0768 0.136126
14 0.53344 0.517387 0.04176 0.145045