18 0.410008 0.534927 0.00992188 0.0111042
18 0.933094 0.589438 0.0163438 0.014875
18 0.447609 0.537729 0.00928125 0.012125
18 0.42025 0.56649 0.0110625 0.0121458
18 0.382203 0.533406 0.0121563 0.0176458
18 0.436437 0.553823 0.00825 0.0100208
18 0.395289 0.555635 0.0102031 0.0138542
18 0.910219 0.583896 0.016375 0.0188333
18 0.417523 0.556906 0.00689063 0.0078125
18 0.465023 0.55849 0.00845313 0.0107708
18 0.976812 0.604531 0.0159688 0.0189792
18 0.248445 0.475896 0.00557812 0.00716667
18 0.0650078 0.442667 0.0104219 0.012125
18 0.245844 0.446052 0.00865625 0.0105208
18 0.255328 0.422375 0.00953125 0.0137917
18 0.273687 0.427344 0.0116562 0.0128958
18 0.45357 0.57451 0.00992188 0.00760417
18 0.454266 0.548573 0.008375 0.0125625
18 0.446516 0.564677 0.009125 0.0108542
18 0.409398 0.54576 0.0105781 0.0129792
18 0.281141 0.475771 0.007875 0.00895833
18 0.0281094 0.448469 0.00671875 0.00410417
18 0.894578 0.591896 0.00909375 0.016375
18 0.293992 0.469938 0.0124219 0.0137917
18 0.275281 0.482667 0.011375 0.014625
18 0.0272344 0.438792 0.0080625 0.00791667
18 0.931719 0.607458 0.0179687 0.0191667
18 0.443266 0.5725 0.0105 0.0105
18 0.400867 0.539156 0.00904687 0.0105208
18 0.270852 0.463719 0.00942187 0.0115208
18 0.957617 0.584031 0.0167344 0.0146042
18 0.326211 0.476854 0.0107656 0.012
18 0.31632 0.480323 0.00829687 0.0068125
18 0.0520156 0.446906 0.0065625 0.00764583
18 0.0474922 0.434865 0.00942187 0.0123125
18 0.396367 0.533073 0.00957812 0.0122708
18 0.0874063 0.437594 0.010125 0.0147708
18 0.901117 0.585656 0.00670312 0.0125625
18 0.408445 0.560771 0.0117344 0.014375
18 0.43375 0.547948 0.007125 0.00614583
18 0.0574219 0.444979 0.0055625 0.0105833
18 0.425477 0.556385 0.0106719 0.0119375
18 0.91282 0.602875 0.0141406 0.0175417
18 0.282117 0.437958 0.00807813 0.0133333
18 0.950313 0.601677 0.0190937 0.0205208
18 0.435227 0.564042 0.0110781 0.0125833
18 0.0359453 0.436281 0.00979688 0.00947917
18 0.440953 0.543917 0.0103125 0.011125
18 0.428156 0.539948 0.0113125 0.0158542
18 0.41518 0.531156 0.00826563 0.0069375
18 0.988039 0.6105 0.0152031 0.0130833
18 0.418289 0.536385 0.00917187 0.0078125
18 0.455391 0.56675 0.00634375 0.0100833
18 0.411102 0.568333 0.0114219 0.0095
18 0.428609 0.570562 0.0126875 0.0122917
18 0.0670469 0.427729 0.00496875 0.006625
18 0.283992 0.457813 0.00757812 0.008125
18 0.0400859 0.445688 0.00770312 0.0110417
18 0.071875 0.444969 0.00490625 0.00797917