11 0.102453 0.43923 0.204906 0.239552
11 0.845781 0.769444 0.0550312 0.0840741
11 0.424477 0.385049 0.314828 0.378908
11 0.763766 0.112749 0.0995 0.181871
11 0.129406 0.103947 0.249 0.206491
11 0.498805 0.524016 0.233422 0.324211
11 0.4065 0.148616 0.0717812 0.158441
11 0.851547 0.153957 0.0666875 0.0953216
11 0.949617 0.305487 0.100766 0.0360819
11 0.364086 0.0805848 0.328734 0.160819
11 0.173086 0.680565 0.164328 0.14655
14 0.525375 0.804698 0.225563 0.274113
14 0.693063 0.227593 0.124687 0.153704
14 0.386766 0.754074 0.230687 0.250838
14 0.936805 0.734045 0.0307344 0.131326
14 0.0805156 0.814474 0.0717187 0.0782651
14 0.955008 0.389795 0.0653906 0.104659
14 0.772687 0.242008 0.0454062 0.0863548
14 0.94668 0.260409 0.0998594 0.0659649
14 0.298984 0.750049 0.135688 0.251014
14 0.917609 0.620487 0.142031 0.154386
14 0.255492 0.231881 0.0934219 0.0627096
14 0.130594 0.243879 0.17325 0.131072