46 0.779516 0.389729 0.0303125 0.0328333
46 0.849641 0.472229 0.0275 0.0336667
46 0.797078 0.611052 0.0311563 0.0319792
46 0.820453 0.637927 0.0395 0.0500208
46 0.796102 0.656521 0.0213281 0.03825
46 0.861445 0.626021 0.0521094 0.0566667
46 0.835109 0.56326 0.0290312 0.0356458
46 0.845633 0.718417 0.0445156 0.0523333
46 0.821344 0.404219 0.0317812 0.0388542
46 0.720031 0.323302 0.0176563 0.0189792
46 0.741891 0.346969 0.0311563 0.0326875
46 0.861187 0.582354 0.0313125 0.033375
46 0.704883 0.342562 0.0369219 0.034875
46 0.893438 0.491146 0.035375 0.044875
46 0.845461 0.512948 0.0157656 0.0294792
46 0.854328 0.44325 0.0225 0.02825
46 0.821992 0.687281 0.0296406 0.0309375
46 0.825547 0.59676 0.0243125 0.0381042
46 0.77568 0.352792 0.0263281 0.02575
46 0.667109 0.299542 0.0225 0.025125
46 0.872367 0.468469 0.0286094 0.0319375
46 0.80625 0.71825 0.0355625 0.0470833
46 0.772867 0.732688 0.0382656 0.0479583
46 0.769656 0.642052 0.0346875 0.0569375
46 0.877922 0.54976 0.0450938 0.0449792
46 0.842937 0.493094 0.0193125 0.0251042
46 0.880961 0.662698 0.0407656 0.0489792
46 0.798797 0.404615 0.0126875 0.0215208
46 0.889211 0.590677 0.0290156 0.0376875
46 0.868062 0.51 0.0375 0.0379583
46 0.74275 0.324021 0.0273438 0.0289583
46 0.832734 0.45176 0.0358438 0.0460208
46 0.822 0.428635 0.0259688 0.0156458
46 0.733 0.358896 0.0129375 0.0138333
46 0.788391 0.37674 0.0233437 0.0233542
46 0.761945 0.769937 0.0414844 0.050125
46 0.743406 0.700625 0.0272812 0.0406667
46 0.753156 0.371833 0.028375 0.0235417
46 0.844727 0.66526 0.0336094 0.0407292
46 0.683906 0.351219 0.0230625 0.0347292
46 0.726586 0.652073 0.0333594 0.0465208
43 0.470211 0.575281 0.105203 0.0685208
43 0.583734 0.276156 0.060375 0.0630625
43 0.543953 0.432437 0.203313 0.250583
43 0.697094 0.541479 0.240563 0.170542
43 0.635578 0.310823 0.075 0.132812
43 0.662695 0.415438 0.0509531 0.085125
43 0.520617 0.290219 0.0728281 0.101062
43 0.759539 0.444583 0.174922 0.203917
14 0.528969 0.186938 0.0515938 0.046625
14 0.571109 0.200156 0.0434063 0.0651458
14 0.672727 0.201281 0.0465469 0.0292292
14 0.599617 0.223896 0.0453906 0.08
14 0.564281 0.142073 0.0888437 0.0354792
14 0.536039 0.230896 0.0707656 0.0612917
14 0.562609 0.16175 0.0995938 0.0504167
14 0.504766 0.157948 0.0363438 0.0225625
14 0.66668 0.247802 0.0385469 0.0766042
14 0.713922 0.256344 0.0782188 0.109813
14 0.548328 0.124583 0.0685313 0.034625
14 0.550469 0.22474 0.062125 0.0392292
14 0.673805 0.291458 0.0217969 0.029625
14 0.631406 0.23624 0.07725 0.0877292