14 0.816367 0.721677 0.0941094 0.0703958
14 0.723789 0.696333 0.0354531 0.0180417
14 0.269328 0.610833 0.0820312 0.0980833
14 0.601945 0.434854 0.0662031 0.071125
14 0.221453 0.699688 0.0657188 0.0707917
14 0.631211 0.383271 0.0470781 0.0745833
14 0.491938 0.721635 0.0482187 0.0611458
14 0.476117 0.85376 0.0763594 0.104063
14 0.325969 0.429333 0.0692187 0.0575833
14 0.643586 0.297833 0.0336094 0.0569583
14 0.561344 0.699229 0.0815937 0.0673333
14 0.691594 0.309406 0.0287187 0.0542292
14 0.285984 0.71425 0.0912188 0.145833
14 0.653469 0.640552 0.0451562 0.0809375
14 0.515031 0.283812 0.0206563 0.0205833
14 0.721789 0.588708 0.0575781 0.067625
14 0.375922 0.514188 0.028375 0.070125
14 0.719766 0.673229 0.0526875 0.0599583
14 0.434414 0.47675 0.0938281 0.0975417
14 0.563633 0.533438 0.0704531 0.0705833
14 0.0487109 0.685948 0.0420781 0.105938
14 0.274336 0.503146 0.0496406 0.0738333
14 0.187273 0.61549 0.0562969 0.0743958
14 0.488281 0.213542 0.023 0.0183333
14 0.303836 0.368062 0.0453906 0.0700833
14 0.224359 0.593063 0.065375 0.0852083
14 0.339016 0.664042 0.0438125 0.0506667
14 0.387617 0.568177 0.0534219 0.0617708
14 0.150938 0.664521 0.0651562 0.0797083
14 0.302344 0.543958 0.0307187 0.0356667
14 0.710836 0.331406 0.0226406 0.0248958
14 0.394055 0.408021 0.0521719 0.0455417
14 0.200898 0.540708 0.0617969 0.078
14 0.785711 0.706177 0.0561406 0.0526042
14 0.427828 0.658958 0.0824375 0.098625
14 0.726672 0.31599 0.0341562 0.0231875
14 0.128117 0.57526 0.0552969 0.0531458
14 0.556055 0.776844 0.0395156 0.0300208
14 0.0821406 0.587302 0.0538438 0.0593958
14 0.26325 0.441219 0.0364063 0.0333958
14 0.442828 0.591458 0.049 0.0861667
14 0.606766 0.548813 0.0634375 0.0710833
14 0.28043 0.57424 0.0442656 0.0318958
14 0.456758 0.428052 0.0385781 0.0553542
14 0.0792734 0.535958 0.0539219 0.0504167
14 0.653117 0.269188 0.0327031 0.029625
14 0.689766 0.484896 0.0662188 0.0766667
14 0.506086 0.484656 0.0404844 0.0744375
14 0.07325 0.447615 0.0670625 0.0635208
14 0.0942109 0.673396 0.0632344 0.0702917
14 0.358016 0.468281 0.073875 0.0818125
14 0.446164 0.266354 0.0507344 0.0692083
14 0.560109 0.213813 0.0360625 0.04575
14 0.979047 0.568875 0.0419062 0.0859583
46 0.770445 0.63226 0.0522969 0.0471458
46 0.653273 0.564521 0.0536094 0.071875
46 0.500687 0.681292 0.06525 0.07975
46 0.665008 0.342594 0.0459219 0.0526458
46 0.365141 0.731042 0.079125 0.097875
46 0.492398 0.530573 0.0433906 0.0402292
46 0.28425 0.449687 0.047625 0.046
46 0.494742 0.446073 0.0566094 0.0487292
46 0.977391 0.65224 0.0452188 0.0573125
46 0.219258 0.65251 0.0637031 0.0570208
46 0.644914 0.249292 0.0286094 0.03225
46 0.672383 0.580135 0.0592031 0.0682292
46 0.536766 0.819917 0.062375 0.087875
46 0.770109 0.657573 0.0493437 0.0606042
46 0.237906 0.482469 0.0526875 0.0675625
46 0.586695 0.388427 0.0425781 0.0539792
46 0.658891 0.428917 0.0402187 0.0360833
46 0.14818 0.626542 0.0464531 0.059125
46 0.549242 0.380073 0.0411094 0.0539792
46 0.420312 0.41275 0.0651875 0.045
46 0.0672344 0.637531 0.0468438 0.0600625
46 0.408266 0.612323 0.0409687 0.0673958
46 0.622961 0.265385 0.0333594 0.0418125
46 0.240492 0.526708 0.0225469 0.0550833
46 0.803906 0.676813 0.0205625 0.0395
46 0.678656 0.687885 0.0590938 0.0608958
46 0.594461 0.475479 0.0380156 0.039125
46 0.907195 0.807875 0.0564844 0.053
46 0.912586 0.614604 0.0372969 0.0155417
46 0.687891 0.359344 0.0226562 0.0408125
46 0.493055 0.910708 0.0418281 0.028625
46 0.1155 0.624146 0.0448125 0.0639583
46 0.548078 0.473521 0.0533125 0.0685833
46 0.329961 0.395875 0.0497031 0.046
46 0.500852 0.417 0.0529844 0.0573333
46 0.4305 0.228448 0.0246875 0.0309375
46 0.756891 0.381583 0.0310625 0.0416667
46 0.443531 0.55075 0.0629062 0.0687917
46 0.436531 0.752073 0.0657812 0.0877292
46 0.48493 0.641312 0.0332344 0.0448333
46 0.0227734 0.694302 0.0179844 0.0408958
46 0.143031 0.777198 0.024875 0.0648125