42 0.685281 0.338419 0.115937 0.152717
42 0.0806875 0.240562 0.0774688 0.0933489
42 0.193844 0.296124 0.0459688 0.0594614
42 0.582555 0.495878 0.0939844 0.141733
42 0.262117 0.541792 0.0521094 0.0900468
42 0.623141 0.26678 0.0488125 0.113607
42 0.303766 0.155621 0.0519375 0.098829
42 0.273891 0.201557 0.0628438 0.0419438
11 0.371 0.643478 0.0848437 0.166347
11 0.482234 0.817693 0.100562 0.158478
11 0.10182 0.63589 0.0964844 0.18555
11 0.5365 0.147681 0.128781 0.229742
11 0.607289 0.8337 0.0608906 0.0601874
11 0.248672 0.762073 0.119656 0.163443
11 0.178242 0.147131 0.121141 0.143068
11 0.469703 0.507494 0.0596875 0.0810304
11 0.38207 0.432564 0.0366094 0.0487354
11 0.0796563 0.504356 0.0644062 0.111241
11 0.345586 0.822459 0.0328594 0.0474473
11 0.329539 0.946487 0.0523594 0.0979859
11 0.242313 0.86226 0.0687187 0.0951054
11 0.382219 0.753888 0.0665625 0.117705
11 0.404734 0.379555 0.0250625 0.0577049
11 0.441367 0.291932 0.0598594 0.0582436
11 0.161586 0.557963 0.0860469 0.108806
11 0.497328 0.677869 0.04275 0.0833255
11 0.392078 0.465222 0.0175 0.02
11 0.274984 0.268911 0.106031 0.153466
11 0.406727 0.329356 0.0823594 0.0496721