20 0.406008 0.25775 0.0283906 0.0440417
20 0.429367 0.29449 0.0297344 0.0608958
20 0.455906 0.786708 0.097625 0.0985833
20 0.505797 0.671531 0.0301875 0.134604
59 0.452398 0.25701 0.0407656 0.0790625
59 0.444508 0.646792 0.112391 0.08325
59 0.430992 0.680771 0.123078 0.06975
59 0.396727 0.784958 0.0684531 0.0360417
59 0.406711 0.741875 0.0822969 0.0625
59 0.467836 0.275667 0.0547969 0.0659167
59 0.42507 0.248417 0.0247031 0.0447917
24 0.576883 0.725594 0.0811719 0.0687292
24 0.531344 0.801906 0.0832187 0.0683542
24 0.372008 0.30651 0.0324219 0.0218958
24 0.535 0.737844 0.07725 0.0627292
24 0.374289 0.268146 0.0448281 0.030125
24 0.402938 0.287833 0.0300625 0.0270833
24 0.550211 0.695281 0.0647969 0.0336042
24 0.380539 0.286906 0.0283594 0.0208958
24 0.398109 0.315 0.04 0.0320417
24 0.481453 0.833396 0.0858437 0.07025