44 0.89159 0.79589 0.215861 0.26142
44 0.918508 0.63171 0.159455 0.12354
44 0.10341 0.85726 0.0982789 0.1162
44 0.562081 0.89192 0.289477 0.2142
44 0.816819 0.9337 0.295033 0.1322
44 0.236808 0.72605 0.190044 0.10238
44 0.305534 0.62488 0.207146 0.16184
44 0.943824 0.66536 0.10878 0.03308
44 0.139771 0.68363 0.160283 0.12758
44 0.205033 0.91252 0.323922 0.17008
44 0.0648475 0.74525 0.116187 0.10306
44 0.0125708 0.74021 0.0230065 0.10206
44 0.97976 0.96784 0.0404793 0.06432
44 0.75671 0.78337 0.145621 0.17006
44 0.705577 0.57822 0.202353 0.15804
44 0.462527 0.68102 0.19329 0.06564
44 0.0145207 0.97812 0.0290414 0.04376
44 0.0312418 0.87045 0.0624837 0.16902
44 0.820294 0.68265 0.0475599 0.04282
44 0.411383 0.98052 0.0907843 0.03704
44 0.103867 0.80131 0.163333 0.11234
44 0.406645 0.79686 0.264357 0.2208
44 0.696808 0.69354 0.21427 0.1534
44 0.0321133 0.65746 0.0642266 0.07656
44 0.250686 0.86245 0.259847 0.19446
44 0.513126 0.62245 0.21 0.13498
44 0.892527 0.5784 0.174553 0.17148
44 0.58427 0.76557 0.204139 0.15338
1 0.545098 0.36085 0.184662 0.14698
1 0.305207 0.25291 0.0884096 0.03466
1 0.0563181 0.46064 0.0999129 0.08284
1 0.617418 0.52841 0.134706 0.11518
1 0.0457625 0.51004 0.0915251 0.1602
1 0.627723 0.31971 0.140153 0.12798
1 0.641318 0.42286 0.0597603 0.05856
1 0.820675 0.18568 0.0509368 0.05172
1 0.228355 0.35752 0.141285 0.06576
1 0.278649 0.3001 0.0783442 0.08584
1 0.426503 0.13632 0.0669935 0.04744
1 0.55171 0.13774 0.0774074 0.05624
1 0.419532 0.52977 0.120327 0.15774
1 0.66244 0.28569 0.11024 0.09902
1 0.168355 0.44016 0.134575 0.14044
1 0.306481 0.55266 0.186427 0.08972
1 0.762952 0.41514 0.193094 0.1548
1 0.839608 0.33644 0.0750763 0.07488
1 0.635915 0.21052 0.113224 0.067
1 0.654161 0.12476 0.117211 0.11184
1 0.427702 0.18198 0.118322 0.0706
1 0.455414 0.10217 0.0410675 0.03754
1 0.549717 0.24029 0.123442 0.08558
1 0.531547 0.26998 0.0645752 0.05356
1 0.79366 0.12007 0.0466231 0.03462
1 0.131253 0.51868 0.105076 0.04
1 0.875566 0.46764 0.112135 0.08948
1 0.758268 0.23639 0.124902 0.08834
1 0.742898 0.13766 0.0905447 0.06696
1 0.77549 0.514 0.14841 0.08956
1 0.763627 0.33923 0.162723 0.07282
1 0.72695 0.07859 0.0971678 0.0697
1 0.350948 0.17876 0.108606 0.0988
1 0.778627 0.26631 0.103442 0.07026
1 0.383736 0.40032 0.138889 0.12804
1 0.476983 0.13699 0.0537908 0.05198
1 0.261471 0.24893 0.0642484 0.05658
1 0.307342 0.44165 0.1661 0.1503
1 0.352691 0.22569 0.0440741 0.03178
1 0.806438 0.14332 0.0510893 0.04104
1 0.0917211 0.44272 0.0394336 0.04972
1 0.166351 0.3577 0.0984967 0.07284
1 0.617004 0.23456 0.0314815 0.02848
1 0.572124 0.11974 0.0666013 0.0594
1 0.888083 0.41174 0.0810458 0.0752
1 0.724586 0.29404 0.0371024 0.04332
1 0.17659 0.16106 0.0758388 0.0372
1 0.501296 0.55504 0.161329 0.09432
1 0.751373 0.19758 0.12902 0.08024
1 0.5839 0.17294 0.0786492 0.0494
1 0.124183 0.58225 0.182222 0.1437
1 0.424325 0.28051 0.167037 0.16154
1 0.583464 0.06859 0.0655773 0.04574
1 0.216068 0.53322 0.10037 0.09
1 0.876089 0.37355 0.0647712 0.0445
1 0.557908 0.08655 0.0777342 0.0439
1 0.63342 0.22257 0.0817865 0.0395
1 0.396362 0.10203 0.0882353 0.0749
1 0.647211 0.06828 0.0754684 0.0402
1 0.0101089 0.61308 0.015207 0.0254
1 0.51841 0.42969 0.18732 0.17058
1 0.233584 0.12799 0.0685185 0.02574
1 0.322484 0.30958 0.0805664 0.11344