34 0.771156 0.276328 0.0517188 0.091569
34 0.540781 0.250084 0.0912188 0.122678
34 0.794422 0.282333 0.0120625 0.0151255
34 0.569898 0.412542 0.0625781 0.0737029
34 0.856031 0.370826 0.0408125 0.0604812
34 0.566375 0.35818 0.061875 0.051046
34 0.648961 0.271036 0.0253594 0.0440795
34 0.557266 0.152594 0.085875 0.0578661
34 0.82757 0.360366 0.0387031 0.0577615
34 0.77425 0.344362 0.0475 0.0566318
34 0.807422 0.279362 0.0413125 0.0367992
34 0.652133 0.212155 0.0685156 0.103222
34 0.705789 0.264289 0.0465156 0.041046
34 0.671695 0.490669 0.0670469 0.0697908
34 0.731141 0.355669 0.0422812 0.0450209
34 0.884273 0.374048 0.0327656 0.0546234
34 0.623391 0.174969 0.0342812 0.0479289
34 0.537445 0.485722 0.0558906 0.0728243
34 0.630594 0.285753 0.0301875 0.0328033
34 0.695547 0.16455 0.0359063 0.0439121
34 0.790555 0.348316 0.0529219 0.0476778
34 0.641375 0.314895 0.0314688 0.0576569
34 0.691914 0.194268 0.0264531 0.0269038
34 0.671516 0.326674 0.0404375 0.0666109
34 0.62575 0.144634 0.047125 0.0487238
34 0.707188 0.292845 0.0456562 0.0457322
34 0.716602 0.155126 0.0296406 0.0532636
34 0.597969 0.217291 0.0439375 0.0547071
34 0.673453 0.28364 0.03525 0.0441004
34 0.533602 0.193536 0.0407344 0.0313808
34 0.598773 0.263222 0.0481406 0.0559414
34 0.744125 0.277218 0.039125 0.0433054
34 0.716031 0.455617 0.0289375 0.0659205
34 0.696375 0.414508 0.0871875 0.094205
59 0.492805 0.538766 0.0597656 0.0874477
59 0.522484 0.432301 0.063375 0.136904
59 0.726227 0.200282 0.0622656 0.0795188
59 0.504055 0.329257 0.0697031 0.0891841
59 0.807094 0.314351 0.0285313 0.0571548
59 0.782297 0.224059 0.056125 0.0705439
59 0.591227 0.32251 0.0573281 0.0796653
59 0.509805 0.232584 0.0287344 0.0540377
59 0.818352 0.445795 0.0914844 0.0867364
59 0.936383 0.367186 0.0842969 0.0936192
24 0.786789 0.572343 0.290016 0.187615
24 0.441 0.389226 0.0687187 0.258745
24 0.829352 0.200031 0.176891 0.159184
24 0.861461 0.308556 0.0803594 0.0960669
24 0.573383 0.47772 0.183141 0.266485
24 0.66718 0.134027 0.146516 0.0693933
24 0.905789 0.481182 0.107141 0.154623
24 0.482586 0.404142 0.0533906 0.292762
24 0.454578 0.225711 0.144156 0.214184