15 0.246508 0.405219 0.198766 0.273021
15 0.405719 0.0941875 0.179875 0.175583
15 0.424305 0.505094 0.202016 0.252604
15 0.564391 0.390448 0.1785 0.214396
4 0.700711 0.514958 0.473984 0.566583
4 0.799477 0.353688 0.195391 0.296917
4 0.639156 0.548802 0.290281 0.610812
4 0.601766 0.845281 0.136656 0.268354
4 0.586438 0.522021 0.327625 0.606083
4 0.737648 0.654302 0.468891 0.515188
4 0.634508 0.402917 0.121641 0.324125
4 0.479953 0.86101 0.067875 0.129937
4 0.560883 0.513333 0.250266 0.662833
11 0.428797 0.293104 0.159969 0.2335
11 0.556023 0.207115 0.192391 0.205854
11 0.306875 0.199583 0.158562 0.20125