14 0.62657 0.534573 0.0667 0.111227
14 0.48147 0.488293 0.04118 0.14864
14 0.58944 0.352213 0.05192 0.0586133
14 0.5238 0.432653 0.01652 0.0741067
14 0.52787 0.58692 0.07686 0.1244
14 0.57607 0.416973 0.01762 0.01144
14 0.48942 0.564693 0.071 0.02816
14 0.53015 0.661 0.02574 0.03432
14 0.56014 0.516067 0.0384 0.03848
14 0.62294 0.420333 0.02664 0.0357067
14 0.55782 0.60476 0.06248 0.0869067
14 0.53688 0.617947 0.08988 0.1096
14 0.64041 0.520827 0.04198 0.04128
14 0.62902 0.444107 0.03888 0.0634133
14 0.51837 0.52836 0.0445 0.04344
14 0.6426 0.643053 0.0794 0.08456
14 0.58654 0.414973 0.03844 0.12728
14 0.51426 0.397333 0.05456 0.06992
14 0.60448 0.63124 0.08936 0.0280267
14 0.55338 0.672733 0.02792 0.131067
14 0.50746 0.45468 0.03872 0.0715467
14 0.6392 0.594547 0.05972 0.0446133
14 0.59684 0.663493 0.05268 0.0421333
14 0.68606 0.554373 0.04008 0.06032
14 0.43568 0.5062 0.02044 0.0680267
14 0.5818 0.510347 0.01148 0.03728
14 0.6624 0.53228 0.02436 0.05528
14 0.53424 0.50364 0.08572 0.0202933
14 0.5708 0.47204 0.01756 0.01848
14 0.47861 0.624533 0.03442 0.0948267
14 0.46813 0.532413 0.02414 0.0381067
14 0.53386 0.432093 0.01824 0.0649867
14 0.71077 0.562693 0.06686 0.11488
14 0.55123 0.48328 0.05022 0.02016
14 0.50195 0.455307 0.0299 0.08112
14 0.55275 0.451947 0.06478 0.05888
14 0.64848 0.47204 0.02376 0.0228533
14 0.47298 0.480293 0.0396 0.0934933
14 0.48872 0.495 0.01732 0.05176
14 0.63289 0.61084 0.03346 0.02872
14 0.47683 0.590147 0.02946 0.0275467
14 0.6844 0.5192 0.02868 0.04896
14 0.5923 0.551747 0.03424 0.0484
14 0.56392 0.394013 0.04544 0.0590133
14 0.5961 0.721613 0.08604 0.08936
14 0.61292 0.554467 0.02908 0.0294133
14 0.62636 0.47484 0.03096 0.04728