38 0.642516 0.771126 0.0716563 0.0592793
38 0.441148 0.798491 0.0215156 0.0399099
38 0.69218 0.793243 0.0115781 0.015045
38 0.462859 0.792331 0.0832813 0.0659685
38 0.533586 0.783581 0.0380469 0.0307658
38 0.501969 0.810833 0.0509687 0.0366216
38 0.570656 0.811543 0.0291563 0.0364189
38 0.533055 0.816577 0.0260781 0.0261261
38 0.580102 0.783637 0.0405469 0.0328153
38 0.476039 0.763322 0.0546406 0.032455
38 0.631477 0.755845 0.0491406 0.027455
38 0.59418 0.773975 0.0103906 0.0180405
38 0.526164 0.762691 0.0227344 0.0183108
14 0.649813 0.854921 0.0155312 0.0110586
14 0.708695 0.865867 0.00498438 0.0187162
14 0.556977 0.86116 0.0200781 0.0130856
14 0.68607 0.865529 0.0137969 0.0106982
14 0.666695 0.860507 0.00498438 0.00614865
14 0.631227 0.843412 0.00954687 0.00966216
14 0.581914 0.854685 0.00548437 0.0102703
14 0.621406 0.854403 0.00703125 0.00601351
14 0.606742 0.843468 0.0161719 0.0125676