1 0.291937 0.5731 0.0342187 0.0630147
1 0.439117 0.722855 0.0619531 0.0906618
1 0.305594 0.4975 0.038625 0.0589216
1 0.391922 0.694522 0.0580312 0.0929167
1 0.187789 0.723395 0.0615469 0.096152
1 0.307391 0.780245 0.0561875 0.0910784
1 0.35993 0.766458 0.0546406 0.0899265
1 0.33268 0.853787 0.0571406 0.0956127
1 0.117656 0.68837 0.0634062 0.0896814
1 0.312305 0.641581 0.0231406 0.0207108
1 0.142969 0.616397 0.06525 0.0867647
1 0.271758 0.798211 0.0310781 0.0458824
1 0.276102 0.855882 0.0587969 0.0882353
1 0.142648 0.759816 0.0597969 0.0879167
1 0.147961 0.851005 0.0645781 0.0919608
1 0.0676953 0.735711 0.0318594 0.0753922
1 0.271336 0.741201 0.0337344 0.0730392
1 0.239328 0.770404 0.0613437 0.09125
1 0.283203 0.529975 0.0346562 0.0422549
1 0.302289 0.708762 0.0584531 0.0825735
1 0.816023 0.255 0.0565781 0.0621569
1 0.12957 0.659963 0.0572031 0.0631127
1 0.0882266 0.764449 0.0619531 0.0922794
1 0.195312 0.6544 0.0607188 0.0835539
1 0.15225 0.524706 0.00878125 0.0508333
1 0.205945 0.569706 0.0148594 0.0582843
1 0.352797 0.717745 0.0301563 0.0401471
1 0.353406 0.696054 0.02425 0.0384804
1 0.39082 0.860515 0.0579844 0.0954902
1 0.0970781 0.573787 0.0286563 0.0224755
1 0.215625 0.601507 0.0239688 0.0446814
1 0.231969 0.711029 0.0400625 0.0534314
1 0.191234 0.802279 0.042875 0.0710294
1 0.287422 0.616667 0.0225625 0.0333333
1 0.158523 0.675772 0.0213594 0.0474265
1 0.258445 0.496446 0.0125781 0.0431373
1 0.413477 0.785306 0.0604844 0.0883088
1 0.216602 0.85837 0.0632656 0.0928676
1 0.0717266 0.658566 0.0390469 0.0817402
1 0.211 0.494755 0.0220938 0.0605392
1 0.330375 0.511752 0.0254063 0.0311029
1 0.865242 0.243358 0.0619531 0.0872059
1 0.323031 0.462047 0.0374688 0.0541422
1 0.454352 0.850846 0.0612344 0.102181
1 0.268273 0.561569 0.0269844 0.0320588
1 0.755812 0.246017 0.0638438 0.0797304
1 0.405945 0.558836 0.0288281 0.04875
1 0.087 0.857929 0.059125 0.088799
1 0.332953 0.731275 0.0152812 0.0310784
1 0.307336 0.538824 0.0168281 0.0317647
1 0.220766 0.564093 0.0171563 0.0411765
6 0.814578 0.141936 0.0331562 0.0828922
6 0.445914 0.645429 0.0578906 0.103652
6 0.328625 0.564534 0.0396562 0.12951
6 0.248281 0.65712 0.051625 0.112034
6 0.258727 0.645049 0.0556719 0.115882
6 0.772148 0.162267 0.0408281 0.0961029
6 0.313469 0.641324 0.0887813 0.121618
6 0.765898 0.0879167 0.0396094 0.115
6 0.363398 0.560625 0.0441719 0.0868873
6 0.39 0.622451 0.05875 0.0854412
6 0.376945 0.539265 0.0594844 0.0861275
6 0.796195 0.200294 0.0338594 0.0802941
6 0.796211 0.0984926 0.0281094 0.0856127
6 0.422359 0.637733 0.0582812 0.0952696
6 0.34607 0.578775 0.0415156 0.116569
6 0.484586 0.547757 0.0567969 0.051152
6 0.375281 0.550355 0.0544063 0.0804657
6 0.294445 0.63625 0.0943906 0.131765
44 0.829133 0.839669 0.0693281 0.096152
44 0.893781 0.835037 0.0634062 0.108456
44 0.85332 0.763309 0.0575781 0.0893627
44 0.943617 0.684743 0.0609844 0.0827206
44 0.750555 0.831458 0.0671406 0.0990931
44 0.740789 0.620588 0.0652344 0.0915196
44 0.956 0.836814 0.0692813 0.095049
44 0.777523 0.466985 0.0398594 0.0573039
44 0.809414 0.470956 0.0103281 0.0563235
44 0.888352 0.697451 0.0634844 0.0990686
44 0.790734 0.763248 0.0639375 0.0965441
44 0.671148 0.463664 0.0384531 0.0535539
44 0.755617 0.545172 0.0373594 0.0563235
44 0.808172 0.521961 0.0095 0.0508333
44 0.794445 0.515968 0.0187969 0.0576225
44 0.915797 0.753493 0.0581562 0.0909559
44 0.922703 0.617169 0.068 0.0957108
44 0.681273 0.600343 0.0395156 0.0479902
44 0.970617 0.625944 0.0344844 0.0657108
44 0.942625 0.456703 0.0169375 0.0414461
44 0.752906 0.491299 0.0394062 0.0592647
44 0.809266 0.568162 0.005625 0.0394118
44 0.792289 0.604228 0.0136406 0.0275735
44 0.979695 0.678689 0.0220469 0.0871324
44 0.741156 0.562426 0.0336562 0.0346569
44 0.723758 0.504694 0.0295469 0.0514461
44 0.826 0.686458 0.0635625 0.0970343
44 0.758609 0.686912 0.061125 0.09
44 0.766977 0.514338 0.0134219 0.0252451
44 0.778258 0.566581 0.0355781 0.061299
44 0.861477 0.636777 0.0624531 0.0979167