59 0.35906 0.416093 0.05172 0.0541067
59 0.61955 0.38244 0.0275 0.03512
59 0.42644 0.4086 0.0452 0.0341067
59 0.54788 0.327227 0.02192 0.02768
59 0.50518 0.318333 0.01864 0.0243467
59 0.3944 0.29324 0.02904 0.02104
59 0.66423 0.340307 0.01518 0.0118133
59 0.37419 0.396747 0.03266 0.0333333
59 0.34378 0.386027 0.02876 0.03456
59 0.23818 0.466027 0.031 0.0181867
59 0.43736 0.302347 0.025 0.02
59 0.26418 0.309453 0.03076 0.02408
59 0.61385 0.341253 0.0273 0.0294933
59 0.15941 0.347347 0.04994 0.0536267
59 0.29108 0.448093 0.04504 0.02296
59 0.22067 0.303387 0.04114 0.0241067
59 0.44912 0.34564 0.0204 0.0174133
59 0.10429 0.42608 0.05094 0.0496
59 0.09811 0.367827 0.0529 0.0636
59 0.21422 0.333013 0.04972 0.04224
59 0.48614 0.322693 0.02192 0.02384
59 0.1279 0.451893 0.04652 0.02144
59 0.6837 0.331373 0.02852 0.0254667
59 0.17456 0.317787 0.04668 0.0511467
59 0.33346 0.441587 0.02328 0.01128
59 0.46212 0.315813 0.02216 0.0191467
59 0.46912 0.344387 0.02668 0.0297867
59 0.44016 0.321293 0.0258 0.0156
59 0.47002 0.300093 0.02352 0.0171467
59 0.41111 0.424747 0.04986 0.0268267
59 0.12315 0.331707 0.04326 0.04352
59 0.29258 0.326027 0.04384 0.04896
59 0.05473 0.38276 0.05598 0.0526667
59 0.16831 0.393147 0.0349 0.04
59 0.52894 0.36744 0.0304 0.03024
59 0.52757 0.303747 0.03314 0.0314933
59 0.74001 0.334653 0.02482 0.0204
59 0.02471 0.34088 0.04722 0.0407467
59 0.63021 0.3314 0.01802 0.0179467
59 0.38379 0.375067 0.02954 0.0362133
59 0.01086 0.368853 0.02 0.02128
59 0.72111 0.377253 0.02182 0.01536
59 0.22169 0.398547 0.04162 0.0216267
59 0.02256 0.394107 0.04512 0.0415467
59 0.64825 0.335133 0.0173 0.0164
59 0.71951 0.335 0.02942 0.0174667
59 0.52553 0.411493 0.02338 0.0106133
59 0.56263 0.34112 0.02326 0.0320533
59 0.04001 0.432267 0.03142 0.0117867
59 0.78271 0.365853 0.0167 0.0156533
59 0.14883 0.4312 0.0387 0.0391467
59 0.12665 0.378053 0.05454 0.0457067
59 0.33443 0.33344 0.04274 0.0329067
59 0.74375 0.349533 0.01654 0.0128267
59 0.73566 0.37192 0.02 0.0202667
59 0.27739 0.374107 0.02078 0.0215467
59 0.66466 0.327947 0.01616 0.0189867
59 0.59512 0.389813 0.01952 0.00677333
59 0.06503 0.440653 0.03674 0.0124533
59 0.55062 0.354413 0.01884 0.0220533
59 0.3258 0.31488 0.01572 0.012
59 0.76678 0.34736 0.0204 0.0248533
59 0.26888 0.426907 0.03116 0.0478933
59 0.52545 0.327107 0.0303 0.02424
59 0.30047 0.418213 0.0373 0.0292267
59 0.17287 0.45052 0.05174 0.0379467
59 0.46931 0.412427 0.04114 0.0279467
59 0.14382 0.409747 0.04184 0.0449333
59 0.1976 0.424733 0.0276 0.0332533
59 0.20375 0.45416 0.02058 0.02768
59 0.50003 0.335027 0.0099 0.0103733
24 0.33721 0.36004 0.05966 0.0305867
24 0.21929 0.363867 0.05702 0.0365333
24 0.26406 0.33624 0.07188 0.0432
24 0.18982 0.350907 0.0152 0.0160533
24 0.38124 0.304733 0.03388 0.0225867
24 0.29899 0.363253 0.02598 0.0356267
24 0.2453 0.312627 0.02304 0.01112
24 0.25158 0.375947 0.0378 0.02352
24 0.3628 0.32388 0.0586 0.03928
24 0.26724 0.358227 0.02704 0.0155467