12 0.350039 0.319625 0.0486406 0.0783333
12 0.483555 0.346802 0.0427344 0.0762708
12 0.380234 0.36125 0.0501875 0.0511667
12 0.417836 0.327646 0.0706719 0.0754167
12 0.367391 0.283115 0.06875 0.104271
12 0.748641 0.298615 0.045375 0.0638542
12 0.273219 0.305448 0.0492812 0.0786875
12 0.820016 0.191417 0.0369063 0.0471667
12 0.768375 0.255198 0.0706563 0.0555625
12 0.44925 0.428792 0.0524375 0.076875
12 0.836977 0.28274 0.0257344 0.0603542
12 0.922523 0.333719 0.0334219 0.0508542
12 0.49393 0.508333 0.0615469 0.1105
12 0.486836 0.421552 0.0392656 0.0628958
12 0.865094 0.327604 0.0462187 0.0595
12 0.89107 0.333083 0.0361406 0.0754167
12 0.326344 0.263 0.0598125 0.0530833
12 0.521391 0.562125 0.047 0.0474167
12 0.7905 0.28374 0.0349062 0.0338542
12 0.463367 0.380698 0.0538906 0.0546042
12 0.866273 0.260021 0.0555469 0.089625
12 0.343109 0.395635 0.0376875 0.0410208
12 0.322844 0.364396 0.049875 0.0566667
12 0.414039 0.392698 0.0469219 0.0643542
12 0.757789 0.21825 0.0330469 0.0369583
12 0.822445 0.231208 0.0337344 0.0380833
12 0.782625 0.206333 0.029375 0.0550417
12 0.935703 0.390448 0.036 0.0496875
12 0.374797 0.391729 0.039875 0.036125
12 0.722227 0.206375 0.0305469 0.0656667
12 0.801055 0.233125 0.0167344 0.0364167
12 0.246547 0.352833 0.0362813 0.0672917
38 0.482836 0.671594 0.0532344 0.0910208
38 0.398242 0.806729 0.0348594 0.0577083
38 0.158438 0.546073 0.0936562 0.126521