24 0.59703 0.86712 0.22238 0.26576
24 0.19709 0.885667 0.32598 0.228667
24 0.40188 0.8736 0.27732 0.2528
33 0.31626 0.476653 0.0842 0.186373
33 0.32287 0.633573 0.10466 0.212107
33 0.22151 0.703213 0.10266 0.0723467
33 0.3415 0.702533 0.09432 0.17808
33 0.34815 0.499947 0.05438 0.144853
33 0.34101 0.60408 0.03846 0.0450667
33 0.292 0.587587 0.13624 0.195387
33 0.26849 0.720107 0.0965 0.09808
33 0.25243 0.519413 0.0569 0.129813
33 0.32125 0.698973 0.0561 0.121413
33 0.1888 0.651533 0.02832 0.210853
33 0.38079 0.461147 0.01334 0.0472533
33 0.2527 0.7816 0.05052 0.0534933
33 0.20632 0.7916 0.08324 0.0504
33 0.19771 0.763213 0.05886 0.0467467
33 0.3375 0.58872 0.03516 0.0340267
33 0.23123 0.562667 0.0905 0.220107
33 0.31795 0.720173 0.07386 0.07336
33 0.34044 0.598893 0.08244 0.169147
33 0.33456 0.500147 0.039 0.10488
33 0.20439 0.605947 0.06822 0.351947
33 0.15361 0.724827 0.06222 0.0357333
33 0.41129 0.623213 0.06002 0.363013
33 0.24275 0.503627 0.09018 0.173227
11 0.81744 0.240453 0.17128 0.25936
59 0.60095 0.626187 0.10946 0.154453
59 0.88031 0.31484 0.09934 0.124933
59 0.64264 0.342347 0.13008 0.126133
59 0.52682 0.183387 0.08644 0.124427
59 0.8181 0.563573 0.11044 0.139573
59 0.54652 0.28264 0.12876 0.109067
59 0.83233 0.432293 0.12126 0.14976
59 0.69131 0.649573 0.0785 0.10576
59 0.75219 0.322573 0.09642 0.12632
59 0.70701 0.564307 0.11546 0.141893
59 0.61268 0.193733 0.09068 0.128907
59 0.56932 0.4956 0.1034 0.144533
59 0.54745 0.369427 0.1093 0.14712
59 0.62385 0.47556 0.09186 0.149253
59 0.71606 0.427427 0.11404 0.145947
59 0.70552 0.191773 0.102 0.166587