46 0.36153 0.784568 0.02866 0.0477778
46 0.9564 0.723179 0.03556 0.0555556
46 0.90538 0.27679 0.03196 0.0503086
46 0.05149 0.68892 0.04394 0.0508025
46 0.17346 0.161651 0.02796 0.038858
46 0.16161 0.0833333 0.03354 0.0292593
46 0.21976 0.217191 0.03428 0.0367284
46 0.27064 0.424707 0.03592 0.0521296
46 0.32309 0.531636 0.03902 0.0491975
46 0.07587 0.508194 0.03126 0.0514506
46 0.0082 0.271651 0.0164 0.0520062
46 0.13574 0.273457 0.02624 0.0295679
46 0.9521 0.393673 0.03688 0.0483333
46 0.01037 0.793426 0.02074 0.0385802
46 0.38947 0.183164 0.03198 0.0579938
46 0.15316 0.92429 0.03752 0.0546296
46 0.00964 0.229105 0.01928 0.0377778
46 0.30102 0.496574 0.0282 0.0454938
46 0.3655 0.506667 0.02432 0.0458025
46 0.96012 0.314352 0.033 0.0530864
46 0.9845 0.175679 0.02792 0.0447531
46 0.27393 0.162562 0.0337 0.0553704
46 0.25013 0.191451 0.03622 0.0505556
46 0.01469 0.381157 0.02938 0.0556481
46 0.76258 0.154074 0.02376 0.032284
46 0.10165 0.275031 0.03474 0.0451235
46 0.66063 0.698827 0.03598 0.049321
46 0.72965 0.163318 0.04054 0.0392284
14 0.30776 0.210031 0.10164 0.111543
14 0.07313 0.962454 0.0577 0.0750926
14 0.43314 0.166775 0.0878 0.102809
14 0.45412 0.406435 0.14516 0.203673
14 0.92983 0.607222 0.05462 0.228765
14 0.97452 0.35838 0.04736 0.0886111
14 0.60928 0.46037 0.08912 0.123642
14 0.39002 0.0670525 0.07 0.117685
14 0.19328 0.829151 0.1346 0.212068
14 0.11195 0.882716 0.05662 0.0656173
14 0.72355 0.905448 0.1479 0.153858
14 0.11369 0.191852 0.09242 0.125
14 0.78628 0.578904 0.09 0.139475
14 0.03073 0.43483 0.06146 0.0716358
14 0.92412 0.89659 0.14956 0.204414
14 0.88744 0.79341 0.08156 0.0956481
11 0.22305 0.154213 0.0773 0.0964506
11 0.29915 0.866636 0.21954 0.265556
11 0.48209 0.0803241 0.13622 0.160648
11 0.58281 0.0785494 0.14438 0.157099
11 0.81635 0.25 0.03338 0.06
11 0.05058 0.690154 0.04092 0.0504321
11 0.7206 0.327701 0.06276 0.0705247
11 0.90097 0.329244 0.0683 0.12287
11 0.52291 0.246481 0.05958 0.133889
11 0.81809 0.789877 0.10886 0.189259
11 0.17213 0.61358 0.10886 0.115617
11 0.31594 0.431929 0.12888 0.139228
23 0.0728 0.0336111 0.02968 0.0523457
23 0.40978 0.798997 0.04572 0.107006
23 0.63798 0.182438 0.03536 0.0504938
23 0.93602 0.357176 0.03456 0.0562654
23 0.83269 0.660139 0.03386 0.0592284
23 0.15611 0.122546 0.04934 0.0615741
23 0.2719 0.0514198 0.05592 0.0739506
23 0.1792 0.0476543 0.03644 0.0559259
23 0.06225 0.881204 0.04622 0.0959877
23 0.27435 0.160139 0.03286 0.0576852
23 0.14471 0.319213 0.04306 0.0539815
23 0.0574 0.245957 0.03932 0.0795062
23 0.03821 0.815772 0.04534 0.0765432
23 0.0291 0.975185 0.04864 0.0487037
23 0.9287 0.145386 0.03356 0.0556481
23 0.78881 0.487438 0.0293 0.0473457
23 0.6775 0.81784 0.05724 0.0874074
23 0.39426 0.416003 0.03756 0.0642284
23 0.03007 0.925525 0.03078 0.0619136
23 0.43382 0.307623 0.04964 0.0782099
23 0.92958 0.435154 0.0318 0.046358
23 0.53787 0.0356327 0.01942 0.0405247
23 0.14248 0.0566975 0.0498 0.074321
23 0.48803 0.168318 0.04178 0.0416975
23 0.2512 0.190818 0.03172 0.046142
23 0.1275 0.110185 0.03204 0.0397531
23 0.35702 0.18321 0.0362 0.0664198
23 0.37243 0.627392 0.03666 0.0651543
23 0.35038 0.681404 0.04216 0.043858
23 0.41531 0.552562 0.03354 0.0551235
23 0.50047 0.143719 0.0395 0.0494753
23 0.18058 0.210648 0.04764 0.0515432
23 0.95127 0.490062 0.05846 0.0756173
23 0.82502 0.516435 0.04088 0.0549691
23 0.96773 0.681651 0.03946 0.0536728