11 0.351359 0.456969 0.0785 0.0886458
11 0.164344 0.275677 0.180281 0.200104
11 0.585398 0.211458 0.193953 0.132333
11 0.20132 0.407771 0.131547 0.132875
11 0.764711 0.337219 0.0566094 0.0838125
11 0.680117 0.452333 0.152984 0.146125
11 0.779188 0.531052 0.054125 0.0542708
11 0.873648 0.70175 0.129328 0.159417
11 0.602234 0.304312 0.0840313 0.103375
11 0.540531 0.564177 0.0974688 0.117979
11 0.0785859 0.307542 0.0815469 0.164125
11 0.310914 0.245812 0.0773594 0.118167
11 0.716883 0.345729 0.0587656 0.0701667
11 0.525945 0.427281 0.135641 0.117688
11 0.493633 0.187052 0.156203 0.149854
11 0.434445 0.486854 0.0873906 0.0732083
11 0.29918 0.474125 0.0976094 0.131667