59 0.629852 0.302273 0.0477031 0.0442344
59 0.615156 0.389617 0.0401875 0.0353906
59 0.593438 0.364063 0.0322812 0.0412187
59 0.591984 0.300859 0.03525 0.0354688
59 0.649594 0.334102 0.0335937 0.0338594
59 0.570625 0.330641 0.04 0.0428125
59 0.648289 0.367625 0.0416719 0.0413437
59 0.778906 0.470437 0.0715313 0.0633438
59 0.548352 0.288039 0.0424219 0.0424219
59 0.902641 0.485734 0.0666563 0.0691875
59 0.65857 0.300078 0.0333906 0.0407813
59 0.810367 0.446664 0.0492344 0.0230781
59 0.623047 0.343156 0.0386875 0.0413437
59 0.569984 0.297758 0.0383437 0.0373594
14 0.629594 0.711422 0.0545 0.05475
14 0.73943 0.671547 0.0417656 0.0878125
14 0.684172 0.606531 0.0320937 0.102844
14 0.647391 0.636344 0.0443438 0.0815312
14 0.706016 0.663594 0.0385 0.0796562
14 0.670867 0.679414 0.0373594 0.0570469
14 0.67318 0.632688 0.0820469 0.0776875
14 0.412836 0.457523 0.0992656 0.0631719
14 0.704086 0.721938 0.0991719 0.0404062
15 0.751617 0.392172 0.0952344 0.0804688
15 0.704586 0.380406 0.0744844 0.075875
15 0.777875 0.348125 0.04875 0.0394688
15 0.729023 0.320234 0.0764531 0.077375
24 0.459039 0.418398 0.0588906 0.0188594
24 0.569813 0.409336 0.0324688 0.0686719
24 0.525984 0.394492 0.0654062 0.0648594
24 0.46757 0.384797 0.0573906 0.0671563
24 0.438289 0.378312 0.0667969 0.06325
24 0.495133 0.396695 0.0320469 0.0677031
24 0.541008 0.420125 0.0602656 0.05
24 0.497516 0.347156 0.073625 0.0364063