22 0.568352 0.683552 0.147797 0.244438
48 0.332031 0.356219 0.153969 0.212979
14 0.26793 0.341469 0.188922 0.297646
41 0.443187 0.40524 0.201406 0.238271
41 0.52143 0.281542 0.159234 0.188708
49 0.636336 0.252823 0.0921094 0.166146
49 0.57125 0.533906 0.110187 0.104354
32 0.429438 0.613708 0.0432813 0.0570833
32 0.194609 0.501521 0.0391562 0.0357917
32 0.212164 0.567646 0.0360469 0.0523333
32 0.271828 0.684594 0.0429375 0.0586042
32 0.331047 0.488969 0.0417187 0.0558958
32 0.415508 0.675937 0.0391094 0.0496667
32 0.342438 0.663344 0.0368125 0.0573125
32 0.474812 0.739875 0.0407813 0.0535833
32 0.475977 0.697313 0.0329844 0.0413333
32 0.245047 0.550021 0.03475 0.0460417
32 0.263516 0.631927 0.0474062 0.0608542
32 0.341234 0.714094 0.0465313 0.0625625
32 0.361883 0.514531 0.0402969 0.0474375
32 0.193219 0.605823 0.0428437 0.0478958
32 0.295195 0.483563 0.0382656 0.05
32 0.362773 0.56324 0.0504531 0.0651458
32 0.324734 0.576708 0.0370313 0.0487083
32 0.255406 0.506896 0.0305312 0.0512083
32 0.377688 0.656844 0.04 0.0574375
32 0.331836 0.535896 0.0285156 0.0466667
32 0.186766 0.540646 0.0462813 0.0473333
32 0.217594 0.475438 0.032 0.0472917
32 0.457555 0.661094 0.0477656 0.0632292
32 0.412086 0.527313 0.0319844 0.0327917
32 0.383367 0.715562 0.0434219 0.0579167
32 0.241328 0.592969 0.0335937 0.0489375
32 0.445336 0.768052 0.0434531 0.0625625
32 0.30893 0.636156 0.0444219 0.0620625
32 0.318117 0.447365 0.0330781 0.0356458
32 0.294617 0.5375 0.0458281 0.0565
32 0.35457 0.610344 0.0369219 0.0523125
32 0.264219 0.457344 0.0395625 0.0539792
32 0.31032 0.58026 0.0246094 0.0446042
32 0.46143 0.641021 0.0442344 0.04
32 0.310906 0.682688 0.0345625 0.049375
32 0.27818 0.592823 0.0446406 0.0525625
32 0.411992 0.570542 0.0257656 0.044625
32 0.237672 0.657104 0.0276875 0.04025
32 0.216961 0.520406 0.0382656 0.0441458
32 0.443828 0.71026 0.042125 0.0543542
32 0.39507 0.607844 0.0472969 0.0591458
32 0.233828 0.491604 0.0336562 0.0582083
5 0.753531 0.708552 0.138437 0.173396
5 0.678477 0.605677 0.0968281 0.175354
6 0.719664 0.394719 0.206422 0.245312
6 0.596102 0.38775 0.108203 0.0988333
6 0.702758 0.366615 0.198672 0.221604
6 0.637563 0.289375 0.117188 0.233
6 0.623672 0.38549 0.187125 0.201896
6 0.596945 0.468469 0.0721094 0.0646042