14 0.51587 0.777747 0.18414 0.20632
14 0.6944 0.413467 0.16644 0.345547
14 0.48583 0.153347 0.18998 0.306693
14 0.12268 0.702627 0.12712 0.193253
14 0.65385 0.852027 0.0867 0.0568
14 0.08315 0.5292 0.07002 0.0647467
14 0.11747 0.24164 0.2157 0.215707
14 0.97771 0.532253 0.0445 0.20072
14 0.24963 0.71956 0.16558 0.296507
11 0.13789 0.39592 0.2657 0.151253
11 0.77442 0.250947 0.18688 0.23144
11 0.26778 0.151387 0.18724 0.15024
11 0.13857 0.190333 0.07454 0.09752
11 0.48913 0.265093 0.24874 0.288373
11 0.40441 0.315013 0.39702 0.630027
11 0.70554 0.75648 0.58892 0.439467