32 0.926195 0.360844 0.0332656 0.0883958
32 0.840609 0.396417 0.0266875 0.0670417
32 0.807539 0.37451 0.0247969 0.0770208
32 0.932531 0.423208 0.03 0.0628333
32 0.903109 0.213229 0.0357813 0.0556667
32 0.886984 0.247083 0.0420625 0.0825417
32 0.793727 0.303177 0.0176406 0.0575625
32 0.761555 0.431448 0.0209531 0.0623958
32 0.83207 0.289698 0.0253594 0.0831042
32 0.937469 0.286667 0.0379063 0.0804167
32 0.800781 0.433646 0.0211562 0.086875
32 0.785391 0.36826 0.0286563 0.0789792
32 0.782617 0.450469 0.0244219 0.0749792
32 0.864727 0.376469 0.0277656 0.102646
32 0.905406 0.302583 0.0283438 0.0735417
32 0.947586 0.358177 0.0204219 0.0820625
32 0.827422 0.353229 0.02425 0.0649167
32 0.948945 0.415521 0.0190781 0.0663333
32 0.765891 0.474271 0.018875 0.036125
32 0.934508 0.240792 0.0332344 0.0700417
32 0.900055 0.40026 0.0267344 0.0610208
32 0.85082 0.323354 0.0250781 0.0684583
32 0.750883 0.475 0.00673437 0.0366667
32 0.890367 0.334771 0.0424844 0.104667
32 0.767266 0.390375 0.0135 0.0434583
32 0.852953 0.257135 0.0338437 0.0702708
32 0.82075 0.462917 0.0197188 0.0314167
32 0.824094 0.425917 0.0265937 0.084125
32 0.810367 0.297698 0.0232656 0.0810208
32 0.850687 0.438906 0.0305625 0.0694375
32 0.904641 0.431042 0.0307812 0.0596667
32 0.774617 0.328542 0.0293594 0.0539167
57 0.751906 0.697437 0.0091875 0.00570833
57 0.781727 0.719021 0.00442188 0.00666667
57 0.809562 0.627302 0.0028125 0.0028125
57 0.721922 0.704625 0.00696875 0.00829167
57 0.795945 0.703594 0.00789063 0.0112708
57 0.876055 0.666063 0.00692187 0.00691667
57 0.831312 0.658177 0.00603125 0.00635417
57 0.87818 0.614365 0.0145469 0.0164792
57 0.752859 0.711375 0.009125 0.01375
57 0.860773 0.614052 0.00595313 0.00760417
57 0.865758 0.674083 0.00789063 0.0103333
57 0.83143 0.671302 0.00476562 0.0055625
57 0.849289 0.618646 0.00517188 0.0045
57 0.823547 0.696281 0.00615625 0.00589583
57 0.884211 0.663615 0.00554687 0.00872917
57 0.769727 0.666937 0.00714063 0.006875
57 0.918859 0.618438 0.00859375 0.0112083
57 0.818672 0.708688 0.00765625 0.0109167
57 0.797289 0.67876 0.00673437 0.0107708
44 0.319734 0.686885 0.0155 0.0169792
44 0.245562 0.697052 0.0165313 0.0187292
44 0.241484 0.688708 0.0164063 0.0143333
44 0.167195 0.662438 0.0175469 0.0195
44 0.306328 0.725104 0.0126562 0.014875
44 0.251836 0.652 0.0163281 0.02075
44 0.263844 0.653167 0.0102813 0.00879167
44 0.322477 0.714427 0.0175469 0.0233958
44 0.279023 0.667052 0.0155781 0.0192292
44 0.231523 0.679354 0.0117344 0.0135833
44 0.267133 0.706104 0.0120469 0.0200833
44 0.223875 0.684771 0.02025 0.02225
44 0.245172 0.641646 0.0129688 0.0128333
44 0.261648 0.695333 0.0162031 0.0130417
44 0.271398 0.697625 0.0133594 0.01725
44 0.297078 0.705875 0.0180937 0.0215417
44 0.196195 0.669552 0.0196719 0.0211875
44 0.290711 0.677125 0.0153906 0.0200417
44 0.221586 0.640708 0.0139844 0.00958333
44 0.236422 0.644302 0.0145313 0.0168125
44 0.222094 0.66924 0.00821875 0.0107708
44 0.308117 0.677812 0.00823437 0.00845833
44 0.149797 0.645 0.0148125 0.0135833
44 0.305656 0.68449 0.0138437 0.0192292
44 0.173391 0.647219 0.0185937 0.0171875
44 0.134664 0.647615 0.0192344 0.0197292
44 0.247969 0.684854 0.0155312 0.0104583
1 0.15443 0.774406 0.0305781 0.0379375
1 0.0850859 0.763969 0.0342344 0.0423125
1 0.127086 0.762771 0.0297656 0.0416667
1 0.22018 0.705771 0.0117344 0.0120417
1 0.230141 0.666687 0.017875 0.0121667
1 0.311211 0.760167 0.0193594 0.02
1 0.206719 0.762437 0.017125 0.0264167
1 0.228961 0.91875 0.0427344 0.0512083
1 0.106156 0.659687 0.0179687 0.0177917
1 0.0473906 0.78974 0.0357813 0.0394792
1 0.169805 0.81774 0.0309531 0.0389792
1 0.193969 0.899896 0.0410625 0.0587083
1 0.281633 0.880948 0.0377031 0.0306875
1 0.00544531 0.792927 0.00789063 0.0394792
1 0.0568359 0.678427 0.0182656 0.0257292
1 0.17143 0.75051 0.0230781 0.0138542
1 0.0822422 0.799979 0.0342344 0.0302083
1 0.123406 0.726802 0.0211562 0.0207708
1 0.0519531 0.747302 0.0284687 0.0310208
1 0.119992 0.864146 0.0436719 0.054625
1 0.182852 0.847792 0.0336406 0.0399583
1 0.0438203 0.71151 0.0333594 0.0404375
1 0.14018 0.852813 0.0278906 0.0333333
1 0.161016 0.690042 0.0158125 0.0144167
1 0.152117 0.694281 0.0197969 0.0202708
1 0.0710078 0.728219 0.0298281 0.0369375
1 0.288047 0.834469 0.0309687 0.0347708
1 0.0976094 0.712385 0.0216875 0.0203542
1 0.280992 0.851802 0.0339219 0.0374375
1 0.255742 0.811979 0.0256719 0.017125
1 0.245383 0.75774 0.0218281 0.0269792
1 0.0639531 0.777688 0.0288438 0.0338333
1 0.156141 0.733062 0.021625 0.0243333
1 0.158641 0.884979 0.0436875 0.0565833
1 0.201906 0.801281 0.032125 0.0358958
1 0.284469 0.743469 0.023 0.0243542
1 0.225352 0.863167 0.0362031 0.0357083
1 0.0785859 0.692823 0.0205781 0.0230625
1 0.259289 0.831646 0.0272031 0.0327083
1 0.139484 0.74699 0.0184375 0.0238542
1 0.192477 0.699156 0.00951562 0.0143125
1 0.126719 0.668854 0.0148125 0.015125
1 0.0979375 0.792885 0.0359688 0.0464375
1 0.242602 0.881781 0.0430781 0.0363125
1 0.0164922 0.768615 0.0313906 0.0327708
1 0.0241875 0.81799 0.0430625 0.0502708
1 0.255531 0.735125 0.0188437 0.021875
1 0.212391 0.786542 0.0265312 0.0217917
1 0.128359 0.816667 0.0347187 0.0354583
1 0.0922266 0.664062 0.0218594 0.02175
1 0.302531 0.749594 0.0129375 0.0175208
1 0.0688438 0.826021 0.0390313 0.0479583
1 0.198937 0.71326 0.0138437 0.0187292
1 0.0817031 0.847802 0.0429062 0.0512292
1 0.250492 0.859469 0.0283281 0.0358542
1 0.130359 0.830458 0.0358125 0.0237917
1 0.179953 0.698406 0.0161563 0.0165625
1 0.271008 0.739812 0.0111719 0.0145417
1 0.25425 0.844708 0.0197188 0.0262917
1 0.0120391 0.712198 0.0224844 0.0258125
1 0.0770703 0.669615 0.0155781 0.0212708
1 0.30082 0.7995 0.0276719 0.0191667
1 0.283781 0.776792 0.0188437 0.0238333
1 0.217016 0.723219 0.0180625 0.0192292
1 0.0979687 0.745708 0.0300625 0.043
1 0.257688 0.906542 0.0275 0.0320417
1 0.111195 0.706083 0.0198281 0.02275
1 0.28807 0.863927 0.0347031 0.0251458
1 0.228563 0.774667 0.0255312 0.030625
1 0.264648 0.773594 0.0197969 0.0271875
1 0.185227 0.77326 0.0328281 0.0386042
1 0.232945 0.71976 0.0153906 0.0147708
1 0.231078 0.828313 0.0324688 0.0408333
1 0.0333672 0.683073 0.0242344 0.0307708
1 0.139562 0.702937 0.0195 0.0221667
1 0.144219 0.789844 0.0308437 0.0303125
1 0.289953 0.625438 0.0073125 0.00616667