42 0.116187 0.383351 0.0338437 0.0421503
42 0.166734 0.448841 0.032875 0.0447808
42 0.205945 0.286701 0.0357969 0.056785
42 0.0769297 0.457704 0.0296094 0.0549896
42 0.289625 0.411148 0.04425 0.0643424
42 0.134734 0.616576 0.0281563 0.0579958
42 0.0915312 0.355658 0.0225625 0.036785
42 0.295258 0.461451 0.0495781 0.0520877
42 0.167203 0.378205 0.0315937 0.0622965
42 0.252648 0.289937 0.0456406 0.0450104
42 0.0968281 0.47737 0.0349687 0.031691
42 0.177563 0.646503 0.0407813 0.0414405
42 0.195852 0.318747 0.0164531 0.0334029
42 0.255617 0.546106 0.0328281 0.0474948
42 0.188336 0.615157 0.0261719 0.0305219
42 0.187922 0.409029 0.041 0.0369311
42 0.157109 0.272672 0.0319063 0.0465553
42 0.231586 0.343873 0.0318594 0.0713779
42 0.286383 0.330104 0.0413906 0.0443424
42 0.236219 0.512557 0.0229375 0.0289979
42 0.0847422 0.395929 0.0257344 0.0466388
42 0.198672 0.531524 0.0254375 0.0591232
42 0.138664 0.355616 0.0369844 0.0552401
42 0.186031 0.581503 0.029125 0.0279749
42 0.174664 0.310825 0.0259531 0.0387683
42 0.129562 0.468069 0.0365 0.0568058
42 0.206258 0.445188 0.0497656 0.0704175
42 0.160375 0.293706 0.0222188 0.0424426
42 0.202539 0.35809 0.0360156 0.0555532
42 0.240734 0.573142 0.0325937 0.0431524
42 0.161672 0.555031 0.0490312 0.0531524
42 0.206969 0.600491 0.0196563 0.0262839
42 0.195359 0.45024 0.0231875 0.0377662