59 0.774328 0.780438 0.052125 0.0517917
59 0.673086 0.802448 0.0530156 0.0203125
59 0.470859 0.635219 0.0443125 0.0287708
59 0.674867 0.858771 0.0555469 0.0245417
59 0.669172 0.894198 0.0701875 0.0536875
59 0.731812 0.807438 0.0573125 0.0271667
59 0.681117 0.835969 0.0613906 0.0245208
59 0.550086 0.827313 0.0546094 0.0566667
59 0.738359 0.856646 0.0635938 0.0309583
59 0.789344 0.849729 0.0424687 0.0280417
59 0.477211 0.596333 0.0390469 0.0325833
59 0.714984 0.769354 0.0625 0.0366667
59 0.779648 0.89299 0.0463906 0.0613125
59 0.714711 0.788646 0.0603906 0.0233333
59 0.502352 0.613927 0.0432969 0.0385625
59 0.667391 0.785635 0.042125 0.0276875
59 0.677359 0.846135 0.06125 0.0234792
59 0.653141 0.927167 0.0685625 0.035625
59 0.736484 0.840812 0.0513438 0.025125
59 0.727523 0.887719 0.0578906 0.0361458
59 0.670055 0.81776 0.0538906 0.0184792
59 0.454352 0.553542 0.0455469 0.030375
59 0.667547 0.753594 0.0494062 0.0418958
59 0.790914 0.826833 0.0538594 0.046125
59 0.657734 0.873917 0.0409687 0.0408333
5 0.43375 0.883302 0.0720313 0.110104
5 0.344141 0.909938 0.0998125 0.0798333
5 0.27875 0.970823 0.107875 0.0569375
5 0.391695 0.831417 0.0837031 0.0789167
5 0.749469 0.681719 0.069375 0.0826458
5 0.623508 0.874927 0.0384531 0.0112708
5 0.381234 0.965385 0.117313 0.0681875