11 0.82111 0.517787 0.01962 0.01456
11 0.48634 0.536773 0.09988 0.14928
11 0.40637 0.432987 0.10438 0.12944
11 0.28234 0.50036 0.06216 0.0689333
11 0.18613 0.67056 0.13586 0.109067
11 0.80142 0.259933 0.07324 0.09
11 0.44243 0.804747 0.04958 0.0873067
11 0.49189 0.669587 0.0757 0.0983733
11 0.60815 0.54016 0.01922 0.0216
11 0.70996 0.365147 0.09256 0.0933867
11 0.56354 0.70732 0.027 0.0376267
11 0.57858 0.547267 0.03876 0.03704
11 0.7303 0.452747 0.03368 0.02672
11 0.68162 0.263027 0.11996 0.0661067
11 0.83076 0.491027 0.06516 0.0479733
11 0.6185 0.178067 0.04024 0.0167733