44 0.182319 0.752812 0.0857143 0.0596563
44 0.419824 0.788039 0.0769789 0.0333594
44 0.580609 0.797109 0.0703044 0.0466562
44 0.42863 0.815234 0.0742155 0.034625
44 0.375492 0.803375 0.0495316 0.0287813
44 0.862916 0.763883 0.0853162 0.0542344
44 0.449274 0.662563 0.0632319 0.0454375
44 0.374883 0.706828 0.0665808 0.0351562
44 0.823806 0.739766 0.0820375 0.0554375
44 0.480269 0.796805 0.0557611 0.0397969
44 0.132108 0.781102 0.0708665 0.0229844
44 0.942436 0.776109 0.0877752 0.0269375
44 0.145855 0.803953 0.0758314 0.0364375
44 0.955386 0.795133 0.0714286 0.0287969
44 0.695258 0.669703 0.0762763 0.0493125
44 0.0295316 0.775789 0.0563466 0.0230156
44 0.317553 0.698875 0.0514052 0.0284375
44 0.175738 0.706867 0.0542389 0.0246094
44 0.710621 0.804078 0.0808197 0.024375
44 0.541932 0.670133 0.0681265 0.0469531
44 0.0593326 0.717953 0.0585246 0.0300938
44 0.410667 0.636773 0.0519672 0.0248906
44 0.779672 0.730797 0.0359251 0.0460938
44 0.23781 0.781 0.0832084 0.0604375
44 0.345059 0.810742 0.0819672 0.0184844
44 0.398372 0.740633 0.0860656 0.0566094
44 0.5337 0.771195 0.0865105 0.0589219
44 0.765761 0.682672 0.0866511 0.0491875
44 0.258888 0.699609 0.0776347 0.0485625
44 0.790527 0.802625 0.0798361 0.0245312
44 0.0350234 0.694398 0.0663934 0.0547969
44 0.829145 0.701984 0.0753864 0.0420625
44 0.823103 0.778844 0.0352927 0.0235313
44 0.426019 0.673977 0.0771429 0.0492656
44 0.608314 0.672359 0.0789696 0.0505313
44 0.32315 0.780516 0.0877049 0.065125
44 0.351077 0.670687 0.0764871 0.0514063
44 0.109286 0.656289 0.0770258 0.0357656
44 0.69897 0.781633 0.05274 0.0272031
44 0.739403 0.711906 0.0835831 0.049
44 0.935152 0.695992 0.0783138 0.0358906
44 0.290164 0.669711 0.056534 0.0353906
44 0.947436 0.675258 0.0669555 0.0382344
44 0.247096 0.642289 0.0762061 0.0492656
44 0.721557 0.742969 0.0755269 0.0565937
44 0.975656 0.749969 0.0486885 0.0549687
44 0.0103864 0.721117 0.0203981 0.0405469
44 0.651159 0.670508 0.0257845 0.0304219
44 0.0557963 0.756227 0.0858314 0.0549219
44 0.204297 0.730211 0.0751054 0.0362344
44 0.377447 0.646961 0.0796721 0.0348906
44 0.765972 0.785008 0.0812178 0.0502969
44 0.577951 0.716141 0.0801639 0.0449688
44 0.309426 0.643109 0.0569789 0.0354063
44 0.660667 0.795828 0.066815 0.0344375
44 0.908618 0.749578 0.0812178 0.0593125
44 0.882564 0.691062 0.0607728 0.0479375
44 0.495386 0.725484 0.077377 0.0349062
44 0.111604 0.68318 0.0774473 0.0450781
44 0.447295 0.709023 0.0823185 0.0528594
44 0.624859 0.803281 0.0973068 0.0312812
44 0.563852 0.74793 0.0825059 0.0545781
44 0.126569 0.723148 0.0914988 0.0604531
44 0.256674 0.812094 0.0730211 0.01975
44 0.660094 0.752758 0.0850585 0.0556719
44 0.244719 0.737477 0.0366511 0.0362969
44 0.240351 0.687195 0.0638876 0.0426094
44 0.514005 0.807453 0.0850585 0.029
44 0.126382 0.767117 0.0462998 0.0253906
44 0.165258 0.651266 0.0721077 0.0441563
44 0.296159 0.729531 0.0885246 0.0595313
44 0.491499 0.674242 0.0419672 0.0274531
44 0.517482 0.705547 0.0669555 0.043875
44 0.478536 0.754008 0.0797424 0.0616406
44 0.192998 0.672977 0.0851054 0.0534531
44 0.982564 0.711016 0.0348712 0.0334688
44 0.838115 0.661023 0.0746838 0.0492656
44 0.874707 0.798711 0.0886183 0.0273281
44 0.932412 0.721195 0.0708197 0.0443906
44 0.875867 0.723688 0.0408197 0.0266875
44 0.654883 0.719062 0.0781499 0.0425937
44 0.661874 0.701945 0.0797658 0.0372031
44 0.614906 0.774461 0.05 0.0282344
44 0.0125995 0.748906 0.0251991 0.026125