52 0.770813 0.0292109 0.0865417 0.0584219
52 0.947281 0.126773 0.103979 0.0589531
52 0.432948 0.127141 0.0783542 0.031625
52 0.610885 0.115883 0.133854 0.0414844
52 0.430438 0.227227 0.143458 0.0843594
52 0.572604 0.280945 0.137833 0.0808906
52 0.0727813 0.154922 0.140188 0.075375
52 0.694417 0.148742 0.0959167 0.0629219
52 0.210031 0.153938 0.0960625 0.0631875
52 0.610885 0.605242 0.194562 0.127859
52 0.280354 0.229406 0.0945417 0.06875
52 0.961271 0.0984687 0.0404583 0.0362188
52 0.0504479 0.442891 0.100896 0.135906
52 0.634594 0.840766 0.302104 0.139688
52 0.976125 0.183594 0.0462917 0.0442188
52 0.650042 0.529156 0.237167 0.131937
52 0.125104 0.316148 0.1405 0.0830781
52 0.163656 0.21718 0.153188 0.0742969
52 0.837281 0.115867 0.120479 0.0576094
52 0.859833 0.37475 0.156375 0.0893437
52 0.825021 0.659227 0.224958 0.160516
52 0.0891667 0.502461 0.140875 0.143578
52 0.486125 0.316406 0.161042 0.0723125
52 0.326469 0.0958984 0.0741875 0.0871719
52 0.506948 0.529891 0.136313 0.102469
52 0.890698 0.951484 0.218604 0.0970312
52 0.962583 0.252141 0.0684583 0.0605625
52 0.104646 0.175789 0.106208 0.0875469
52 0.564531 0.236945 0.135979 0.0608594
52 0.488188 0.936102 0.266625 0.127797
52 0.781115 0.71118 0.197938 0.133828
52 0.246594 0.304844 0.148146 0.114531
52 0.670635 0.261352 0.103271 0.108672
52 0.384073 0.0307187 0.0725208 0.0364375
52 0.506094 0.16382 0.0793125 0.0743594
52 0.749917 0.350047 0.186667 0.102563
52 0.148813 0.036375 0.0804167 0.071375
52 0.73724 0.157773 0.0518125 0.0599219
52 0.714406 0.418602 0.100062 0.115703
52 0.0774583 0.263914 0.108042 0.0782031
52 0.619052 0.0672422 0.0771458 0.0614531
52 0.761052 0.270352 0.164854 0.0849844
52 0.829229 0.221164 0.0848333 0.0553906
52 0.926063 0.0597266 0.0405 0.0307969
52 0.858271 0.0764766 0.119667 0.0492969
52 0.928448 0.153219 0.0766458 0.0349062
52 0.55051 0.719414 0.151979 0.158922
52 0.700969 0.05675 0.0570625 0.0492187
52 0.417083 0.168047 0.138667 0.0535937
52 0.0166563 0.497828 0.0333125 0.07
52 0.965708 0.425773 0.0685833 0.0530469
52 0.103219 0.369906 0.195104 0.149344
52 0.792115 0.173328 0.0611875 0.08
52 0.48 0.0556094 0.1295 0.05
52 0.730937 0.755656 0.202375 0.1205
52 0.970417 0.392477 0.0591667 0.0288906
52 0.569531 0.0653516 0.0604792 0.0392031
52 0.664448 0.0693359 0.0483958 0.0318594
52 0.545792 0.0880781 0.0533333 0.0171875
52 0.962917 0.219539 0.064625 0.0370781
52 0.115208 0.0253125 0.0655833 0.050625
52 0.317812 0.0135547 0.0864167 0.0271094
52 0.292396 0.201578 0.152208 0.0641875
52 0.377781 0.541977 0.0551042 0.0348594
52 0.870344 0.26 0.126896 0.0758125
52 0.882948 0.32157 0.113604 0.0791719
52 0.894094 0.603563 0.211813 0.142656
52 0.470583 0.621578 0.117875 0.121375
52 0.587458 0.027375 0.0607917 0.0461562
52 0.0224375 0.907555 0.044875 0.123828
52 0.869146 0.827227 0.183917 0.160516
52 0.43175 0.106859 0.0735833 0.0549375
52 0.586823 0.331875 0.0886042 0.0392188
52 0.308208 0.37125 0.184167 0.103688
52 0.151865 0.673641 0.189021 0.114125
52 0.102302 0.897437 0.122313 0.173031
52 0.814135 0.0547422 0.0641042 0.0646406
52 0.877542 0.14507 0.0735 0.0361406
52 0.0720313 0.0615625 0.0758958 0.0376875
52 0.111677 0.752344 0.222396 0.136719
52 0.31526 0.0577734 0.103229 0.0877969
52 0.45176 0.0302891 0.103271 0.0605781
52 0.692333 0.881297 0.29375 0.126656
52 0.103563 0.111664 0.124792 0.0556406
52 0.0135937 0.338117 0.0232708 0.0931719
52 0.648729 0.322055 0.0692083 0.0378906
52 0.558844 0.180742 0.117229 0.0683281
52 0.249625 0.0307656 0.0467917 0.0525312
14 0.67524 0.966656 0.226646 0.06475
14 0.256344 0.172609 0.113479 0.0352813
14 0.372365 0.827688 0.227021 0.094875
14 0.771375 0.545695 0.0572083 0.0874531
14 0.873115 0.195617 0.122521 0.104203
14 0.515875 0.448844 0.0687083 0.0674375
14 0.780552 0.446383 0.0921458 0.103203
14 0.970844 0.717562 0.0583125 0.154094
14 0.277594 0.660602 0.127771 0.0764531
14 0.414156 0.325914 0.163354 0.0793594
14 0.525771 0.491281 0.0482083 0.0426875
14 0.21874 0.622906 0.0485208 0.0406562
14 0.0240313 0.591109 0.0468125 0.083125
14 0.980104 0.843844 0.038625 0.0664687
14 0.312208 0.86093 0.211083 0.124359
14 0.204333 0.260969 0.14625 0.0393125
14 0.696354 0.10643 0.0782917 0.0466406
14 0.540208 0.138063 0.097 0.0592812
14 0.374875 0.278375 0.119167 0.0635625
14 0.743687 0.0842031 0.101375 0.0814062
14 0.533198 0.0271328 0.0799792 0.0542656
14 0.0262187 0.630133 0.0488958 0.0392344
14 0.88549 0.475367 0.229021 0.139828
14 0.723313 0.204641 0.155 0.0668125
14 0.971604 0.302008 0.0567917 0.0506719
14 0.250323 0.0688047 0.0480208 0.0347656
14 0.357219 0.759344 0.312146 0.1665
14 0.616521 0.164289 0.06975 0.0719219
14 0.21074 0.103719 0.139479 0.0766563
14 0.945937 0.353719 0.103792 0.0798125
14 0.615177 0.367789 0.144437 0.0719531
14 0.656385 0.0244844 0.100854 0.044875
14 0.390531 0.0832188 0.0639375 0.0794062
14 0.474677 0.0984609 0.0895625 0.0343594
14 0.95374 0.89 0.0925208 0.0758125
14 0.025375 0.269484 0.05075 0.0923125
14 0.480625 0.0713984 0.119958 0.0475781
14 0.617094 0.421891 0.0970625 0.112281
14 0.938312 0.684117 0.0291667 0.0119219
14 0.324635 0.614523 0.182812 0.128984
14 0.208208 0.451586 0.0976667 0.0652656
14 0.17675 0.0570547 0.0752083 0.0269219
14 0.19351 0.023125 0.0693958 0.0440938