32 0.87452 0.886734 0.0358782 0.0212812
32 0.847553 0.916625 0.0334192 0.0178437
32 0.916042 0.875852 0.0357377 0.0228281
32 0.848431 0.876375 0.0348009 0.02375
32 0.769895 0.914336 0.03637 0.0252344
32 0.848337 0.895703 0.0344262 0.021125
32 0.907927 0.892117 0.0308431 0.0148906
32 0.821347 0.927375 0.0306089 0.02
32 0.877436 0.904359 0.0302342 0.0184687
32 0.901194 0.887859 0.0181265 0.0110625
32 0.815258 0.916328 0.0284543 0.0128438
32 0.78993 0.955984 0.0335831 0.0274063
32 0.988361 0.842781 0.02 0.0215625
32 0.9426 0.870828 0.0345199 0.0214688
32 0.767939 0.938883 0.0378923 0.0252656