37 0.628922 0.23425 0.0923438 0.127875
37 0.176086 0.38875 0.109453 0.190583
37 0.404211 0.47926 0.129047 0.174479
37 0.734984 0.207927 0.127 0.157729
37 0.516945 0.226656 0.144297 0.174896
37 0.67882 0.335698 0.106922 0.149229
37 0.486625 0.369365 0.121156 0.197687
44 0.421453 0.356292 0.0566875 0.100625
44 0.377359 0.664354 0.17175 0.2065
44 0.643133 0.428146 0.146078 0.15575
44 0.282141 0.359667 0.188437 0.252875
44 0.718484 0.596271 0.172187 0.201708
44 0.595039 0.713167 0.175328 0.239875
44 0.383398 0.369229 0.0302031 0.0620417
44 0.57482 0.482917 0.169328 0.231083
44 0.581367 0.321979 0.0936094 0.103167
44 0.384711 0.248646 0.143859 0.18025
44 0.506891 0.62301 0.121687 0.197312
44 0.313797 0.200604 0.078 0.0830833
44 0.280562 0.549281 0.143719 0.169646
39 0.679555 0.337167 0.109891 0.152917
39 0.735023 0.20849 0.129891 0.157688
39 0.486062 0.368 0.122094 0.196125
39 0.516961 0.226542 0.145766 0.175125
39 0.628523 0.234198 0.0912969 0.127562
39 0.404531 0.478885 0.129438 0.175063
39 0.176586 0.38875 0.109016 0.190917