43 0.49082 0.588208 0.0433906 0.0740833
43 0.719234 0.681 0.0404687 0.07225
43 0.373414 0.506531 0.0333281 0.0362708
43 0.404297 0.367344 0.0423437 0.0595208
43 0.551875 0.496646 0.0364688 0.0240417
43 0.811414 0.512135 0.0191094 0.0388542
43 0.372258 0.540448 0.0521094 0.0230625
43 0.324672 0.601479 0.0305 0.050625
43 0.788055 0.538427 0.0178906 0.0283125
43 0.430203 0.299406 0.0284063 0.0419375
43 0.376375 0.31024 0.0689063 0.0837292
43 0.435336 0.380406 0.0253594 0.0393958
43 0.713867 0.462719 0.0244844 0.0739792
43 0.731359 0.416896 0.0315312 0.0565417
43 0.634344 0.425448 0.0263437 0.0299792
43 0.775078 0.514344 0.0207188 0.0467292
43 0.214617 0.638698 0.0413281 0.0453542
43 0.336633 0.886198 0.0566719 0.0660625
43 0.398984 0.397469 0.0315 0.0715208
43 0.752617 0.477687 0.0299531 0.02425
43 0.302187 0.594406 0.0299375 0.0868542
43 0.359227 0.777687 0.0379844 0.114625
43 0.713789 0.35976 0.0281719 0.0273958
43 0.649367 0.437198 0.0188594 0.0363958
43 0.294375 0.451292 0.0165625 0.0235
43 0.316016 0.768573 0.0488438 0.0475625
43 0.771867 0.589292 0.0288281 0.031375
43 0.371641 0.525885 0.0188125 0.0161875
43 0.358305 0.624115 0.0437969 0.0790625
43 0.280977 0.602958 0.0236406 0.047625
43 0.318352 0.489875 0.0344844 0.0434583
43 0.427813 0.461854 0.0389688 0.0580833
43 0.294461 0.602187 0.00998438 0.0349167
43 0.462359 0.463396 0.0351875 0.0570417
43 0.617711 0.404521 0.0538906 0.043
43 0.471617 0.427385 0.0652344 0.0562292
43 0.77643 0.554281 0.00964062 0.0132708
43 0.747008 0.625969 0.0243906 0.0626875
43 0.675719 0.455 0.0334375 0.045625