11 0.286617 0.270802 0.0673906 0.0793542
11 0.381586 0.526406 0.112422 0.153146
11 0.589812 0.218729 0.108062 0.0936667
11 0.265828 0.532198 0.0465938 0.0456875
11 0.402148 0.390344 0.101328 0.108896
11 0.201758 0.454531 0.0356406 0.0434375
11 0.329477 0.40125 0.0653594 0.0868333
11 0.707805 0.248854 0.0652344 0.087
11 0.668602 0.573042 0.0678281 0.0587083
11 0.559664 0.534187 0.105953 0.110292
11 0.412188 0.642708 0.124969 0.172
11 0.43543 0.224656 0.0700469 0.0867708
11 0.50732 0.708521 0.0639531 0.098