11 0.152258 0.652927 0.181172 0.230021
11 0.842297 0.534198 0.167031 0.213021
11 0.701359 0.430135 0.07525 0.116354
11 0.809914 0.296771 0.0687969 0.0736667
11 0.74582 0.694844 0.0708281 0.0965625
11 0.226953 0.839625 0.074 0.103458
11 0.412781 0.0907396 0.185312 0.181479
42 0.242492 0.137938 0.106328 0.096875
42 0.645539 0.336385 0.0779219 0.137063
42 0.110484 0.440854 0.174156 0.13825
42 0.344109 0.922552 0.0920312 0.154896
42 0.473844 0.550458 0.073375 0.154042
42 0.731016 0.889031 0.0935938 0.190021
42 0.346133 0.618208 0.0810156 0.203625
42 0.819617 0.390802 0.157328 0.114604
42 0.64693 0.11274 0.121547 0.170521
42 0.483914 0.33299 0.0352344 0.0369792
14 0.459555 0.945406 0.0651406 0.0912292
14 0.304391 0.129281 0.0445625 0.0591042
14 0.33907 0.179844 0.0756094 0.0983125
14 0.250156 0.233927 0.0770312 0.0982292
14 0.764406 0.294542 0.0517188 0.0617917
14 0.241555 0.400219 0.0696406 0.105063
14 0.272297 0.852115 0.087125 0.0974375
14 0.818969 0.696281 0.082375 0.107063
14 0.119891 0.379396 0.0597188 0.0851667
14 0.0679375 0.427406 0.0766563 0.0971042
14 0.642086 0.87574 0.0859219 0.109604
14 0.596484 0.0802604 0.0634375 0.0956042
14 0.721234 0.303083 0.0465313 0.0917917