14 0.393548 0.632539 0.163208 0.0672344
14 0.482447 0.910852 0.261335 0.0619531
14 0.415902 0.943055 0.05274 0.0507969
14 0.354672 0.936234 0.134731 0.043375
14 0.457576 0.570133 0.104988 0.0705156
14 0.376019 0.933109 0.0628571 0.0133437
14 0.386241 0.657422 0.123162 0.0595313
14 0.441206 0.830102 0.0240984 0.0157969
14 0.351007 0.972391 0.152974 0.0142187
14 0.425878 0.865922 0.0708197 0.0330937
14 0.394918 0.988391 0.0315222 0.014875
14 0.446651 0.971438 0.0442623 0.0525937
14 0.21178 0.946406 0.0323185 0.0164063