24 0.559102 0.526823 0.102453 0.0982708
24 0.511797 0.51224 0.0534063 0.0686458
24 0.575203 0.575271 0.1255 0.141958
11 0.86032 0.447177 0.106391 0.107646
11 0.196727 0.643698 0.0373906 0.0763125
11 0.14582 0.653 0.0530781 0.0674167
11 0.180844 0.513958 0.0477187 0.0714167
11 0.301055 0.576844 0.0430781 0.0561458
11 0.302008 0.506927 0.0547031 0.0886875
11 0.735945 0.701917 0.0806094 0.0720833
11 0.373672 0.828271 0.0494687 0.078
1 0.271367 0.23626 0.0877031 0.108521
1 0.24357 0.170771 0.102828 0.129708
1 0.294125 0.304635 0.0875625 0.123021