43 0.26105 0.41368 0.12006 0.129227
43 0.23818 0.52548 0.10336 0.118053
43 0.22116 0.2334 0.05172 0.104613
43 0.37066 0.66392 0.0826 0.0628267
43 0.31652 0.630067 0.17228 0.05096
43 0.54872 0.2638 0.06164 0.02728
43 0.88427 0.368653 0.05942 0.0161333
43 0.51563 0.280573 0.04566 0.0657333
43 0.42145 0.514 0.04154 0.0230933
43 0.64424 0.512707 0.06716 0.0252533
43 0.18107 0.49876 0.1891 0.086
43 0.16084 0.321947 0.03608 0.0266667
43 0.62243 0.310573 0.04674 0.0474933
43 0.61972 0.580293 0.0932 0.0748267
43 0.2253 0.42704 0.0236 0.0264533
43 0.45859 0.50256 0.05102 0.02608
43 0.76531 0.46592 0.02406 0.05792
43 0.67626 0.54968 0.0866 0.0863467
43 0.43012 0.170053 0.10028 0.109707
43 0.84949 0.350907 0.0623 0.0286933
43 0.16849 0.178627 0.04826 0.0935733
43 0.44282 0.401947 0.04236 0.0522133