6 0.419016 0.576958 0.0897813 0.0860833
6 0.307922 0.640229 0.156562 0.112417
6 0.219875 0.640354 0.116531 0.0680417
6 0.548047 0.74001 0.138719 0.0720625
6 0.445398 0.687802 0.0961719 0.166021
6 0.366375 0.650542 0.131562 0.10125
6 0.231773 0.430188 0.105297 0.073375
6 0.498641 0.423677 0.112469 0.200729
6 0.502812 0.39051 0.084375 0.172938
6 0.315758 0.734594 0.166047 0.0996875
6 0.517344 0.277594 0.108625 0.0863958
6 0.337422 0.861729 0.113 0.0877083
6 0.44143 0.400688 0.105578 0.19375
6 0.555531 0.670458 0.141156 0.116833
6 0.275602 0.516031 0.110859 0.122187
6 0.511 0.613948 0.0879687 0.100354
6 0.375383 0.312281 0.168141 0.109729
6 0.376766 0.731437 0.106719 0.176125
6 0.232195 0.52374 0.0763594 0.118354
6 0.491984 0.794854 0.0756563 0.122417
6 0.324102 0.542375 0.0934844 0.152
6 0.266719 0.576385 0.0761563 0.0993125
6 0.292445 0.871104 0.0594219 0.100708
6 0.278984 0.82701 0.0895312 0.0882292
6 0.259188 0.72699 0.11575 0.0673542
6 0.293359 0.428583 0.113312 0.0993333
6 0.269453 0.644073 0.168594 0.0980625
6 0.484781 0.203063 0.0567813 0.208083