44 0.247383 0.934306 0.0293906 0.0333176
44 0.365586 0.984235 0.0264531 0.0315294
44 0.221203 0.979906 0.04 0.0401882
44 0.196648 0.972965 0.0368281 0.0540706
44 0.342539 0.921341 0.0317969 0.0402353
44 0.286945 0.967694 0.0348906 0.0497882
44 0.338391 0.950153 0.0275 0.0280235
44 0.212477 0.949412 0.0338594 0.0391529
44 0.31993 0.988376 0.0206406 0.0232471
44 0.261586 0.948318 0.0343594 0.0456235
44 0.16525 0.979376 0.0316875 0.0405412
44 0.330016 0.996259 0.0210938 0.00748235
44 0.154156 0.994447 0.0275 0.0103059
44 0.187648 0.993459 0.0278594 0.0130824
44 0.372742 0.963824 0.0314219 0.0359765
44 0.341484 0.966353 0.032875 0.0498353
44 0.342008 0.991435 0.0210781 0.0134118
44 0.29332 0.9852 0.0378281 0.0296
44 0.164867 0.950329 0.0264531 0.0295059
44 0.232227 0.957482 0.0330781 0.0271059
44 0.25132 0.978612 0.0295469 0.0402824
44 0.364617 0.939224 0.0246719 0.0394824
44 0.399305 0.979729 0.0239219 0.0351294
44 0.387445 0.947976 0.0294531 0.0418824
44 0.134875 0.967341 0.040625 0.0621647
44 0.312102 0.9534 0.0305156 0.0550353
44 0.183352 0.933247 0.0331094 0.0359059
44 0.393906 0.991306 0.0189375 0.00905882
39 0.0944453 0.9238 0.0366406 0.0498118
39 0.102344 0.984153 0.0253125 0.0284
39 0.109227 0.903424 0.0227344 0.0251059
39 0.120203 0.944988 0.0340937 0.0494588
39 0.0588516 0.920459 0.0338281 0.0465647
39 0.0303438 0.971212 0.0384688 0.0515059
39 0.0582344 0.959906 0.024375 0.0379294
39 0.00808594 0.988624 0.0161719 0.0227529
39 0.139297 0.913424 0.031 0.0438353
39 0.0563281 0.9858 0.0341875 0.0272235
39 0.0884219 0.972741 0.0365938 0.0520235
6 0.14757 0.612435 0.0451719 0.0434588
6 0.22043 0.569224 0.0458281 0.0220706
6 0.201805 0.5758 0.0275156 0.0163529
6 0.431219 0.848906 0.011375 0.0112235
6 0.273367 0.5838 0.0314219 0.0168235
6 0.290383 0.695412 0.0244531 0.0161882
6 0.26582 0.603647 0.0227344 0.0233882
6 0.163883 0.593012 0.0331719 0.0355765
6 0.331984 0.685506 0.0155 0.0115294
6 0.296961 0.599976 0.0152344 0.0233412
6 0.28982 0.723 0.0310781 0.0225176
6 0.28632 0.861965 0.00617188 0.0124
6 0.299617 0.902906 0.0207344 0.0201647
6 0.219672 0.758388 0.0245 0.0206353
6 0.22768 0.5928 0.0414844 0.0310588
6 0.399695 0.849224 0.0190156 0.00687059
6 0.327578 0.592776 0.0124063 0.0258824
6 0.347172 0.833647 0.0144687 0.00809412
6 0.321883 0.591671 0.0155469 0.0283765
6 0.214531 0.607824 0.0383437 0.0396941
6 0.170422 0.768847 0.0165313 0.0124706
6 0.334586 0.807659 0.0206406 0.0108
6 0.246063 0.867682 0.0536563 0.0192235
6 0.278922 0.817941 0.0160938 0.0117882
6 0.277422 0.886753 0.0396875 0.0228235
6 0.253836 0.603012 0.0159219 0.0376941
6 0.460266 0.853047 0.0152812 0.00576471
6 0.176539 0.595694 0.0304844 0.0446118
6 0.149109 0.769318 0.01075 0.0215059
6 0.219406 0.730012 0.0348125 0.0168706
6 0.245195 0.775141 0.00660938 0.0144235
6 0.154281 0.805612 0.0198438 0.0224235
6 0.240609 0.741282 0.0104375 0.0157412
6 0.18093 0.599706 0.0124219 0.0301882
6 0.451547 0.848588 0.012 0.0105882
6 0.210648 0.7436 0.0184219 0.0159059
6 0.2065 0.775647 0.0129375 0.0145412
6 0.320914 0.686906 0.0256406 0.0193176
6 0.257031 0.846424 0.0165313 0.0130824
6 0.355859 0.809341 0.0219062 0.0161882
6 0.331969 0.813694 0.0203125 0.0136941
6 0.211547 0.790071 0.0169063 0.0189647
6 0.302969 0.589306 0.0255625 0.0228
6 0.327664 0.707753 0.0105469 0.00877647
6 0.177953 0.741082 0.0174687 0.0121882
6 0.153422 0.599776 0.0399687 0.0425176
6 0.335437 0.844224 0.028375 0.0250118
6 0.267992 0.892576 0.0273906 0.0153176
6 0.26282 0.5648 0.0260469 0.0105882
6 0.259016 0.693447 0.0266875 0.0214353
6 0.239 0.617682 0.0309687 0.0411529
6 0.289148 0.714706 0.0427656 0.0288941
6 0.273984 0.828976 0.0128125 0.0149412
6 0.270984 0.740965 0.0254375 0.0227294
6 0.161203 0.756541 0.0250312 0.0152471
6 0.311516 0.602647 0.0130312 0.0171529
6 0.264555 0.560424 0.0199844 0.00851765
6 0.230539 0.721176 0.0331094 0.0203294
6 0.157648 0.788047 0.0217031 0.0162353
6 0.271875 0.904918 0.0461562 0.0154353
6 0.22043 0.8938 0.0373906 0.0282118
6 0.214352 0.622647 0.0432031 0.0414353
6 0.174633 0.796788 0.0152031 0.0136706
6 0.213156 0.561718 0.0417812 0.0150588
6 0.306336 0.585353 0.0266719 0.0243059
6 0.325625 0.867788 0.01025 0.0158118
6 0.165508 0.803341 0.0247969 0.0163294
6 0.300766 0.703588 0.0279063 0.0202588
6 0.271813 0.729906 0.0345312 0.0236706
6 0.224641 0.790906 0.0187812 0.0137647
6 0.189359 0.905859 0.0440625 0.0137882
6 0.140352 0.773482 0.0247969 0.0218353
6 0.256445 0.7046 0.0270156 0.0274588
6 0.233375 0.785682 0.0149375 0.0119765
6 0.331148 0.585365 0.0251094 0.0202824
6 0.259766 0.861388 0.0208438 0.0128941
6 0.319477 0.711682 0.00951562 0.00778824
6 0.18375 0.585459 0.0355625 0.0340235
6 0.262273 0.748176 0.0124219 0.0159765
6 0.251195 0.711576 0.0254219 0.0229647
6 0.305141 0.610776 0.0058125 0.0142588
6 0.182289 0.619906 0.0107656 0.0297412
6 0.274273 0.598059 0.0294219 0.0289176
6 0.336266 0.692824 0.0104375 0.0123294
6 0.118445 0.788859 0.0157656 0.0293412
6 0.318555 0.704894 0.00770312 0.012
6 0.272047 0.690682 0.0144375 0.0146353
6 0.237805 0.709494 0.0347344 0.0102824
6 0.243336 0.887529 0.0291406 0.0237176
6 0.234906 0.757353 0.0251563 0.0138588
6 0.130391 0.761741 0.0178437 0.0121412
6 0.209016 0.808306 0.0091875 0.00988235
6 0.279781 0.568529 0.0124063 0.00872941
6 0.268914 0.625894 0.0149219 0.0132471
6 0.415258 0.846318 0.00920312 0.0105176
6 0.439922 0.846518 0.016375 0.0123765