14 0.76697 0.51528 0.1309 0.0600533
14 0.73939 0.36336 0.08894 0.10256
14 0.7864 0.59544 0.05468 0.12688
14 0.71169 0.579373 0.06374 0.07576
14 0.69007 0.521147 0.04542 0.07488
14 0.73853 0.637333 0.0541 0.148053
14 0.68319 0.36128 0.05758 0.05616
14 0.77915 0.347533 0.0717 0.0956
14 0.68433 0.344613 0.09118 0.1304
14 0.66427 0.363427 0.05166 0.09976
14 0.74916 0.448547 0.08108 0.07336
14 0.71314 0.472613 0.09144 0.06656
14 0.72205 0.314667 0.03682 0.0422933
14 0.67531 0.288013 0.05542 0.06776
11 0.91569 0.1834 0.13694 0.134
11 0.68224 0.23424 0.10308 0.1384
11 0.78752 0.189653 0.13836 0.205387
17 0.93896 0.433493 0.02672 0.03648
17 0.973 0.431373 0.054 0.09864
17 0.83914 0.544547 0.10688 0.161147
17 0.95229 0.321147 0.07982 0.07968
17 0.86508 0.700027 0.21652 0.07136
17 0.92641 0.605533 0.14718 0.24328
17 0.84731 0.616347 0.08494 0.105333
17 0.95725 0.26948 0.06538 0.0620533
17 0.82717 0.412747 0.16834 0.0989867
17 0.88579 0.561013 0.0511 0.113653
17 0.98491 0.660213 0.03018 0.128107
17 0.89509 0.74208 0.20982 0.0826667
17 0.88182 0.30256 0.10256 0.0981867
17 0.97576 0.36384 0.04848 0.08768
17 0.99336 0.27624 0.01328 0.101067
17 0.84502 0.438 0.17056 0.103573
17 0.89856 0.485547 0.02804 0.0270933
17 0.82353 0.335253 0.0597 0.0608533
17 0.93422 0.526107 0.07204 0.114507
17 0.8988 0.36712 0.12896 0.109173
17 0.88754 0.252213 0.1054 0.107147
17 0.74826 0.298453 0.08808 0.0415467
17 0.80243 0.305213 0.07698 0.09336