15 0.116367 0.664824 0.0457344 0.0799532
15 0.0947656 0.593899 0.012125 0.0128103
38 0.680359 0.405492 0.279125 0.407002
38 0.334844 0.371932 0.158812 0.24096
38 0.0974219 0.451803 0.0425625 0.0297424
14 0.496305 0.42692 0.0998281 0.233841
14 0.478766 0.421511 0.0951562 0.190749
14 0.517172 0.400667 0.105563 0.217728
14 0.516328 0.495492 0.0420937 0.0840515
37 0.433805 0.636112 0.0919219 0.16445
37 0.398453 0.532155 0.08775 0.121218
52 0.376203 0.84959 0.0516875 0.170937
52 0.335047 0.88459 0.0396562 0.0552693
52 0.257438 0.858009 0.0411875 0.0697424
52 0.336711 0.814789 0.0682031 0.140258
52 0.265766 0.92589 0.14975 0.074637
52 0.177664 0.754415 0.0434219 0.10822
52 0.307602 0.700773 0.120172 0.10726
52 0.206656 0.721792 0.02 0.0625527
52 0.207844 0.808208 0.0374375 0.085644
52 0.228586 0.731581 0.0452969 0.0479391
52 0.12743 0.802014 0.0573281 0.0876347
52 0.228109 0.679227 0.0406875 0.0487119
52 0.294258 0.875246 0.0427344 0.0399532
52 0.171023 0.804356 0.0499219 0.0692272
52 0.282977 0.775234 0.0675156 0.1826
52 0.244539 0.801534 0.0428594 0.102178
52 0.221414 0.874532 0.0346094 0.041007
52 0.32168 0.768583 0.0487344 0.0633489
44 0.850172 0.530691 0.10975 0.151546
44 0.518906 0.616171 0.104406 0.161101
44 0.780938 0.6087 0.110875 0.138571
44 0.601352 0.569356 0.0958906 0.147939
5 0.525797 0.786148 0.0835937 0.186159
5 0.4405 0.781979 0.0872813 0.158712