24 0.39319 0.649625 0.21222 0.154692
37 0.39713 0.53 0.11798 0.132761
37 0.28758 0.550885 0.11396 0.129169
37 0.31431 0.484705 0.08826 0.0822788
37 0.17835 0.481233 0.05558 0.0451475
26 0.75735 0.894316 0.46706 0.211367
5 0.28738 0.358968 0.095 0.0702681
5 0.58204 0.570912 0.15144 0.165898
5 0.13134 0.392828 0.0576 0.025496
44 0.15606 0.296139 0.1542 0.197909
44 0.60388 0.368579 0.19568 0.317534
44 0.73517 0.524611 0.2349 0.257051
44 0.28556 0.311126 0.11324 0.129759
29 0.20237 0.425402 0.18894 0.182708
6 0.17733 0.146273 0.07654 0.140804
6 0.68043 0.182493 0.25014 0.182306
6 0.79102 0.282024 0.18772 0.324584
6 0.68236 0.0912601 0.246 0.18252
6 0.91615 0.112225 0.0993 0.0641823
6 0.74273 0.26811 0.1335 0.230965
6 0.22966 0.17496 0.06192 0.192118
6 0.11896 0.232842 0.1544 0.337855
6 0.88995 0.247332 0.11254 0.295684
6 0.24541 0.116005 0.03058 0.0747453
6 0.09673 0.127131 0.1907 0.18563