8 0.706633 0.359104 0.0297969 0.0315417
8 0.960375 0.462812 0.0413125 0.0341667
8 0.971688 0.358781 0.0285313 0.0162292
8 0.670297 0.350594 0.0119063 0.0125625
8 0.432758 0.704552 0.0928594 0.154271
8 0.865078 0.384229 0.0588437 0.03
11 0.924031 0.375385 0.0636562 0.0492292
11 0.949688 0.429437 0.0392813 0.0779167
11 0.331578 0.755646 0.107313 0.133333
11 0.785914 0.415396 0.0619844 0.0836667
11 0.835961 0.404917 0.141734 0.153333
11 0.391773 0.762417 0.0165781 0.0519583
11 0.488687 0.687948 0.035375 0.0287292
11 0.449766 0.6665 0.0551562 0.0519167
11 0.649281 0.364042 0.0947812 0.0750417
11 0.964898 0.312437 0.0702031 0.0315417