47 0.876719 0.685269 0.146125 0.0856206
47 0.882633 0.766358 0.156953 0.125691
47 0.851469 0.646967 0.130062 0.104052
47 0.801508 0.578747 0.143734 0.112155
47 0.772156 0.508396 0.09025 0.10911
14 0.201813 0.818431 0.0493125 0.24
14 0.0551875 0.809344 0.0510625 0.244169
14 0.148531 0.842319 0.0404687 0.142482
14 0.175711 0.850222 0.0249531 0.11356
14 0.118945 0.760457 0.0381094 0.156417
14 0.241039 0.754321 0.0845469 0.202272
14 0.0933438 0.791487 0.0345 0.250515
59 0.288969 0.606815 0.130375 0.182529
59 0.354914 0.564391 0.0236094 0.0479391