52 0.135086 0.309812 0.157016 0.177448
52 0.199055 0.256328 0.188109 0.230523
52 0.307773 0.357741 0.175547 0.175858
52 0.281898 0.200921 0.131547 0.143222
52 0.406641 0.209508 0.126 0.170649
52 0.124336 0.502762 0.206172 0.230879
14 0.663297 0.752521 0.0700937 0.098431
14 0.700203 0.28727 0.047625 0.0718201
14 0.755742 0.412981 0.0802031 0.0914017
14 0.820109 0.7041 0.0620313 0.0923849
14 0.490414 0.426684 0.0812969 0.0698954
14 0.577102 0.328347 0.0493906 0.0872385
14 0.732445 0.62954 0.0687656 0.0838494
14 0.757133 0.344372 0.0763906 0.0812552
14 0.669508 0.575418 0.0528906 0.0822594
14 0.496625 0.66114 0.0596875 0.0638703
14 0.874648 0.671925 0.0724844 0.087113
14 0.528977 0.621548 0.0594219 0.075272
14 0.699742 0.712897 0.0629844 0.0835774
14 0.2725 0.485607 0.071625 0.124979
14 0.711344 0.570554 0.0505938 0.0709833
14 0.620891 0.683828 0.0664375 0.0879916
14 0.700164 0.356851 0.0470781 0.0956695
14 0.56268 0.688285 0.0712969 0.099749
14 0.468727 0.298661 0.0470156 0.0610042
14 0.336461 0.480753 0.0599844 0.12431
14 0.442055 0.644289 0.0527656 0.0957741
14 0.672758 0.651046 0.0703281 0.0841423
14 0.622266 0.342866 0.0720937 0.08841
14 0.769492 0.677636 0.0734844 0.10272
14 0.581172 0.252416 0.0407813 0.102322
14 0.557609 0.561506 0.0508125 0.0756067
14 0.537055 0.231998 0.0473594 0.0775105
14 0.265102 0.520753 0.0824531 0.0785356
14 0.432195 0.389927 0.0632031 0.0996862
14 0.481766 0.712866 0.0925625 0.0995816
14 0.47643 0.791559 0.0935469 0.0722385
14 0.403414 0.690565 0.0690469 0.0692469
14 0.449047 0.854215 0.102375 0.0837448
14 0.935797 0.640753 0.0834375 0.0679079
14 0.518492 0.290544 0.0753594 0.0555649
14 0.510773 0.554582 0.0773281 0.0830126
14 0.398695 0.778692 0.0780781 0.134372
14 0.760008 0.745366 0.0696719 0.0742887
14 0.649047 0.283567 0.07125 0.0724477
14 0.573172 0.774759 0.108719 0.141485
14 0.613266 0.539801 0.0630938 0.0635356