54 0.439646 0.14957 0.0572067 0.0423281
54 0.806564 0.0353125 0.0612104 0.045375
54 0.635894 0.252547 0.0394227 0.026625
54 0.490698 0.250812 0.036108 0.0326562
54 0.394153 0.209891 0.0312477 0.027
54 0.554302 0.339602 0.0492365 0.0356406
54 0.311369 0.188055 0.0359963 0.0251406
54 0.449898 0.303219 0.0450093 0.044875
54 0.63838 0.195102 0.0238361 0.0210156
54 0.57203 0.383766 0.0215642 0.0458125
54 0.560242 0.359883 0.0472998 0.0295781
54 0.534534 0.243523 0.051676 0.0466719
54 0.600736 0.329937 0.0492551 0.0435938
54 0.375717 0.23157 0.0446182 0.0374219
54 0.577039 0.0937578 0.0302793 0.0246094
54 0.933771 0.216977 0.0495531 0.0366719
54 0.551844 0.314906 0.0443575 0.0284687
54 0.594981 0.272367 0.0381937 0.0317656
54 0.477067 0.280367 0.0431099 0.0279531
54 0.709981 0.358063 0.0377281 0.0250937
54 0.637858 0.2775 0.0339292 0.0350312
54 0.947821 0.186383 0.0437244 0.0292344
54 0.552654 0.181227 0.0351397 0.0208594
54 0.535549 0.219797 0.0536313 0.0308437
54 0.815875 0.071625 0.0348045 0.0264062
54 0.908101 0.201172 0.0343762 0.0394062
54 0.427356 0.286398 0.0359032 0.0342031
54 0.424758 0.316961 0.0446369 0.0292344
54 0.791304 0.133578 0.0437616 0.0289687
54 0.521415 0.376148 0.0507635 0.0477031
54 0.640447 0.236945 0.0228305 0.0177344
54 0.662439 0.130711 0.0421974 0.0333281
54 0.597058 0.234539 0.0548231 0.0427031
54 0.526676 0.351242 0.0359963 0.0291094
54 0.564851 0.174414 0.0320484 0.0249531
54 0.461415 0.258164 0.0319926 0.0284844