6 0.51461 0.30224 0.12534 0.11344
6 0.51305 0.711267 0.11014 0.169093
6 0.52246 0.226693 0.11768 0.0789867
6 0.59631 0.682147 0.1341 0.16776
6 0.23367 0.453533 0.06578 0.135387
6 0.53078 0.868693 0.08792 0.158827
6 0.71388 0.39992 0.13408 0.18672
6 0.39333 0.867467 0.1077 0.15808
6 0.39749 0.701973 0.1175 0.164907
6 0.72397 0.678933 0.12598 0.17264
6 0.70841 0.818853 0.13674 0.165973
6 0.2247 0.8074 0.13716 0.161627
6 0.2976 0.45364 0.0722 0.152507
6 0.5819 0.418773 0.12868 0.18512
6 0.57526 0.141893 0.13812 0.128107
6 0.6287 0.209587 0.12388 0.144827
6 0.37398 0.602413 0.13912 0.0961333
6 0.60671 0.881507 0.14198 0.156667
6 0.19066 0.73868 0.13752 0.166533
6 0.24783 0.203467 0.15862 0.189227