14 0.829844 0.215292 0.059 0.134458
14 0.96475 0.293958 0.0705 0.027
14 0.53425 0.399406 0.0331875 0.0413125
14 0.944984 0.226927 0.015 0.0420625
14 0.903836 0.183458 0.0321094 0.0366667
14 0.872367 0.194562 0.0323281 0.044125
14 0.864219 0.143844 0.0309687 0.0620625
14 0.84907 0.233333 0.0130781 0.0122917
14 0.875695 0.262031 0.0145156 0.0348125
14 0.878695 0.187698 0.0665469 0.0678958
14 0.900828 0.23951 0.00996875 0.0101875
14 0.937297 0.252302 0.0365313 0.144104
14 0.909086 0.2465 0.0125781 0.024625
14 0.97082 0.241667 0.0224219 0.0415417
14 0.871523 0.27474 0.00789063 0.0274375
14 0.360711 0.570708 0.0159844 0.0340833
14 0.853063 0.208458 0.0105625 0.0169167
14 0.893813 0.178437 0.0533438 0.06325
14 0.820187 0.194354 0.0134375 0.0212917
14 0.870469 0.222948 0.103469 0.0289792
14 0.912969 0.267385 0.0275 0.0481875
14 0.789758 0.138646 0.0267656 0.0299167
14 0.931672 0.402406 0.0340937 0.0558125
14 0.926078 0.265917 0.0522813 0.0485
14 0.866211 0.270531 0.0101094 0.0345208
14 0.7915 0.115906 0.114437 0.0729375
14 0.731523 0.136917 0.0283281 0.0166667
14 0.941641 0.223469 0.0475 0.135646