59 0.407633 0.440625 0.191391 0.126292
59 0.522945 0.52349 0.164828 0.221812
59 0.30025 0.569177 0.198156 0.236188
59 0.385594 0.379146 0.199813 0.119708
59 0.40193 0.525198 0.0545469 0.0598125
59 0.513398 0.579656 0.198266 0.181104
14 0.280562 0.228708 0.03125 0.0264583
14 0.728945 0.797802 0.0354844 0.0156042
14 0.17557 0.264646 0.0296094 0.025875
14 0.871781 0.83326 0.0235 0.0202292
14 0.944406 0.927531 0.02025 0.0207708
14 0.879125 0.777479 0.0215312 0.051375
14 0.876727 0.930354 0.0283281 0.026
14 0.695656 0.918594 0.0123125 0.0141042
14 0.899906 0.981323 0.0146875 0.0246875
14 0.384031 0.209104 0.0326875 0.0530833
14 0.880953 0.982823 0.0398125 0.0220625
14 0.392273 0.24151 0.0252969 0.0422292
14 0.787406 0.796458 0.0148125 0.0164167
14 0.758234 0.831062 0.0278125 0.0370833
14 0.251953 0.260969 0.0422187 0.0527292
14 0.866523 0.953469 0.0290469 0.0356458
14 0.984172 0.923531 0.0110625 0.00764583
14 0.782937 0.730052 0.047625 0.0579792
14 0.707344 0.769188 0.0364375 0.0635
14 0.818227 0.749188 0.0167969 0.049375
14 0.753164 0.860135 0.0184531 0.0289792
14 0.374109 0.252937 0.0275 0.033
14 0.417344 0.234594 0.03 0.0376875
14 0.807086 0.82549 0.0430781 0.0394792
14 0.178555 0.280958 0.0203281 0.0224167
14 0.791586 0.6825 0.0166406 0.0215417
14 0.670445 0.937906 0.0254844 0.0564375
14 0.40357 0.208948 0.0235469 0.0393125
14 0.220836 0.296823 0.0310469 0.0496042
14 0.674391 0.791146 0.017875 0.0387083
14 0.767742 0.813365 0.0214219 0.0261875
14 0.316578 0.22775 0.0285938 0.034875
14 0.960828 0.939271 0.0305312 0.02575
14 0.425523 0.216875 0.0362969 0.0393333
14 0.154117 0.280385 0.0257656 0.0325625
14 0.736234 0.822365 0.0252812 0.0173958
14 0.933422 0.986948 0.0319063 0.0261042
14 0.687211 0.741146 0.0196406 0.0480833
14 0.827781 0.81949 0.0375 0.0512708
14 0.201203 0.278146 0.0268125 0.03575
14 0.97268 0.908458 0.0244219 0.0106667
14 0.765375 0.773135 0.02625 0.0128542
14 0.786813 0.856281 0.0142187 0.0253958
14 0.70568 0.856656 0.0295156 0.0405208
14 0.883633 0.83576 0.0255781 0.0274375
14 0.733781 0.91975 0.0142187 0.021375
14 0.159852 0.321021 0.0385469 0.0569583
14 0.304734 0.252719 0.0384062 0.0333958
14 0.684453 0.888938 0.0184687 0.0280833
14 0.631688 0.964229 0.0526875 0.0412917
14 0.764242 0.941542 0.0174844 0.0605
14 0.681047 0.9775 0.037375 0.029375
14 0.835586 0.919542 0.0241406 0.0263333
14 0.919523 0.693771 0.0356719 0.0724583
14 0.282695 0.279667 0.0296094 0.0340833
14 0.221047 0.263344 0.0215312 0.0313125
14 0.957305 0.881177 0.0353906 0.0469792
14 0.897305 0.936656 0.0591094 0.0736458
14 0.827313 0.865823 0.0375 0.0341042
14 0.342078 0.25349 0.0423125 0.0292292
14 0.966187 0.950521 0.0243438 0.0109583
14 0.66375 0.720812 0.02 0.0777917
14 0.918016 0.856896 0.0265312 0.01
14 0.625062 0.882646 0.0414375 0.0644583
14 0.988109 0.86525 0.0234688 0.05
14 0.280219 0.25024 0.0238438 0.0241042
14 0.843727 0.988135 0.0237344 0.0211875
14 0.892047 0.799104 0.0138437 0.044875
14 0.826234 0.718979 0.015 0.0112917
14 0.697203 0.803615 0.00934375 0.0534375
14 0.798203 0.909781 0.010125 0.0291042
14 0.345367 0.217312 0.0355781 0.0484583
14 0.800781 0.967854 0.0308125 0.0314167
14 0.746398 0.744646 0.0643594 0.039
14 0.768961 0.985604 0.0546094 0.0287917
14 0.71925 0.881417 0.0406875 0.027125
14 0.728859 0.724833 0.0449375 0.0263333
14 0.746039 0.873812 0.0530781 0.0482917
14 0.829234 0.938448 0.0415937 0.0179375
14 0.64318 0.951906 0.0171406 0.0164375
43 0.228961 0.346042 0.0492969 0.0592917
43 0.287602 0.34425 0.0322344 0.0244583
43 0.400617 0.307656 0.0390781 0.0373542
43 0.122102 0.326458 0.0178906 0.017
43 0.379 0.292969 0.0325 0.0490625
43 0.375594 0.162156 0.0234062 0.0256875
43 0.276469 0.372448 0.0168437 0.0373125
43 0.332508 0.279656 0.0286406 0.0367708
43 0.313859 0.196615 0.0316875 0.0332708
43 0.558398 0.328427 0.0141094 0.0140208
43 0.507445 0.265375 0.0184531 0.021875
43 0.258289 0.208333 0.0326406 0.025875
43 0.268273 0.30974 0.0328906 0.0394792
43 0.447648 0.337031 0.0125156 0.0133958
43 0.290883 0.18 0.0292344 0.0361667
43 0.219672 0.39624 0.0198125 0.0305208
43 0.43243 0.300083 0.0492656 0.048875
43 0.323859 0.134854 0.0243125 0.0237917
43 0.265961 0.165708 0.0190781 0.0227917
43 0.415789 0.27274 0.0225469 0.0214792
43 0.356633 0.143448 0.0227969 0.0267708
43 0.235398 0.303948 0.0352969 0.0513542
43 0.192242 0.332406 0.0288594 0.0338542
43 0.328055 0.26949 0.0149219 0.0178125
43 0.217344 0.373427 0.0199063 0.0177708
43 0.255602 0.323667 0.0192656 0.0452917
43 0.395359 0.267656 0.0149062 0.0168125
43 0.304633 0.274073 0.0302031 0.0383125
43 0.298977 0.32449 0.0271094 0.0192292
43 0.359398 0.300219 0.0329844 0.0256875
43 0.312914 0.302563 0.0296094 0.0379583
43 0.223641 0.440135 0.0219062 0.0141042
43 0.155672 0.358771 0.02875 0.0238333
43 0.236141 0.392625 0.015625 0.0215
43 0.105094 0.244417 0.012875 0.0164167
43 0.460562 0.292948 0.0101875 0.0136042
43 0.224062 0.169385 0.0421562 0.0390208
43 0.193547 0.382562 0.0261562 0.025625
43 0.30875 0.15351 0.0451875 0.0330625
43 0.352398 0.277927 0.0241719 0.0220625
43 0.212727 0.286917 0.0307656 0.04
43 0.254555 0.358333 0.0371094 0.0366667
43 0.244367 0.197771 0.0226094 0.0192917
43 0.348711 0.187719 0.0230469 0.0303958
43 0.269125 0.386073 0.043 0.0311458
43 0.474852 0.291719 0.0319219 0.0387292
43 0.184992 0.235302 0.0297969 0.0331875
43 0.231297 0.398229 0.0458125 0.0518333
43 0.280664 0.132438 0.0478906 0.01975
43 0.15975 0.209813 0.017125 0.0155417
43 0.511086 0.339917 0.0235469 0.0354167
43 0.187812 0.197802 0.01925 0.0269375