11 0.21075 0.754509 0.19786 0.198674
11 0.6517 0.43008 0.07204 0.100796
11 0.56027 0.520995 0.0467 0.0828912
11 0.19235 0.438501 0.19898 0.229841
11 0.80745 0.592759 0.13002 0.233846
11 0.89106 0.456578 0.1358 0.167374
11 0.6128 0.140133 0.10552 0.201751
11 0.50485 0.323475 0.24938 0.28244
11 0.76493 0.398979 0.13722 0.167082
11 0.38299 0.776963 0.16686 0.153607
11 0.53405 0.186976 0.11638 0.0966578
11 0.34817 0.190385 0.06958 0.0769496
11 0.55894 0.43134 0.12004 0.153236
11 0.68062 0.627613 0.09784 0.186154
11 0.52137 0.134032 0.0803 0.104456
11 0.48518 0.129377 0.0222 0.0570557
11 0.71725 0.76191 0.20914 0.212573
11 0.51837 0.757785 0.11762 0.206021
11 0.40798 0.396671 0.1236 0.174881
11 0.40577 0.629721 0.22358 0.307666
11 0.50265 0.590172 0.08218 0.122679