59 0.430844 0.398946 0.0509375 0.0702576
59 0.567422 0.461288 0.053 0.0789696
59 0.502797 0.252998 0.04325 0.0740984
59 0.692273 0.458958 0.0539219 0.083911
59 0.604859 0.247693 0.0215312 0.0395082
59 0.715117 0.575258 0.0553906 0.0807728
59 0.418656 0.528513 0.0414375 0.0740749
59 0.884539 0.803443 0.0570156 0.0830913
59 0.857313 0.687459 0.0552813 0.0618501
59 0.44143 0.307576 0.0216094 0.0499532
59 0.814688 0.739028 0.0323125 0.0553864
59 0.179328 0.535059 0.0895 0.0813583
59 0.173164 0.592225 0.0929844 0.113583
59 0.545555 0.62781 0.0729844 0.0832084
59 0.797641 0.478208 0.0346875 0.0722951
59 0.596789 0.346874 0.0418594 0.0641452
59 0.218992 0.760539 0.0972031 0.146417
59 0.307391 0.721557 0.0859688 0.157681
59 0.852992 0.733384 0.0569219 0.0840984
59 0.781281 0.376979 0.038625 0.0594848
59 0.155977 0.704707 0.0895781 0.140141
59 0.820906 0.791874 0.0480625 0.0714286
59 0.719297 0.28781 0.0309375 0.0487354
59 0.768789 0.502822 0.0167656 0.0430679
59 0.432766 0.539824 0.0362188 0.0599766
59 0.264047 0.573443 0.0912188 0.100984
59 0.897695 0.74774 0.0358906 0.0620375
59 0.267156 0.650843 0.0604688 0.0890867
8 0.220117 0.353677 0.0932656 0.103888
8 0.187438 0.433817 0.0995938 0.15808