34 0.643531 0.741561 0.0374375 0.0509624
34 0.877641 0.490434 0.05525 0.0911972
34 0.550648 0.325469 0.0253906 0.0357277
34 0.776203 0.596854 0.0334375 0.0540845
34 0.363523 0.379296 0.0347656 0.0614554
34 0.665352 0.475012 0.0447969 0.0485681
34 0.580586 0.360023 0.0408594 0.0800939
34 0.6245 0.419448 0.029875 0.0471596
34 0.714242 0.494249 0.0522969 0.0786854
34 0.514586 0.604225 0.0493594 0.0303756
34 0.481523 0.248627 0.0565469 0.090493
34 0.708711 0.359425 0.0556719 0.0566901
34 0.560625 0.299742 0.0184062 0.0379343
34 0.282562 0.376397 0.0295625 0.0332629
34 0.590141 0.312113 0.0364375 0.0440845
34 0.665914 0.370692 0.0399844 0.0534038
52 0.372508 0.499214 0.135859 0.182559
52 0.638156 0.155669 0.0940938 0.113451
52 0.848055 0.666209 0.103297 0.175047
52 0.262844 0.528204 0.101656 0.158709
52 0.629312 0.838052 0.144156 0.206103
52 0.405328 0.388791 0.085625 0.100681
52 0.783289 0.535481 0.117797 0.174624
52 0.760703 0.69216 0.124469 0.178873
52 0.670172 0.570423 0.0966562 0.144272
52 0.422797 0.194155 0.113 0.139906
52 0.600727 0.497876 0.0847969 0.128897