46 0.3275 0.209738 0.01475 0.0223222
46 0.270789 0.696632 0.0180156 0.0158996
46 0.391672 0.301067 0.0159688 0.0213808
46 0.301789 0.708232 0.0195781 0.0262134
46 0.218898 0.601799 0.0141094 0.0131381
46 0.263641 0.682071 0.0148437 0.0198745
46 0.285047 0.624257 0.0174375 0.0251255
46 0.332648 0.708295 0.0192031 0.0165481
46 0.358047 0.233808 0.0120625 0.0192469
46 0.28557 0.200941 0.0155469 0.0166946
46 0.3735 0.586297 0.014375 0.0158996
46 0.370961 0.278253 0.00995313 0.0128243
46 0.325672 0.193797 0.0158438 0.016046
46 0.285047 0.689529 0.0159063 0.020272
46 0.256297 0.695879 0.0134687 0.0195816
46 0.218281 0.660418 0.0164687 0.0194979
46 0.195258 0.59796 0.0117969 0.0171757
46 0.338516 0.616559 0.0170937 0.0199791
46 0.439437 0.648044 0.0155 0.0211088
46 0.403734 0.263923 0.0081875 0.0212762
46 0.399992 0.245607 0.0176406 0.0223013
46 0.396531 0.227144 0.0134062 0.0151255
46 0.373453 0.263515 0.014625 0.0189958
46 0.23375 0.622197 0.0193437 0.0215481
46 0.235141 0.670282 0.0191562 0.0248745
46 0.301055 0.620533 0.0155781 0.0216946
46 0.20718 0.649676 0.0167969 0.0214435
46 0.386672 0.598441 0.0107188 0.0125732
46 0.44057 0.629017 0.0171094 0.0190795
46 0.387133 0.260481 0.0153281 0.0151464
46 0.411203 0.660031 0.0159063 0.0197699
46 0.196391 0.640544 0.0138125 0.0161506
46 0.344133 0.227395 0.0162031 0.0210251
46 0.375953 0.60068 0.010625 0.013954
46 0.312453 0.20251 0.0174375 0.0212971
46 0.262477 0.623766 0.0199531 0.0198745
46 0.318711 0.68363 0.0157031 0.0182218
46 0.206133 0.607584 0.0187344 0.0216527
46 0.363445 0.203776 0.0168594 0.0125732
46 0.24418 0.656778 0.0168594 0.02
46 0.382711 0.225282 0.0197344 0.0207741
46 0.380156 0.246203 0.0160938 0.020523
46 0.3505 0.699655 0.0161563 0.0147908
46 0.345281 0.594749 0.0162188 0.0217155
46 0.397344 0.280335 0.0159375 0.0226778
46 0.426336 0.656747 0.0160781 0.0211925
46 0.242711 0.690554 0.0155156 0.0228243
46 0.276242 0.619948 0.00823437 0.0128243
46 0.157211 0.42432 0.0109219 0.0228243