47 0.225914 0.124115 0.0291406 0.0513125
47 0.843797 0.673479 0.0526875 0.0861667
47 0.671047 0.361177 0.0304687 0.0827708
47 0.293898 0.708073 0.0616094 0.0854375
47 0.603945 0.242583 0.0750156 0.0579167
47 0.692992 0.24675 0.0324219 0.0584583
47 0.301172 0.530854 0.05475 0.13775
47 0.189039 0.7015 0.0240469 0.0872083
47 0.33825 0.281865 0.0445938 0.147021
47 0.49675 0.175292 0.04425 0.0695417
47 0.193328 0.249312 0.0283125 0.0589583
47 0.781602 0.520083 0.0337656 0.0479583
47 0.228094 0.646479 0.0179687 0.0505833
47 0.668719 0.666031 0.0375625 0.0737292
47 0.305523 0.213969 0.0237656 0.0509792
47 0.81307 0.133865 0.0426406 0.0626042
47 0.34725 0.679594 0.0229062 0.0606042
47 0.252398 0.758781 0.0376406 0.0248958
47 0.500242 0.256615 0.0467031 0.0818125
47 0.596609 0.356708 0.0544687 0.0706667
47 0.710336 0.506406 0.0294219 0.148021
47 0.813094 0.336375 0.0764688 0.0748333
47 0.371422 0.126031 0.0365625 0.0669375
47 0.396992 0.37824 0.0238906 0.0631875
47 0.431547 0.220104 0.0192187 0.0787917
47 0.752094 0.389396 0.0374063 0.0565833
47 0.553172 0.268833 0.0326875 0.046375
47 0.707758 0.756323 0.0413281 0.0474792
47 0.266813 0.353229 0.0392188 0.0896667
47 0.643109 0.114708 0.032125 0.0331667
47 0.829844 0.404052 0.0404687 0.0634375
47 0.573047 0.680698 0.0493437 0.0558125
47 0.757117 0.237615 0.0412344 0.0803125
47 0.797344 0.666458 0.0375 0.0630417
47 0.772633 0.127594 0.0370781 0.0510208
47 0.2815 0.113802 0.0344375 0.0511875
47 0.521805 0.137115 0.0391719 0.0623958
47 0.219727 0.400115 0.0398594 0.0901458
47 0.308406 0.67424 0.058875 0.0741042
47 0.533859 0.111021 0.0374375 0.028375
47 0.818852 0.25751 0.0486094 0.111562
47 0.448352 0.119146 0.0197031 0.0486667
47 0.303961 0.264927 0.0246719 0.0521042
47 0.516258 0.53375 0.0377969 0.046
47 0.490047 0.695635 0.0542188 0.0675208
47 0.603898 0.42274 0.0403594 0.0614792
47 0.406016 0.513344 0.051375 0.149062
47 0.717531 0.648385 0.0294063 0.0502292
47 0.575031 0.140677 0.0652188 0.0837708
47 0.495961 0.373333 0.0982969 0.068875
47 0.618727 0.517115 0.0465469 0.0576042
47 0.808859 0.62299 0.0381875 0.0621875