0 0.214253 0.48641 0.04616 0.04102
0 0.588427 0.29403 0.04592 0.03366
0 0.321267 0.32564 0.0854667 0.04872
0 0.865613 0.60851 0.0335733 0.04078
0 0.563653 0.58179 0.01024 0.00718
0 0.320293 0.35427 0.06384 0.03274
0 0.8788 0.46502 0.0490133 0.02892
0 0.751533 0.39699 0.0453067 0.0259
0 0.541387 0.62373 0.07744 0.04682
0 0.487333 0.302 0.04704 0.01988
0 0.46316 0.39049 0.02536 0.03482
0 0.5924 0.77149 0.0576533 0.0821
0 0.78272 0.65744 0.0581333 0.0718
0 0.652547 0.62976 0.04792 0.0688
0 0.920627 0.5954 0.0153333 0.03076
0 0.21972 0.555 0.0212 0.03152
0 0.609667 0.65625 0.06392 0.07374
0 0.45796 0.60484 0.0439733 0.03536
0 0.66208 0.51204 0.01168 0.01532
0 0.236987 0.30364 0.0671467 0.026
0 0.482253 0.31952 0.0285067 0.01692
0 0.87696 0.43343 0.02608 0.0279
0 0.857587 0.52116 0.0253067 0.03
0 0.296987 0.63875 0.0653867 0.03746
0 0.619893 0.3528 0.0424 0.02464
0 0.704987 0.57984 0.0667733 0.0784
0 0.9346 0.49172 0.0181067 0.01564
0 0.57976 0.25489 0.03888 0.02822
0 0.45844 0.54954 0.06216 0.02976
0 0.897347 0.5743 0.0180533 0.02708
0 0.276733 0.38141 0.04104 0.0187
0 0.63944 0.73172 0.12752 0.0464
0 0.472107 0.26682 0.0233067 0.02172
0 0.603187 0.26868 0.05544 0.03704
0 0.249293 0.56257 0.0403467 0.03026
0 0.778627 0.53564 0.0433333 0.01624
0 0.823507 0.3562 0.04648 0.02616
0 0.537413 0.62288 0.0448533 0.03548
0 0.363773 0.57747 0.0805067 0.0723
0 0.333827 0.7191 0.09096 0.04232
0 0.0832933 0.52306 0.0546933 0.06384
0 0.81724 0.43693 0.01944 0.01094
0 0.120133 0.50414 0.0422933 0.06524
0 0.519813 0.23167 0.0410133 0.0305
0 0.47616 0.70119 0.0236267 0.02178
0 0.200427 0.34113 0.0307733 0.0403
0 0.323693 0.57153 0.0304267 0.02358
0 0.151853 0.52501 0.0489333 0.04774
0 0.675187 0.31539 0.0420533 0.03026
0 0.8084 0.41475 0.0554667 0.02546
0 0.0535733 0.60382 0.03776 0.04132
0 0.40148 0.30396 0.0516 0.04392
0 0.322693 0.40592 0.0367467 0.02888
0 0.74584 0.44836 0.04448 0.01456
0 0.765 0.36571 0.0827467 0.0277
0 0.845533 0.33593 0.0264267 0.03314
0 0.483227 0.53207 0.0438933 0.00874
0 0.262213 0.45679 0.0666667 0.02642
0 0.34596 0.5042 0.0141067 0.01024
0 0.94068 0.55719 0.03176 0.06294
0 0.50088 0.40177 0.05408 0.03306
0 0.434933 0.64474 0.0184533 0.01512
0 0.77432 0.56397 0.05152 0.0345
0 0.914067 0.43132 0.0625867 0.0324
0 0.564253 0.23564 0.03896 0.01024
0 0.154507 0.41228 0.0321067 0.026
0 0.69916 0.38025 0.0348 0.0437
0 0.692827 0.34057 0.03488 0.0323
0 0.82756 0.49281 0.02408 0.02094
0 0.389053 0.47626 0.0182133 0.0546
0 0.489413 0.68275 0.02192 0.02618
0 0.899867 0.45666 0.02016 0.04804
0 0.0568 0.57722 0.0149867 0.0334
0 0.352653 0.45664 0.0185333 0.0248
0 0.379907 0.27883 0.0414667 0.02646
0 0.823187 0.42809 0.01624 0.01282
0 0.444773 0.59359 0.0393067 0.01642
0 0.448067 0.53535 0.04344 0.01138
0 0.296373 0.5767 0.0394667 0.03572
0 0.184493 0.58259 0.05224 0.03738
0 0.689213 0.27739 0.0438133 0.03538
0 0.3608 0.78104 0.056 0.03436
0 0.664613 0.25954 0.0410133 0.02668
0 0.542987 0.30002 0.02624 0.02056
0 0.465613 0.25192 0.0379467 0.02332
0 0.53376 0.59445 0.0560533 0.0323
0 0.665747 0.33832 0.0309067 0.02
0 0.322307 0.27562 0.0228533 0.03428
0 0.447613 0.24946 0.07464 0.0348
0 0.371 0.2385 0.0308533 0.01068
0 0.526067 0.26043 0.02392 0.04282
0 0.971373 0.44538 0.0572533 0.05384
0 0.338053 0.5364 0.0211733 0.01368
0 0.688347 0.51503 0.0311467 0.01746
0 0.490533 0.34438 0.0516267 0.0336
0 0.605373 0.43159 0.0403467 0.04206
0 0.794427 0.56289 0.0552 0.02834
0 0.534907 0.73728 0.0485333 0.04016
0 0.354147 0.61163 0.0441333 0.03046
0 0.20248 0.55825 0.0406933 0.02666
0 0.577573 0.41974 0.0382933 0.0364
0 0.335867 0.4871 0.03552 0.01624
0 0.58016 0.58206 0.02992 0.0152
0 0.817107 0.50442 0.0153867 0.01768
0 0.71148 0.30482 0.05048 0.0164
0 0.340413 0.81281 0.0704267 0.02794
0 0.31836 0.53602 0.0273333 0.02436
0 0.448507 0.30213 0.04992 0.01954
0 0.851027 0.54683 0.0354933 0.02314
0 0.0467467 0.54884 0.0131733 0.01564
0 0.66728 0.53232 0.0528533 0.02696
0 0.44316 0.69116 0.0761867 0.05308
0 0.851027 0.44403 0.0622133 0.05718
0 0.498853 0.46568 0.0387733 0.02552
0 0.376 0.33568 0.04704 0.04596
0 0.462627 0.64896 0.03464 0.02912
0 0.35416 0.29518 0.0765867 0.02308
0 0.73724 0.42487 0.01752 0.02874
0 0.734973 0.29933 0.0704267 0.02922
0 0.279453 0.62885 0.0129867 0.02078
0 0.360813 0.59016 0.0628 0.04192
0 0.744347 0.54597 0.0240533 0.04086
0 0.826867 0.51746 0.0403467 0.02564
0 0.443427 0.54505 0.0297333 0.00742
0 0.405053 0.65351 0.0416267 0.02518
0 0.339467 0.37985 0.01392 0.02282
0 0.406387 0.59885 0.0328267 0.02026
0 0.10068 0.45289 0.0233867 0.0117
0 0.227853 0.64149 0.0379467 0.03942
0 0.265347 0.36986 0.05512 0.03056
0 0.245453 0.70984 0.0265333 0.0696
0 0.524973 0.32672 0.02936 0.03828
0 0.444587 0.37936 0.0293867 0.03976
0 0.723853 0.50553 0.0334133 0.02266
0 0.120213 0.42542 0.0554667 0.01396
0 0.704933 0.70853 0.04816 0.03202
0 0.447573 0.76389 0.03296 0.02914
0 0.68556 0.61537 0.0312267 0.02926
0 0.29572 0.27394 0.03576 0.02244
0 0.760147 0.5891 0.0122933 0.02488
0 0.534667 0.70478 0.0149333 0.0118
0 0.908507 0.45451 0.02752 0.03154
0 0.397827 0.52471 0.06296 0.02742
0 0.442027 0.33654 0.0317867 0.04076
0 0.188293 0.39672 0.0358933 0.0164
0 0.212707 0.68531 0.0405067 0.02918
0 0.80288 0.72667 0.0418667 0.01946
0 0.545733 0.33082 0.0393067 0.03332
0 0.404093 0.68062 0.0882933 0.05692
0 0.25772 0.54646 0.0402933 0.01756
0 0.206147 0.62624 0.0320267 0.0466
0 0.87044 0.54226 0.0264267 0.02184
0 0.491707 0.33142 0.0193067 0.01212
0 0.259107 0.4132 0.0170933 0.02
0 0.192413 0.30957 0.0328267 0.0129
0 0.23204 0.35449 0.0248267 0.0305
0 0.137027 0.44342 0.02424 0.01804
0 0.348893 0.2421 0.0328267 0.00768
0 0.525267 0.37577 0.03896 0.01154
0 0.756227 0.46014 0.0938933 0.0464
0 0.437867 0.58929 0.06768 0.02974
0 0.588107 0.54779 0.0753067 0.03074
0 0.154587 0.57859 0.0235733 0.01666
0 0.774653 0.39388 0.0692 0.02944
0 0.7776 0.59323 0.0218667 0.01974
0 0.461853 0.45974 0.03112 0.0236
0 0.648027 0.43272 0.0376 0.04492
0 0.8754 0.3507 0.0369867 0.02832
0 0.588787 0.53013 0.0423733 0.02158
0 0.104387 0.38673 0.0364533 0.01646
0 0.285707 0.30219 0.0479467 0.02462
0 0.389547 0.37343 0.0671467 0.03658
0 0.909187 0.48954 0.0577867 0.03896
0 0.187013 0.64005 0.0143467 0.00974
0 0.3042 0.66556 0.0553867 0.03308
0 0.570533 0.39115 0.05488 0.03766
0 0.545987 0.2607 0.03704 0.01436
0 0.45656 0.3423 0.02224 0.02728
0 0.801 0.46512 0.0376267 0.02564
0 0.87792 0.59923 0.0184533 0.01178
0 0.86512 0.49851 0.0516267 0.03898
0 0.755733 0.53275 0.0632533 0.03666
0 0.277587 0.70856 0.0447733 0.07052
0 0.5656 0.30928 0.04 0.0354
0 0.604933 0.33538 0.0307733 0.01436
0 0.637067 0.26525 0.04032 0.01666
0 0.19048 0.37604 0.06304 0.02984
0 0.581027 0.62686 0.0225867 0.00848
0 0.849627 0.62921 0.0305067 0.03338
0 0.452347 0.31816 0.04432 0.02648
0 0.212853 0.52378 0.0695467 0.05732
0 0.476027 0.73928 0.0782933 0.0436
0 0.56568 0.68002 0.0314667 0.0236
0 0.407333 0.33521 0.02704 0.02978
0 0.691453 0.32107 0.0570933 0.01846
0 0.619107 0.51923 0.0246133 0.03694
0 0.899453 0.5171 0.0294133 0.03204
0 0.7148 0.69569 0.0472533 0.0381
0 0.520427 0.67825 0.02064 0.0171
0 0.486387 0.63269 0.01096 0.00794
0 0.116 0.376 0.0567467 0.0218
0 0.263733 0.40192 0.0184533 0.01872
0 0.819907 0.62121 0.01736 0.03386
0 0.458893 0.40239 0.0457867 0.03242
0 0.714547 0.53655 0.0555467 0.03762
0 0.41656 0.44975 0.0389867 0.04462
0 0.121853 0.57242 0.04872 0.05332
0 0.571613 0.63563 0.0316 0.01554
0 0.379093 0.43541 0.0251733 0.04706
0 0.58692 0.2699 0.03592 0.03232
0 0.250493 0.66038 0.0212 0.01924
0 0.0362267 0.54414 0.0103733 0.02536
0 0.209093 0.42771 0.0475733 0.0419
0 0.272573 0.5361 0.04136 0.02344
0 0.193307 0.39333 0.04512 0.01794
0 0.865107 0.47436 0.0205067 0.01332
0 0.80136 0.30061 0.0281067 0.03742
0 0.834533 0.56634 0.0218667 0.0182
0 0.76292 0.41687 0.02424 0.01662
0 0.192933 0.4131 0.02704 0.02004
0 0.709707 0.40449 0.0608533 0.0305
0 0.18244 0.56667 0.01128 0.00514
0 0.234693 0.53641 0.0317867 0.01898
0 0.514187 0.60184 0.0588267 0.03744
0 0.74872 0.60086 0.02336 0.02512
0 0.113667 0.50238 0.0202933 0.03108
0 0.24436 0.32936 0.0246133 0.0186
0 0.235373 0.69197 0.00786667 0.00846
0 0.879787 0.52872 0.03712 0.03664
0 0.794 0.58579 0.0261333 0.03374
0 0.88192 0.41011 0.0313067 0.0169
0 0.3676 0.45644 0.01968 0.0256
0 0.168987 0.57155 0.0200533 0.01406
0 0.915053 0.48633 0.0188 0.01102
0 0.28996 0.78862 0.0617333 0.02448
0 0.237747 0.33346 0.0218933 0.0264
0 0.4718 0.57797 0.0229067 0.01654
0 0.08336 0.64603 0.0160533 0.02134
0 0.779987 0.31554 0.0186933 0.01456
0 0.189307 0.62694 0.01632 0.01544
0 0.709733 0.64159 0.02256 0.02974
0 0.166733 0.32602 0.0732 0.02048
0 0.784973 0.33382 0.0545333 0.00884
0 0.30384 0.55513 0.05248 0.01818
0 0.359333 0.68291 0.0307733 0.0171
0 0.10792 0.44 0.0266667 0.01588
0 0.33744 0.7006 0.07792 0.02388
0 0.397467 0.72496 0.04992 0.03628
0 0.341173 0.26795 0.0307733 0.02718
0 0.0554133 0.43691 0.0376 0.04758
0 0.757707 0.63669 0.07712 0.07106
0 0.61964 0.39577 0.0280267 0.0213
0 0.803427 0.50707 0.0304267 0.02346
0 0.56316 0.47639 0.0404 0.0625
0 0.81392 0.38541 0.05456 0.03142
0 0.378787 0.64018 0.139493 0.07244
0 0.314053 0.47006 0.0432533 0.03536
0 0.0636133 0.49163 0.0473333 0.03018
0 0.619453 0.54615 0.09368 0.03078
0 0.128787 0.40603 0.03624 0.02642
0 0.748333 0.50101 0.05096 0.0241
0 0.626133 0.49423 0.02256 0.02026
0 0.360627 0.41993 0.02184 0.0239
0 0.480733 0.43007 0.0217333 0.03038
0 0.774707 0.29805 0.0369867 0.02422
0 0.685 0.59111 0.0356533 0.0429
0 0.45876 0.56867 0.0295733 0.01158
0 0.834707 0.61423 0.02424 0.0267
0 0.24868 0.42519 0.0394933 0.0373
0 0.275947 0.34875 0.03088 0.01338
0 0.567027 0.34219 0.03 0.03506
0 0.46028 0.29583 0.01736 0.01034
0 0.80588 0.55067 0.0403467 0.02334
0 0.26496 0.2802 0.0218667 0.01744
0 0.680893 0.68354 0.0177867 0.01024
0 0.18388 0.34811 0.0142133 0.0175
0 0.955493 0.45539 0.0365333 0.0559
0 0.261427 0.61453 0.03064 0.02654
0 0.604907 0.31364 0.04816 0.03612
0 0.50044 0.54998 0.0748 0.01228
0 0.366293 0.40308 0.0317867 0.02052
0 0.676787 0.50438 0.0236 0.0174
0 0.639253 0.39396 0.0207467 0.01816
0 0.476707 0.60606 0.00898667 0.01936
0 0.53552 0.57043 0.0393067 0.02282
0 0.58656 0.67272 0.0154133 0.02944
0 0.155853 0.44289 0.0254133 0.01446
0 0.645867 0.29172 0.0422933 0.03088
0 0.526173 0.29823 0.0308533 0.0211
0 0.285467 0.56276 0.0268267 0.01484
0 0.878013 0.36708 0.0308533 0.0082
0 0.354867 0.52172 0.04616 0.0218
0 0.903653 0.37655 0.0339733 0.01302
0 0.29792 0.46628 0.0331733 0.01256
0 0.7398 0.27923 0.0618933 0.0123
0 0.286627 0.75576 0.01096 0.01196
0 0.253613 0.5993 0.05784 0.04948
0 0.643467 0.49125 0.0204267 0.01478
0 0.511653 0.57251 0.0398933 0.02138
0 0.309907 0.42184 0.0478667 0.04256
0 0.608013 0.47637 0.04648 0.04078
0 0.41324 0.42242 0.0489867 0.03028
0 0.31744 0.51998 0.0229867 0.01368
0 0.492973 0.2841 0.0170933 0.01332
0 0.618413 0.2854 0.02424 0.0304
0 0.49812 0.43966 0.0126667 0.01872
0 0.63688 0.58633 0.07248 0.04642
0 0.23128 0.2919 0.04416 0.06056
0 0.42904 0.76628 0.0167467 0.01204
0 0.06312 0.44555 0.0360533 0.03414
0 0.146387 0.61941 0.07272 0.06442
0 0.78444 0.34275 0.07688 0.01562
0 0.185467 0.51506 0.0229333 0.01488
0 0.327667 0.55725 0.00781333 0.00402
0 0.588533 0.61575 0.0149867 0.01122
0 0.898987 0.39592 0.0603733 0.01696
0 0.470813 0.63931 0.0296267 0.0131
0 0.54424 0.28551 0.0406933 0.01974
0 0.204253 0.68948 0.0546933 0.04564
0 0.658173 0.46598 0.0222133 0.05308
0 0.111853 0.66333 0.0423733 0.03078
0 0.168867 0.48543 0.0649867 0.04446
0 0.74428 0.70912 0.0407733 0.05176
0 0.765493 0.43231 0.0400533 0.02234
0 0.633333 0.24582 0.0283733 0.00796
0 0.744773 0.2676 0.0829867 0.01804
0 0.72764 0.34201 0.0474933 0.06458
0 0.356373 0.27846 0.0382933 0.0118
0 0.895827 0.59944 0.0339467 0.06976
0 0.425773 0.40941 0.0406667 0.02538
0 0.513333 0.70636 0.02224 0.02052
0 0.687853 0.47653 0.0396533 0.02846
0 0.09824 0.40665 0.04944 0.02922
0 0.868413 0.35615 0.0306933 0.01538
0 0.432107 0.28231 0.02016 0.01282
0 0.2692 0.33082 0.0312 0.0184