44 0.680539 0.743595 0.105734 0.14719
44 0.280328 0.736417 0.110094 0.144637
44 0.605781 0.643501 0.052875 0.0505152
44 0.338016 0.924239 0.101406 0.151522
44 0.895828 0.88041 0.109719 0.167518
44 0.805617 0.905925 0.128578 0.184965
44 0.979664 0.630023 0.0406719 0.0607963
44 0.0598672 0.948841 0.119734 0.102319
44 0.776469 0.779532 0.09975 0.0907728
44 0.0329688 0.696089 0.0659375 0.0855269
44 0.867617 0.646604 0.0755156 0.0955504
44 0.734125 0.837588 0.078 0.0922717
44 0.0373906 0.798852 0.0747812 0.0804684
44 0.926758 0.969778 0.108516 0.049719
44 0.307398 0.819087 0.122172 0.133489
44 0.468602 0.749965 0.0954531 0.1374
44 0.0922266 0.667904 0.0521719 0.0598361
44 0.322531 0.650012 0.025 0.0275644
44 0.0392969 0.869532 0.0785937 0.0778923
44 0.378742 0.705796 0.0990156 0.14911
44 0.474633 0.886604 0.124203 0.143419
44 0.0396406 0.738759 0.0792812 0.0778923
44 0.902242 0.691452 0.0935156 0.0936768
44 0.675711 0.887108 0.136641 0.163911
44 0.235992 0.930504 0.173453 0.138993
44 0.237953 0.612213 0.0739375 0.101944
44 0.423727 0.639321 0.0501719 0.0384075
44 0.589547 0.835527 0.10525 0.130867
44 0.561602 0.71589 0.0986094 0.139602
44 0.0654844 0.698349 0.0747188 0.0474239
44 0.185609 0.720492 0.0846563 0.0952693
44 0.970383 0.905504 0.0592344 0.134567
44 0.319656 0.607436 0.0642188 0.0492974
44 0.951961 0.781885 0.0960781 0.151405
44 0.922703 0.635445 0.028375 0.0452693
44 0.429797 0.805281 0.094875 0.0569321
44 0.556844 0.622342 0.0549375 0.0396721
44 0.614055 0.750258 0.0378281 0.0682904
44 0.81182 0.686909 0.0889531 0.126698
44 0.855461 0.768173 0.0945781 0.126042
44 0.176625 0.834368 0.139781 0.183302
44 0.544609 0.951897 0.130656 0.0962061
44 0.172281 0.933068 0.0999687 0.131382
44 0.480102 0.646838 0.0560781 0.0522248
44 0.398297 0.847998 0.065 0.0446136
44 0.369617 0.631101 0.0696094 0.0517564
44 0.454398 0.613115 0.0640156 0.0919906
44 0.749398 0.707822 0.0854219 0.12548
44 0.740148 0.963173 0.119109 0.0736534
44 0.102031 0.852201 0.0406562 0.0984543
44 0.104773 0.764204 0.0816094 0.117775
44 0.556031 0.636335 0.0358125 0.0275176
44 0.161023 0.671698 0.0999219 0.0982904
44 0.622242 0.69507 0.0237031 0.0466745
44 0.266516 0.661674 0.102062 0.117681
44 0.97618 0.677412 0.0386406 0.0388993
44 0.325227 0.639532 0.0377969 0.0412178
44 0.495422 0.69445 0.0561562 0.0704918
44 0.432789 0.682459 0.0420156 0.0732084
44 0.510859 0.650761 0.0669063 0.0396956
44 0.577586 0.636838 0.0340781 0.0285246
44 0.109289 0.936756 0.0462656 0.100632
44 0.37975 0.794625 0.0898438 0.0997892
44 0.668977 0.661007 0.0917031 0.109696
44 0.862891 0.976323 0.0297812 0.0467447
44 0.505891 0.6174 0.0439375 0.0322717
44 0.760039 0.628009 0.0743906 0.0542389
44 0.413719 0.932096 0.137625 0.135808
44 0.709734 0.612799 0.0612188 0.082459