44 0.540729 0.337289 0.108375 0.0856406
44 0.418677 0.436055 0.0903958 0.0684531
44 0.755365 0.426797 0.140854 0.103844
44 0.377958 0.301641 0.097 0.0739375
44 0.94674 0.340938 0.104104 0.0607188
44 0.150063 0.442281 0.127167 0.078
44 0.589708 0.373516 0.0820417 0.0259062
44 0.358698 0.461484 0.154688 0.099
44 0.652479 0.588336 0.16925 0.125391
44 0.946573 0.580383 0.106854 0.126922
44 0.817865 0.494023 0.163062 0.0898906
44 0.721948 0.684648 0.187396 0.141703
44 0.200385 0.477141 0.173229 0.0863437
44 0.865375 0.414875 0.0876667 0.08
44 0.215656 0.354406 0.114812 0.0844375
44 0.967427 0.673633 0.0630625 0.104828
44 0.410469 0.540438 0.155438 0.117813
44 0.798354 0.364656 0.122875 0.0940312
44 0.954385 0.399445 0.0903542 0.0928906
44 0.311094 0.537344 0.0605208 0.0492187
44 0.317104 0.35582 0.087875 0.0525781
44 0.523896 0.278594 0.0918333 0.05425
44 0.710052 0.362953 0.0776042 0.0525625
44 0.554729 0.499766 0.161583 0.121719
44 0.5115 0.412523 0.1095 0.0708594
44 0.623083 0.764953 0.161 0.0771563
44 0.280969 0.308703 0.101562 0.079625
44 0.923573 0.452797 0.143187 0.08025
44 0.158125 0.381461 0.105292 0.0551406
44 0.465073 0.318773 0.0808958 0.0530469
44 0.20975 0.549703 0.17425 0.126125
44 0.848167 0.699016 0.155375 0.112312
44 0.0683229 0.433758 0.110521 0.0796719
44 0.62599 0.690445 0.0640208 0.0902031
44 0.291938 0.395258 0.119333 0.0592344
44 0.609646 0.428727 0.143208 0.102797
44 0.655552 0.416203 0.0943542 0.103594
44 0.215396 0.416164 0.0620833 0.0395156
44 0.775917 0.312055 0.111083 0.0529531
44 0.300573 0.626609 0.190062 0.14825
44 0.403573 0.677305 0.0843958 0.0442344
44 0.52424 0.673305 0.181104 0.145609
44 0.0655729 0.517203 0.129812 0.0955938
44 0.476323 0.476648 0.0946458 0.0712656
44 0.821542 0.58493 0.18475 0.134953
44 0.11274 0.570641 0.0740625 0.0541875
44 0.188667 0.321984 0.0895833 0.0623125
44 0.483208 0.393672 0.0784583 0.0465313
44 0.374667 0.726719 0.186667 0.0974375
44 0.440396 0.349703 0.0899583 0.0664687
44 0.99575 0.459422 0.00625 0.028
44 0.0179375 0.600305 0.035875 0.0420469
44 0.331208 0.304609 0.0245833 0.0534063
44 0.27926 0.463109 0.0973958 0.102906
44 0.165542 0.695688 0.187542 0.068875
44 0.693396 0.511641 0.119042 0.0985313
44 0.0938333 0.644242 0.185333 0.121766
44 0.498417 0.616102 0.140042 0.0863281
44 0.464417 0.287945 0.032125 0.0133281
44 0.408292 0.276758 0.0802083 0.0472656
44 0.647875 0.332586 0.11175 0.0713281
44 0.524135 0.569188 0.109521 0.0556562
44 0.0387083 0.579742 0.0774167 0.0379531
44 0.391354 0.372297 0.1205 0.08075
44 0.942385 0.505508 0.114188 0.0730781
44 0.701719 0.311141 0.0893542 0.0607188
44 0.0398854 0.472578 0.0769792 0.032625
1 0.316521 0.929195 0.267625 0.141609
1 0.912292 0.774586 0.169417 0.141047
1 0.79124 0.867148 0.290521 0.240859
1 0.598427 0.937969 0.312812 0.117375
1 0.0975833 0.91032 0.195167 0.179359
1 0.964281 0.867477 0.0714375 0.185734
1 0.488896 0.834203 0.241708 0.181781
1 0.176302 0.813836 0.289479 0.223484
1 0.331167 0.806289 0.0800833 0.134984
1 0.892271 0.332086 0.048875 0.0295156
1 0.0463021 0.768617 0.0926042 0.122359
1 0.82101 0.191555 0.0210625 0.0162031
1 0.978365 0.240914 0.0432708 0.0320156
1 0.923594 0.958742 0.150771 0.0814844