43 0.140484 0.680229 0.0625625 0.0897917
43 0.29975 0.929094 0.092375 0.0911042
43 0.486391 0.122333 0.094625 0.0602083
43 0.330219 0.160812 0.09375 0.109958
43 0.110203 0.636448 0.0439375 0.0780208
43 0.930625 0.214333 0.041125 0.0425833
43 0.343461 0.435479 0.0763281 0.09625
43 0.70693 0.40199 0.0815469 0.0542292
43 0.0567109 0.656823 0.0647656 0.0886875
43 0.895734 0.610938 0.0511563 0.133667
43 0.384352 0.653521 0.104797 0.06075
43 0.587945 0.973667 0.0721094 0.048625
43 0.549484 0.482302 0.0734687 0.0506458
43 0.570641 0.0845417 0.133969 0.0689583
43 0.496062 0.877281 0.0809375 0.100604
43 0.467484 0.746021 0.105187 0.153083
43 0.341953 0.0941146 0.0625 0.0940208
43 0.422547 0.0913229 0.0879062 0.0710208
43 0.321922 0.807313 0.142406 0.0860833
43 0.726484 0.9545 0.0639062 0.0744583
43 0.258727 0.573865 0.0901094 0.102229
43 0.467367 0.166604 0.0723594 0.0467917
43 0.736453 0.0874167 0.123125 0.082625
43 0.862508 0.455781 0.0679531 0.140146
43 0.959234 0.190021 0.05775 0.130958
43 0.216922 0.686688 0.103375 0.115292
43 0.712695 0.199302 0.0486094 0.0591875
43 0.920047 0.396552 0.0743125 0.113229
43 0.255578 0.136167 0.069375 0.106167
43 0.792117 0.970021 0.0846094 0.0599583
43 0.533883 0.670365 0.109891 0.0881458
43 0.680266 0.324583 0.0801562 0.102792
43 0.340313 0.486323 0.082625 0.0871042
43 0.584742 0.169521 0.0841406 0.05725
43 0.553477 0.417833 0.0805781 0.075125
43 0.468125 0.609583 0.108688 0.0895833
43 0.993078 0.551542 0.0134687 0.06975
43 0.649523 0.15951 0.0582656 0.0489792
43 0.172406 0.612042 0.0859062 0.08175
43 0.279016 0.500792 0.0766875 0.0810833
17 0.718438 0.288729 0.0699063 0.0975833
17 0.696234 0.627469 0.602062 0.721979
17 0.447281 0.22774 0.0674063 0.0939792
17 0.936578 0.2475 0.0394375 0.0294583
17 0.769711 0.20876 0.0796094 0.109229
17 0.650203 0.195448 0.0719375 0.0571875
17 0.137773 0.465635 0.0827031 0.0874375
14 0.189305 0.544344 0.0529531 0.0643958
14 0.354656 0.708063 0.0723125 0.104958
14 0.628781 0.588469 0.103656 0.124104
14 0.921383 0.567635 0.0391406 0.0491042
14 0.408945 0.159177 0.0700781 0.0821458
14 0.390242 0.776198 0.0744219 0.0973958
14 0.874617 0.389531 0.0407656 0.0758958
14 0.674687 0.945958 0.074 0.0739583
14 0.519648 0.0282396 0.0646719 0.0564792
14 0.30807 0.274719 0.0738594 0.0948542
14 0.865273 0.202437 0.0484531 0.0695
14 0.744945 0.439469 0.0282656 0.0505208
14 0.794961 0.486854 0.0735156 0.090125
14 0.941812 0.290323 0.0624062 0.0831875
14 0.270461 0.253208 0.0653906 0.09
14 0.237891 0.875969 0.0597812 0.0700625
14 0.184719 0.298771 0.0389688 0.030125
14 0.941172 0.636354 0.0645 0.0922083
14 0.818539 0.144812 0.0763594 0.0852917
14 0.0617734 0.472458 0.0631406 0.100125
14 0.464398 0.541365 0.0297656 0.0624375
14 0.388242 0.601823 0.0797656 0.0833958
14 0.920188 0.480177 0.0701875 0.0310208
14 0.733 0.847115 0.056125 0.0506042
14 0.7235 0.0244792 0.070375 0.0484583
14 0.532656 0.1925 0.0846875 0.089875
14 0.269664 0.311667 0.0575781 0.0461667
14 0.96143 0.704 0.0417344 0.04
14 0.704984 0.177563 0.0659687 0.0715417
14 0.277953 0.172 0.07925 0.08525
14 0.491211 0.209792 0.0346406 0.0583333
14 0.347852 0.356552 0.0728594 0.0698125
14 0.961109 0.346573 0.0745 0.0757708