11 0.623906 0.231687 0.0394688 0.0396667
11 0.54007 0.445292 0.0328906 0.03025
11 0.425 0.760448 0.0795625 0.0662708
11 0.407156 0.389271 0.0498437 0.0904583
11 0.578156 0.88775 0.0909062 0.144542
11 0.523211 0.168427 0.0612344 0.102562
11 0.513109 0.451417 0.0307187 0.0500833
11 0.730383 0.296687 0.0328594 0.037375
11 0.290953 0.749594 0.0803438 0.109187
11 0.329922 0.482 0.051875 0.0537917
11 0.684789 0.776687 0.100141 0.130667
11 0.332281 0.575 0.0567813 0.125042
11 0.671023 0.456615 0.0581719 0.0513125
11 0.23782 0.356656 0.0813594 0.105729
11 0.505406 0.61901 0.025625 0.0402292
11 0.459781 0.491479 0.0638438 0.055875
11 0.464766 0.322177 0.0324688 0.0425208
11 0.513164 0.0831354 0.111266 0.118146
11 0.24243 0.59251 0.0364844 0.0653958
11 0.509836 0.212635 0.0558281 0.0752708
11 0.187477 0.553396 0.0588594 0.11975
11 0.232414 0.445177 0.0696719 0.0354792
11 0.264883 0.943781 0.107797 0.112437
11 0.474844 0.873958 0.0388125 0.0395
11 0.732352 0.697271 0.0475781 0.067875
11 0.428766 0.157948 0.0794375 0.0872292
11 0.276703 0.354656 0.0293438 0.0631875
11 0.241578 0.521677 0.05 0.0917292
11 0.407086 0.629604 0.0532969 0.0685
11 0.302625 0.507708 0.0378125 0.0887083
11 0.417516 0.970719 0.0973125 0.0570208
11 0.745805 0.470573 0.0339219 0.0619792
11 0.453297 0.654479 0.0206563 0.0356667
11 0.478977 0.693813 0.0570469 0.0441667
11 0.327766 0.691979 0.0571875 0.0852917
11 0.585438 0.162948 0.0526875 0.0631042
11 0.441828 0.631125 0.021375 0.0710833
11 0.38143 0.189052 0.0703906 0.0704375
11 0.698312 0.547948 0.043625 0.0659375
11 0.526812 0.669167 0.0666875 0.0823333
11 0.369016 0.485198 0.0721563 0.0844375
11 0.731203 0.345292 0.0532188 0.0784583
11 0.230852 0.565531 0.0532969 0.0550208
11 0.614609 0.560635 0.0693438 0.0742292
11 0.196906 0.380521 0.0509063 0.126958
11 0.421359 0.564594 0.0715625 0.0771042
11 0.756844 0.62801 0.0362813 0.0544792
11 0.628656 0.474062 0.0925938 0.0852083
11 0.606703 0.340927 0.0887187 0.0873958
11 0.207305 0.467719 0.0346406 0.0678958
11 0.405938 0.298458 0.0585 0.101792
11 0.467648 0.154167 0.0463906 0.0837917
11 0.447672 0.40749 0.0159063 0.0192708
11 0.668547 0.823573 0.0466562 0.0756875
11 0.715891 0.424125 0.0482812 0.0909583
11 0.528602 0.361052 0.0395781 0.0350625
11 0.570047 0.802406 0.075875 0.0477292
11 0.7765 0.313229 0.0365 0.105917
11 0.773945 0.656552 0.0163906 0.0283125
11 0.473672 0.596448 0.070625 0.0787708
11 0.379375 0.89551 0.0652812 0.0990625
11 0.26343 0.487833 0.0378594 0.104333
11 0.396789 0.849063 0.0780469 0.060375
11 0.445555 0.357469 0.0645469 0.0614792
11 0.316773 0.280646 0.0588281 0.0800417
11 0.834219 0.58375 0.0369688 0.0457917
11 0.595875 0.916917 0.077125 0.14125
11 0.316656 0.95899 0.0447813 0.0426458
11 0.295094 0.292479 0.0764375 0.0762917
11 0.365102 0.371854 0.0621719 0.0794583
11 0.326805 0.836833 0.0555781 0.103292
11 0.427734 0.229094 0.0511875 0.0530208
11 0.101164 0.438083 0.00995313 0.0244583
11 0.566359 0.268458 0.034875 0.033875
11 0.561227 0.615698 0.0639219 0.0532708
11 0.590305 0.371667 0.0394844 0.038625
11 0.776727 0.680688 0.0257969 0.0215833
11 0.294117 0.696438 0.0229531 0.0556667
11 0.627852 0.272906 0.0587656 0.0555625
11 0.805117 0.508208 0.0434219 0.05175
11 0.266719 0.232667 0.0290625 0.0425417
11 0.621516 0.38875 0.0475625 0.060875
11 0.750617 0.544583 0.0332969 0.0598333
11 0.029875 0.523271 0.05975 0.117625
11 0.322195 0.641385 0.0837344 0.0626875
11 0.636836 0.90024 0.0570469 0.0798958
11 0.353352 0.32024 0.0508906 0.0661042
11 0.665883 0.671885 0.131516 0.118688
11 0.679859 0.338438 0.0440625 0.0950833
11 0.647281 0.518969 0.0828125 0.0520625
11 0.530289 0.558896 0.0887969 0.122417
11 0.484758 0.403448 0.0540469 0.0506458
11 0.475922 0.255583 0.0311563 0.0535
11 0.702859 0.272083 0.036125 0.05975
11 0.121937 0.490635 0.0543438 0.0553542
11 0.608219 0.428 0.052625 0.0333333
52 0.545289 0.844323 0.206766 0.311354
52 0.377273 0.534906 0.0576094 0.100687
52 0.548352 0.183302 0.0582969 0.109979
52 0.104266 0.691125 0.0528438 0.078125
52 0.785586 0.410771 0.0732031 0.1
52 0.0990234 0.488042 0.157453 0.225958
52 0.0843594 0.618781 0.102656 0.0725208
52 0.193742 0.724677 0.127359 0.213104
52 0.898422 0.470458 0.0332188 0.0416667
52 0.340211 0.433625 0.0911094 0.07175
52 0.831953 0.416156 0.104125 0.0475208
52 0.372117 0.927635 0.0863906 0.114312
52 0.928344 0.493771 0.034875 0.045875
52 0.175172 0.358448 0.0324062 0.0625625
52 0.334859 0.192198 0.0324375 0.0570208
52 0.244328 0.853885 0.138469 0.125938
52 0.354789 0.757031 0.0752031 0.146562
52 0.667172 0.378427 0.0526875 0.0291875
52 0.588055 0.241052 0.104766 0.143813
52 0.412547 0.610458 0.0404687 0.0435417