8 0.240765 0.376812 0.0130118 0.00603125
8 0.0648706 0.368938 0.0356706 0.0207813
8 0.138694 0.350523 0.0493412 0.0224531
8 0.0635882 0.31457 0.0295765 0.0117969
8 0.287812 0.393672 0.0439529 0.0248125
8 0.136812 0.37168 0.0403059 0.0287969
8 0.109082 0.383625 0.0574118 0.0238125
8 0.0413059 0.341969 0.0400706 0.0239375
8 0.203341 0.399156 0.0393882 0.0277813
8 0.2792 0.403039 0.0290353 0.0227031
8 0.0489412 0.389242 0.0277176 0.0163594
8 0.273271 0.377586 0.0392471 0.0142344
8 0.151506 0.449156 0.0444235 0.0274687
8 0.166447 0.368656 0.0264941 0.0210625
8 0.284506 0.361398 0.0307059 0.0203906
8 0.0644588 0.350672 0.0278353 0.017875
8 0.238718 0.355344 0.0318824 0.0191875
8 0.176153 0.457531 0.0357882 0.0164687
8 0.0400588 0.323383 0.0175765 0.0119219
8 0.130647 0.413922 0.0376235 0.02075
8 0.220047 0.382516 0.0319059 0.0210625
8 0.1056 0.325078 0.0348706 0.0249688
8 0.153482 0.330516 0.0469647 0.02175
8 0.0865647 0.424352 0.0377882 0.0273281
8 0.213706 0.479227 0.0369176 0.0249219
8 0.324376 0.403531 0.0401412 0.0204688
8 0.207353 0.324828 0.0332 0.0234375
8 0.188506 0.437422 0.0446824 0.0246875
8 0.164082 0.411594 0.0369647 0.0213438
8 0.242918 0.389961 0.0416941 0.0177344
8 0.107553 0.403148 0.0487059 0.0218906
8 0.214553 0.41475 0.0363529 0.0187187
8 0.0947882 0.357586 0.0421412 0.0279844
8 0.0947529 0.445281 0.0303059 0.0123438
8 0.118047 0.317398 0.0149647 0.00864063
8 0.104376 0.308109 0.0309647 0.012125
8 0.337859 0.372477 0.0271529 0.0190156
8 0.327471 0.377219 0.0358353 0.0171563
8 0.0168235 0.359719 0.0336471 0.0215
8 0.150388 0.390922 0.0306588 0.02425
8 0.231976 0.366047 0.0172706 0.0183125
8 0.365447 0.394289 0.0476471 0.0212656
8 0.174694 0.352977 0.0225647 0.0205469
8 0.262882 0.346133 0.0288706 0.0217969
8 0.310953 0.364086 0.0308471 0.0194531
8 0.0139294 0.394023 0.0278588 0.0243594
8 0.199118 0.352539 0.0326824 0.0233281
8 0.260729 0.370039 0.0394353 0.0232656
8 0.327129 0.387984 0.0275765 0.0146875
8 0.0638706 0.411781 0.0303765 0.0184062
8 0.0373059 0.36582 0.0268471 0.0165156
8 0.156847 0.424836 0.0477647 0.0222969
8 0.0808235 0.336719 0.0275294 0.015375
8 0.241482 0.409875 0.0290824 0.023
8 0.0361059 0.40882 0.0396 0.0248906
8 0.230247 0.443055 0.0462824 0.0112031
8 0.181047 0.329172 0.034 0.0224375
8 0.149212 0.312633 0.0399765 0.0219531
8 0.173682 0.399258 0.0178118 0.00776562
8 0.228212 0.339914 0.0406118 0.0207344
8 0.219012 0.364086 0.0235765 0.0174531
8 0.00751765 0.340969 0.0150353 0.017
8 0.0568824 0.326305 0.0219529 0.0160156
8 0.231741 0.4245 0.0464941 0.0248125
8 0.105741 0.344555 0.0231529 0.0113594
8 0.144976 0.337242 0.0358824 0.0158281
8 0.0825882 0.320836 0.0262118 0.0210156
8 0.0218 0.326578 0.0268 0.0190937
8 0.136153 0.402594 0.0232235 0.0129062
8 0.185635 0.316469 0.03 0.0136875
8 0.0747529 0.195906 0.0295059 0.0175
8 0.300565 0.414211 0.0148706 0.0102969
15 0.0484235 0.808719 0.0968471 0.0956875
15 0.114506 0.745266 0.135129 0.0601875
15 0.0953294 0.699555 0.0720235 0.0362031
15 0.0292941 0.598773 0.0568 0.0647969
15 0.0318588 0.645828 0.0637176 0.0598125
15 0.0735882 0.673344 0.0453882 0.0246562
14 0.849612 0.303148 0.0402588 0.00914062
14 0.731882 0.321055 0.0157647 0.00723437
14 0.709235 0.333453 0.0262824 0.0100313
14 0.778424 0.330516 0.0339765 0.00903125
14 0.859294 0.320164 0.0179294 0.00720313
14 0.706282 0.320789 0.0139765 0.00429688
14 0.831647 0.31607 0.0314824 0.0145469
14 0.744153 0.328242 0.0144235 0.0100469
14 0.850847 0.307977 0.0356706 0.0119219
14 0.830424 0.325023 0.0419765 0.0124531
14 0.889353 0.299437 0.0368235 0.0120313
14 0.809753 0.319336 0.0189882 0.00582812
14 0.797235 0.322867 0.0389882 0.0117656
14 0.732153 0.317406 0.0168235 0.00821875
14 0.893 0.293703 0.0204471 0.0083125
14 0.828847 0.335234 0.0256 0.0174063
14 0.727612 0.331219 0.0132 0.006125
14 0.818776 0.338242 0.0410353 0.0204531
14 0.718341 0.329508 0.00990588 0.0108594
14 0.744259 0.321273 0.0168941 0.00748437
14 0.844741 0.33043 0.0154588 0.00820313
14 0.706318 0.323461 0.0138588 0.00548437
14 0.723953 0.337422 0.0192 0.0065
14 0.746576 0.326188 0.0209176 0.0090625
14 0.741718 0.259359 0.0178824 0.00584375
14 0.818835 0.312125 0.0264706 0.0123438
33 0.810694 0.477133 0.0233647 0.00720313
33 0.946082 0.49557 0.0287765 0.0137656
33 0.7462 0.473852 0.0314118 0.0353906
33 0.906459 0.538312 0.127929 0.0480312
33 0.944812 0.250617 0.0108471 0.0246719
33 0.792129 0.519852 0.0413412 0.0222344
33 0.874953 0.279805 0.00708235 0.0106719
33 0.983612 0.497359 0.0092 0.0108125
33 0.777306 0.516758 0.0104235 0.00692187
33 0.899612 0.244234 0.018 0.00984375
33 0.729141 0.542219 0.0636471 0.0205
33 0.905282 0.537125 0.0661412 0.00721875
33 0.964741 0.240672 0.0320235 0.0053125
33 0.910529 0.400359 0.0518353 0.00965625
33 0.777929 0.481359 0.0308706 0.00375
33 0.918012 0.355078 0.034 0.01025
33 0.966353 0.47907 0.0672941 0.0360156
33 0.932812 0.400563 0.0515059 0.0185312
33 0.918635 0.337344 0.0423529 0.0252188
33 0.757918 0.504703 0.0104235 0.0210625
33 0.841459 0.527711 0.0965647 0.0570781
33 0.958729 0.522484 0.0589647 0.0110937
33 0.672447 0.546375 0.0273882 0.00646875
33 0.836847 0.496898 0.0766588 0.00723437
33 0.921765 0.473742 0.0302588 0.0206406
33 0.971906 0.470258 0.0252706 0.0103281
33 0.945553 0.555367 0.0632 0.0101094
33 0.739953 0.561039 0.0385412 0.00673437
33 0.807094 0.561227 0.110518 0.00832813
33 0.803882 0.454133 0.0560941 0.0143594
33 0.747235 0.462797 0.0547529 0.00440625
33 0.731635 0.557031 0.0462824 0.0115312
33 0.857494 0.537508 0.0250588 0.0112969
33 0.893435 0.452133 0.0818353 0.00723437
33 0.946376 0.311992 0.0289882 0.00804688
33 0.949788 0.338469 0.0103059 0.00625
33 0.972518 0.540203 0.0549647 0.00553125
33 0.807576 0.557 0.0313882 0.002875
33 0.826129 0.293781 0.0139529 0.0038125
33 0.906024 0.502398 0.0237176 0.00892187
33 0.868565 0.557562 0.0415059 0.00790625
33 0.908247 0.380891 0.0418118 0.0292812
33 0.750482 0.459148 0.0675059 0.0199844
33 0.7192 0.50468 0.0179294 0.0122656
33 0.829047 0.528516 0.0309412 0.00575
33 0.766035 0.541531 0.0883059 0.0078125
33 0.694659 0.540312 0.0191059 0.0205
33 0.823859 0.474734 0.0439529 0.0287813
33 0.879576 0.493914 0.0379765 0.0429844
33 0.720235 0.525336 0.0303059 0.0202344
33 0.880259 0.474672 0.0732235 0.0205
33 0.7908 0.524078 0.154682 0.0488125
33 0.743388 0.490016 0.0309647 0.020375
33 0.831753 0.379664 0.0321176 0.0311719
33 0.869212 0.526414 0.0402588 0.0101094
33 0.799624 0.438563 0.0384471 0.00659375
33 0.815376 0.505164 0.0478353 0.00560937
33 0.770035 0.442875 0.0205882 0.0156875
33 0.856365 0.447297 0.0625176 0.0045625
33 0.871741 0.383055 0.0233412 0.0261719
33 0.925588 0.327406 0.0258118 0.009875
33 0.918106 0.25775 0.0195059 0.01925
33 0.741835 0.529586 0.028 0.00685937
33 0.9396 0.548414 0.0292235 0.0106719
33 0.800859 0.512016 0.0348941 0.0069375
33 0.939812 0.457742 0.0216941 0.00470312
33 0.905388 0.354969 0.0378824 0.0251563
33 0.895141 0.463906 0.0513176 0.0339062
33 0.855706 0.396133 0.0352235 0.0179531
33 0.884871 0.479477 0.0318588 0.0103906
33 0.983118 0.39582 0.0328706 0.0178594
33 0.943059 0.482492 0.0339765 0.0291406
33 0.847635 0.558375 0.0585176 0.006
33 0.936012 0.355422 0.0106118 0.00503125
33 0.7994 0.455242 0.0345176 0.0167656
33 0.822376 0.46607 0.0502588 0.00539063
33 0.955953 0.24457 0.0124706 0.00276562
33 0.813247 0.490641 0.0669647 0.0110625
33 0.831153 0.484914 0.0132235 0.0154219
52 0.0524353 0.0410469 0.0205882 0.00778125
52 0.0536353 0.0782188 0.0193647 0.0101563
52 0.0622 0.0234219 0.0201647 0.0114687
52 0.0649529 0.0465859 0.0180471 0.00995313
52 0.0691294 0.0626094 0.0275294 0.0124688
52 0.0371882 0.0685859 0.0106588 0.00667187
52 0.0062 0.00290625 0.0124 0.0058125
52 0.193624 0.0606953 0.0106353 0.00817188
52 0.0645412 0.0818203 0.0145412 0.00664062
52 0.2102 0.0586484 0.0221412 0.0138594
52 0.00890588 0.0421797 0.0178118 0.0106719
52 0.00717647 0.0758828 0.0105882 0.0118281
52 0.0246 0.0648984 0.0164941 0.00623438
52 0.0774235 0.0329922 0.0151765 0.0103594
52 0.0404 0.0288984 0.0186824 0.0100469
52 0.115 0.0552969 0.0173882 0.00815625
52 0.0710235 0.00559375 0.0147529 0.0106563
52 0.0213412 0.0834688 0.0198118 0.0128438
52 0.0442471 0.0736172 0.0157412 0.00664062
52 0.0423529 0.0922187 0.0223529 0.011625
52 0.0170941 0.0978047 0.0135765 0.0122031
52 0.0952471 0.0138516 0.0197647 0.0103594
52 0.0691412 0.0382266 0.0141882 0.00942187
52 0.0540118 0.011 0.0102353 0.0064375
52 0.0283765 0.0524219 0.0134588 0.009875
52 0.00775294 0.0339766 0.0155059 0.0111094
52 0.0748118 0.0229141 0.00896471 0.00732813
52 0.0908941 0.132039 0.0109176 0.00885937
52 0.0298941 0.00839063 0.0117882 0.00509375
52 0.0888 0.153219 0.0120941 0.005875
52 0.0776941 0.0122188 0.0173176 0.00809375
52 0.0999529 0.0427734 0.0169412 0.0103594
52 0.00855294 0.0618672 0.0171059 0.0149531
52 0.0914588 0.0575547 0.0162824 0.0101094
52 0.112176 0.0378281 0.0202118 0.0118438
52 0.116494 0.163273 0.0110118 0.00992188
52 0.122612 0.0299063 0.0105882 0.00978125
52 0.0121059 0.0508281 0.0127294 0.00865625
52 0.104129 0.131984 0.0156941 0.0089375
52 0.0255882 0.0319062 0.0166824 0.00865625
52 0.0743059 0.0769688 0.0175059 0.0095625
52 0.0820941 0.0841719 0.0182588 0.005625
52 0.0411882 0.0104297 0.018 0.00860937
52 0.134788 0.0280313 0.0153647 0.0100313
52 0.0414824 0.0509453 0.0128471 0.00529688
52 0.0141647 0.0138437 0.0106353 0.00609375
52 0.0825882 0.0233984 0.00729412 0.00498438
52 0.105482 0.143328 0.0142588 0.00771875
52 0.102976 0.164664 0.0163059 0.00842187
52 0.108341 0.148391 0.0154588 0.00925
52 0.132059 0.0509219 0.0216706 0.0116562
52 0.0173059 0.0222891 0.0181412 0.0135781
52 0.109953 0.0511797 0.0114353 0.00829687
52 0.0635882 0.0560312 0.0217176 0.0099375
52 0.00588235 0.00684375 0.0113412 0.0070625
52 0.119082 0.0655 0.0129882 0.00759375
52 0.108459 0.0736328 0.0122588 0.0107969