11 0.887687 0.417325 0.0812812 0.158528
11 0.745359 0.315117 0.104406 0.112804
11 0.658945 0.262909 0.139766 0.156238
11 0.497539 0.342745 0.198547 0.22535
11 0.558711 0.19903 0.0818906 0.113154
11 0.831227 0.31875 0.0742656 0.0933411
11 0.706289 0.531367 0.0487656 0.0616589
11 0.603125 0.517652 0.139031 0.183668
12 0.785242 0.404007 0.137891 0.127266
12 0.413719 0.239206 0.121375 0.19271
12 0.652344 0.407862 0.142344 0.184696
12 0.590703 0.447091 0.136281 0.100724
12 0.496625 0.220724 0.0667813 0.0547664
12 0.799867 0.502745 0.152047 0.19236