10 0.696765 0.488109 0.052902 0.0256563
10 0.537 0.35707 0.0335686 0.0157344
10 0.882618 0.399508 0.0426078 0.0301094
10 0.691206 0.393437 0.0269216 0.0189687
10 0.81352 0.441289 0.0235098 0.0169219
10 0.6575 0.122711 0.011549 0.0109219
10 0.38599 0.313164 0.0212353 0.0107031
10 0.749549 0.383 0.0250196 0.0142813
10 0.793333 0.391156 0.0300784 0.0105
10 0.561363 0.456258 0.0386471 0.0150781
10 0.856 0.36907 0.0321176 0.0138594
10 0.732735 0.453336 0.0347647 0.0205156
10 0.876265 0.336008 0.0209608 0.0131406
10 0.887167 0.465766 0.0299412 0.0212812
10 0.895863 0.346555 0.0241961 0.0151719
10 0.680569 0.442195 0.0315686 0.00820313
10 0.671775 0.51393 0.0308824 0.0249844
10 0.566941 0.3515 0.0374118 0.01825
10 0.288961 0.366531 0.0262353 0.0171875
10 0.310049 0.362117 0.0249608 0.0190781
10 0.304392 0.378516 0.0370196 0.02
10 0.737539 0.342578 0.0199804 0.011625
10 0.526098 0.104187 0.0175294 0.0120313
10 0.74252 0.428969 0.031902 0.0103125
10 0.554118 0.289875 0.028 0.0135937
10 0.483098 0.366664 0.0352157 0.00898437
10 0.608873 0.0851328 0.0133922 0.00773437
10 0.476843 0.417312 0.0281961 0.0218438
10 0.574794 0.369359 0.0206078 0.0187187
10 0.754294 0.340211 0.0178431 0.0132344
10 0.254833 0.369453 0.0314314 0.024625
10 0.565833 0.090125 0.0143725 0.00915625
10 0.372539 0.363406 0.0371961 0.0190937
10 0.673431 0.465062 0.0365098 0.0187187
10 0.787549 0.385398 0.0231765 0.0143594
10 0.515873 0.371539 0.0286471 0.0179531
10 0.713343 0.344258 0.0170784 0.0110469
10 0.457529 0.298844 0.030902 0.0187187
10 0.415725 0.315531 0.025451 0.0162188
10 0.599716 0.362805 0.0318627 0.0143594
10 0.798461 0.334359 0.0302549 0.0195
10 0.778902 0.417563 0.0360392 0.0171875
10 0.504108 0.426414 0.0356275 0.0313906
10 0.636441 0.370898 0.0202941 0.00948437
10 0.694922 0.337695 0.0211765 0.0105781
10 0.493275 0.405539 0.0380392 0.0194844
10 0.752529 0.39018 0.0228627 0.0125781
10 0.784618 0.350992 0.031549 0.0105156
10 0.70851 0.330203 0.0229804 0.0101563
10 0.523608 0.505852 0.0319608 0.0214844
10 0.286176 0.408461 0.0283137 0.0184531
10 0.553696 0.113313 0.0178627 0.0135
10 0.676529 0.169039 0.0241569 0.0174844
10 0.635118 0.12175 0.0101961 0.00703125
10 0.408912 0.372273 0.0381373 0.0199844
10 0.453569 0.31932 0.0231765 0.00923437
10 0.605951 0.131109 0.0216275 0.0169687
10 0.448029 0.413484 0.0379804 0.0235938
10 0.401588 0.312953 0.0109412 0.00896875
10 0.494069 0.353969 0.0331569 0.0187187
10 0.422657 0.352711 0.0285294 0.0131406
10 0.804706 0.30568 0.0199216 0.00739063
10 0.41049 0.428914 0.0321961 0.0215469
10 0.554353 0.481148 0.0311765 0.0159531
10 0.565892 0.389156 0.0421765 0.025375
10 0.644843 0.443562 0.0330196 0.0149375
10 0.410451 0.389656 0.022 0.0109375
10 0.623186 0.509875 0.0571176 0.0371875
10 0.563814 0.310117 0.021902 0.0132969
10 0.861333 0.421727 0.0423137 0.0331094
10 0.268157 0.329734 0.0321961 0.0161563
10 0.381912 0.419516 0.0335098 0.0228125
10 0.517578 0.356578 0.021549 0.0158438
10 0.354588 0.425258 0.0312157 0.0243594
10 0.66998 0.288766 0.0292941 0.0112812
10 0.643931 0.336977 0.031549 0.0166406
10 0.638598 0.457898 0.0309216 0.0210156
10 0.426549 0.447234 0.0227059 0.0166875
10 0.647069 0.105133 0.0144902 0.0107656
10 0.831598 0.341492 0.0285294 0.0140469
10 0.602814 0.457617 0.042098 0.0190469
10 0.602892 0.316984 0.0357451 0.0123125
10 0.489637 0.377437 0.0328431 0.0189687
10 0.588931 0.292516 0.0406471 0.0148437
10 0.520382 0.313969 0.0238235 0.0187187
10 0.702461 0.37518 0.0213922 0.0163906
10 0.499696 0.314852 0.0282157 0.0174531
10 0.737275 0.40157 0.0200392 0.0150469
10 0.71049 0.289875 0.0228627 0.01
10 0.925529 0.389125 0.0231765 0.023
10 0.54148 0.466539 0.0206078 0.0115469
10 0.638696 0.163078 0.0144902 0.0174375
10 0.334696 0.305125 0.0238627 0.0184375
10 0.634784 0.412117 0.0219216 0.0112969
10 0.646451 0.351844 0.0189804 0.00975
10 0.446755 0.337797 0.0307255 0.0215
10 0.394686 0.339008 0.0264706 0.0226719
10 0.86301 0.356281 0.0274314 0.0200625
10 0.756853 0.311031 0.0270392 0.014875
10 0.813049 0.423719 0.0409216 0.01375
10 0.278265 0.424328 0.0477843 0.0225
10 0.239402 0.361625 0.031549 0.0174375
10 0.920559 0.370641 0.0270392 0.0182187
10 0.590843 0.113992 0.0190588 0.0138906