5 0.594883 0.952635 0.0551094 0.0579625
5 0.535008 0.929883 0.0575781 0.0384543
5 0.470711 0.950574 0.0681406 0.0988525
5 0.503617 0.979766 0.0636406 0.0386417
5 0.258719 0.870187 0.0825937 0.0827166
5 0.276656 0.955152 0.0725 0.0896956
5 0.594609 0.971967 0.058625 0.0523653
5 0.386391 0.944087 0.111375 0.105269
5 0.310187 0.934005 0.0377188 0.0480562
5 0.420711 0.98993 0.0586094 0.0201405
5 0.356203 0.872295 0.0435938 0.0510539
5 0.638008 0.982998 0.0382656 0.0340047
5 0.237469 0.927974 0.0878125 0.0938876
5 0.173172 0.972635 0.0443125 0.0472365
5 0.527469 0.970867 0.0630313 0.058267
5 0.412086 0.891323 0.0832344 0.0674239
5 0.335633 0.893185 0.0703281 0.075644
5 0.405828 0.832037 0.0730625 0.0749883
5 0.341375 0.965492 0.0755 0.0690164
5 0.297695 0.847424 0.0707656 0.0961593
5 0.211687 0.98123 0.0617812 0.037541
5 0.204969 0.9087 0.044625 0.0833489
5 0.55532 0.968911 0.0377656 0.0555738
5 0.34043 0.838829 0.0324219 0.0359251
5 0.467922 0.880785 0.0589375 0.0544965
44 0.565133 0.679578 0.0287031 0.0510539
44 0.526484 0.671991 0.0330312 0.0387354
44 0.55182 0.651733 0.0309531 0.0500234
44 0.523992 0.631417 0.0355156 0.0505152
44 0.320594 0.609473 0.0211562 0.0287354
44 0.474773 0.632506 0.0200469 0.0401874
44 0.538078 0.691815 0.0283125 0.0303747
44 0.404812 0.594543 0.0173125 0.0201405
44 0.374852 0.60048 0.0137344 0.0129977
44 0.444914 0.697272 0.0312656 0.0429274
44 0.387203 0.606253 0.0171563 0.0111475
44 0.358156 0.609098 0.0111562 0.0102342
44 0.471641 0.689813 0.0367813 0.0460422
44 0.492148 0.6587 0.0372969 0.0537939
44 0.299805 0.609426 0.0290781 0.0299063
44 0.426266 0.678899 0.00784375 0.0251054
44 0.511273 0.565468 0.0208594 0.0527166
44 0.493945 0.60493 0.0357344 0.0545433
44 0.485172 0.582916 0.0280938 0.0495785
44 0.504375 0.689672 0.0285 0.0337705
44 0.442406 0.677342 0.028375 0.0349649
44 0.344219 0.606042 0.0248438 0.0186417
44 0.365078 0.606932 0.0125938 0.00899297
44 0.375203 0.573817 0.01225 0.0134426
44 0.464047 0.715059 0.0210313 0.0123653
44 0.456352 0.640082 0.0150781 0.0188993
44 0.314367 0.571464 0.0181719 0.0229274
32 0.0834453 0.89171 0.0357969 0.0410773
32 0.0143594 0.952728 0.0262188 0.0440515
32 0.104336 0.954602 0.0272656 0.0350117
32 0.0470859 0.920644 0.0312656 0.0456909
32 0.00815625 0.89219 0.0163125 0.0211944
32 0.0275078 0.93911 0.0243594 0.0306792
32 0.0509453 0.973513 0.0287031 0.035644
32 0.0823828 0.929567 0.0396406 0.0430679
32 0.0819062 0.971042 0.042 0.0426932
32 0.0483125 0.88267 0.03175 0.0325527
32 0.0174844 0.871862 0.0295312 0.0350117