11 0.803521 0.603367 0.203125 0.162453
11 0.686896 0.767883 0.243792 0.128766
11 0.609615 0.472586 0.156979 0.149391
50 0.698354 0.653789 0.291542 0.0788594
50 0.746115 0.53557 0.254854 0.178078
50 0.768365 0.393594 0.109771 0.06975
1 0.375271 0.179391 0.111667 0.149688
1 0.461125 0.192844 0.101167 0.153531
1 0.58701 0.205688 0.142229 0.157438
1 0.514906 0.233234 0.146687 0.170969
1 0.397552 0.25975 0.0289375 0.0183125
59 0.692396 0.53575 0.299417 0.18875
59 0.743344 0.741258 0.369688 0.160484
59 0.246156 0.410648 0.0843125 0.120797
59 0.678563 0.412977 0.296333 0.128922
8 0.211708 0.713875 0.204333 0.146406
8 0.309646 0.336141 0.0695417 0.0264062
8 0.245625 0.411813 0.0833333 0.120562
8 0.262792 0.743461 0.150083 0.0777031
8 0.401167 0.839359 0.08 0.04025
8 0.379667 0.531719 0.0499167 0.0495
8 0.447427 0.517961 0.0858125 0.0935781