8 0.256148 0.598938 0.0279531 0.0969167
8 0.236172 0.483167 0.0247188 0.036625
8 0.103648 0.720385 0.0955781 0.105896
8 0.0919141 0.64426 0.0585781 0.0958958
8 0.0652578 0.353313 0.0519219 0.0322917
8 0.24707 0.681083 0.0718281 0.0619167
8 0.0325937 0.488333 0.0651875 0.143667
8 0.00889844 0.56126 0.0147656 0.0456042
8 0.17932 0.60526 0.0317031 0.0361458
8 0.0816875 0.402458 0.08875 0.0679583
8 0.244336 0.540052 0.0577344 0.0670625
8 0.21993 0.775656 0.0452344 0.0481458
8 0.211875 0.445188 0.0234688 0.00975
8 0.142625 0.57449 0.0338437 0.0212708
8 0.195273 0.431406 0.0380781 0.0220625
8 0.136656 0.711458 0.0515312 0.0457083
8 0.174156 0.464437 0.0109687 0.0288333
8 0.267047 0.638958 0.0160938 0.0275833
8 0.231039 0.629365 0.0596094 0.0458958
8 0.0974844 0.36449 0.0244375 0.0192292
8 0.0236016 0.387948 0.0472031 0.0425625