8 0.402539 0.707932 0.115359 0.159628
8 0.418258 0.546302 0.104734 0.1614
1 0.325727 0.777133 0.0962969 0.13593
1 0.252922 0.396346 0.0995 0.118162
1 0.319391 0.543786 0.0951562 0.138643
1 0.231219 0.740394 0.100344 0.140175
14 0.746172 0.524551 0.116656 0.13453
14 0.741313 0.419475 0.162656 0.220788
14 0.746859 0.573578 0.1105 0.116171
14 0.745266 0.460689 0.120344 0.119672
24 0.828953 0.497582 0.093 0.423435
44 0.370867 0.421849 0.0962969 0.136696
44 0.413203 0.252505 0.0903125 0.138096
28 0.681195 0.416761 0.0981719 0.121138
6 0.268664 0.260153 0.200422 0.0601313
6 0.258336 0.319179 0.224328 0.102254
6 0.22618 0.255438 0.186297 0.192801
43 0.787859 0.22767 0.114531 0.144661
43 0.72993 0.334551 0.0883281 0.126171
43 0.688602 0.229409 0.102203 0.12954