14 0.458186 0.654232 0.0930719 0.0402614
14 0.355874 0.565768 0.0241013 0.0238562
14 0.400833 0.538464 0.0713725 0.0535621
14 0.423243 0.582876 0.141814 0.0466667
14 0.422925 0.533513 0.0266667 0.027451
14 0.298023 0.6054 0.0278105 0.0241013
14 0.433971 0.607059 0.0861111 0.0342484
14 0.49549 0.661029 0.0487255 0.0333333
14 0.380874 0.498464 0.040768 0.0179412
14 0.297794 0.523382 0.0320588 0.00973856
14 0.667663 0.563252 0.0123203 0.0269281
14 0.326675 0.589257 0.068317 0.132337
14 0.552565 0.493423 0.0552941 0.0309314
14 0.413889 0.605817 0.0718627 0.064085
14 0.607165 0.547525 0.0475654 0.0330556
14 0.343815 0.537614 0.0143627 0.00846405
14 0.378252 0.53192 0.0912745 0.0479575
14 0.674526 0.60509 0.0280719 0.0525327