42 0.556781 0.881736 0.0665 0.0741004
42 0.635898 0.768431 0.108172 0.0849791
42 0.561203 0.848337 0.0469375 0.0438703
42 0.568672 0.423222 0.0420937 0.0420084
42 0.219156 0.62251 0.0530312 0.0280335
42 0.325203 0.475952 0.057 0.0396025
42 0.573648 0.337343 0.0389219 0.025272
42 0.660516 0.43955 0.0275938 0.0224477
42 0.397875 0.362646 0.0572812 0.0328243
42 0.663445 0.617793 0.0436094 0.0515272
42 0.561891 0.470649 0.0445 0.0273222
42 0.489125 0.620157 0.0655937 0.0673431
42 0.510859 0.519864 0.0249062 0.0436192
42 0.397719 0.741339 0.0394688 0.0417992
42 0.428023 0.747626 0.0444531 0.0861715
42 0.443562 0.59955 0.0547188 0.0475105
42 0.439164 0.516736 0.0569844 0.0274059
42 0.107672 0.652312 0.0459688 0.0446234
42 0.707844 0.49568 0.0393125 0.0407322
42 0.615773 0.570952 0.0528594 0.0248745
42 0.697094 0.672594 0.0312187 0.0335983
42 0.634336 0.395816 0.0403281 0.0223849
42 0.307336 0.589498 0.0424844 0.0448954
59 0.524602 0.790973 0.109328 0.0991423
59 0.605016 0.66705 0.161969 0.130502
59 0.392383 0.567615 0.113672 0.0860251
59 0.707805 0.431276 0.126203 0.0623013
59 0.299523 0.713703 0.153234 0.139247
59 0.64375 0.501841 0.138437 0.0796653
59 0.478148 0.346402 0.0682031 0.0505439
59 0.518797 0.340805 0.0609062 0.0363808
59 0.410078 0.412741 0.0889375 0.0419665
59 0.206109 0.571925 0.135969 0.108452