23 0.171812 0.249094 0.0375 0.0192292
23 0.179508 0.285 0.0357656 0.015625
23 0.212484 0.233198 0.0164687 0.0108542
23 0.158164 0.241417 0.0107656 0.0284583
23 0.172594 0.230052 0.015 0.0205208
23 0.0954687 0.251917 0.047375 0.0211667
23 0.227406 0.256312 0.032 0.016875
23 0.247609 0.251437 0.0500938 0.022125
23 0.142578 0.236177 0.0107813 0.0102708
23 0.229273 0.2695 0.0194219 0.0142083
23 0.199492 0.256719 0.0205781 0.0153958
23 0.191547 0.267198 0.0289687 0.0195625
23 0.222328 0.240844 0.0203438 0.0128958
23 0.12307 0.276156 0.0394219 0.0169375
59 0.677773 0.208969 0.0850156 0.114354
1 0.632734 0.764542 0.0461562 0.0561667
1 0.168336 0.740083 0.0506719 0.077125
1 0.274094 0.794385 0.0424062 0.0470625
1 0.560812 0.563 0.0361875 0.045625
1 0.5695 0.505896 0.031375 0.046875
1 0.442516 0.418135 0.0376875 0.0489792
1 0.332211 0.75926 0.0594531 0.0812292
1 0.587414 0.803292 0.0473906 0.06375
1 0.272766 0.505125 0.030375 0.0369167
1 0.413445 0.75049 0.0544219 0.0712708
1 0.827727 0.440594 0.0384531 0.0325625
1 0.675781 0.781625 0.0472187 0.0606667
1 0.168961 0.519427 0.0443281 0.0251875
1 0.238734 0.893208 0.0619375 0.0833333
1 0.447297 0.533969 0.0414375 0.0489792
1 0.355227 0.616021 0.0484531 0.05975
1 0.204406 0.446917 0.0348125 0.0415417
1 0.671906 0.667948 0.0461562 0.0563958
1 0.52518 0.419104 0.0305781 0.0330833
1 0.642102 0.804094 0.0447969 0.0558958
1 0.473609 0.805792 0.0505938 0.069125
1 0.640477 0.395698 0.0196094 0.0241042
1 0.431555 0.854396 0.0634844 0.08825
1 0.242086 0.516552 0.0333281 0.0418542
1 0.614617 0.422292 0.0192969 0.0241667
1 0.602586 0.497865 0.0340469 0.0353958
1 0.609977 0.796844 0.0242344 0.0423125
1 0.0869063 0.8 0.062125 0.0717917
1 0.37707 0.783448 0.0594844 0.0642708
1 0.914992 0.541146 0.0551719 0.0607917
1 0.498695 0.409229 0.0307656 0.0405
1 0.196453 0.470146 0.0384375 0.046625
1 0.166187 0.429104 0.0376875 0.044375
1 0.568344 0.451542 0.03 0.0328333
1 0.256344 0.448 0.0203125 0.0405
1 0.66618 0.401771 0.0121094 0.00866667
1 0.964336 0.411271 0.0425781 0.038875
1 0.64332 0.66051 0.0255156 0.0282292
1 0.101711 0.474823 0.0331406 0.0341042
1 0.605367 0.517625 0.0372344 0.04425
1 0.476773 0.51999 0.0327031 0.0483542
1 0.582203 0.484104 0.0261562 0.034875
1 0.134008 0.524135 0.0299531 0.0212292
1 0.681203 0.836271 0.0426562 0.0618333
1 0.116422 0.825125 0.025 0.02
1 0.43875 0.796531 0.0284687 0.0357708
1 0.235797 0.429365 0.04 0.0473125
1 0.440367 0.458844 0.0147969 0.0336042
1 0.45518 0.367813 0.0171094 0.0182083
1 0.328 0.638021 0.0501562 0.0514583
1 0.639117 0.375771 0.0196094 0.0212917
1 0.16707 0.501854 0.0446406 0.045625
1 0.320461 0.589104 0.0442344 0.0495
1 0.59825 0.559021 0.0373125 0.044625
1 0.657016 0.848354 0.0497812 0.0602917
1 0.869711 0.433677 0.0473281 0.0533125
1 0.529211 0.546354 0.0370469 0.0477083
1 0.307625 0.887302 0.00871875 0.0412708
1 0.236031 0.717708 0.0494687 0.0687083
1 0.430047 0.503177 0.0369063 0.0502708
1 0.4845 0.881417 0.0638438 0.08025
1 0.120992 0.745198 0.0622969 0.0713125
1 0.624695 0.54449 0.0315469 0.0423125
1 0.704258 0.716177 0.0393906 0.0551875
1 0.376039 0.712177 0.0496094 0.0663958
1 0.613281 0.843604 0.0455625 0.0558333
1 0.600766 0.452104 0.0322188 0.04325
1 0.521594 0.456719 0.035 0.0476875
1 0.558367 0.466635 0.0297344 0.0393542
1 0.968195 0.560698 0.0636094 0.0702708
1 0.267258 0.667448 0.0489219 0.0605208
1 0.667758 0.71875 0.0514844 0.0519167
1 0.289984 0.622854 0.038625 0.0603333
1 0.533805 0.489708 0.0354531 0.0349583
1 0.114508 0.500771 0.0378906 0.0471667
1 0.505945 0.514135 0.0380156 0.0510208
1 0.978898 0.523583 0.0422031 0.045125
1 0.280406 0.47225 0.0369375 0.0366667
1 0.701336 0.671354 0.0252969 0.0469583
1 0.631 0.691667 0.0440313 0.06075
1 0.529648 0.578813 0.0373594 0.02025
1 0.132594 0.465187 0.040375 0.0466667
1 0.421156 0.473198 0.0272812 0.0341042
1 0.202008 0.874583 0.0632656 0.0830833
1 0.581148 0.437719 0.0261406 0.0376458
1 0.410172 0.792656 0.0153437 0.0145208
1 0.460656 0.485823 0.0301875 0.0392292
1 0.988867 0.59326 0.0222656 0.0156458
1 0.813164 0.368563 0.0223281 0.0200833
1 0.511352 0.79675 0.0224844 0.0225833
1 0.237727 0.47649 0.0417344 0.0505208
1 0.422672 0.362563 0.0213438 0.025125
1 0.457477 0.448354 0.0324531 0.04025
1 0.632992 0.480021 0.0305781 0.0328333
1 0.20668 0.509906 0.0400469 0.0379375
1 0.0917656 0.744583 0.038875 0.0626667
1 0.0992422 0.528563 0.0378594 0.0184583
1 0.931211 0.573427 0.0246406 0.0175208
1 0.0797187 0.502594 0.0350937 0.0487292
1 0.483203 0.357948 0.0163438 0.0138542
1 0.38107 0.852177 0.0104844 0.0416042
1 0.239289 0.668052 0.0122969 0.0319375
1 0.50207 0.478438 0.0321406 0.0378333
1 0.136617 0.455833 0.0468281 0.039625
1 0.146352 0.494583 0.0305469 0.0381667
1 0.284922 0.721156 0.0552188 0.0653958
1 0.087 0.645646 0.0575 0.0630833
1 0.606344 0.251594 0.0136562 0.0158958
1 0.543148 0.521 0.0372969 0.0485833
1 0.476094 0.432052 0.0284687 0.0276875
1 0.441219 0.901938 0.0455625 0.031125
1 0.841859 0.398469 0.025375 0.0225625
1 0.504984 0.559615 0.027125 0.0423125
1 0.246477 0.53301 0.0351094 0.0318125
1 0.510555 0.923385 0.0242344 0.0794792
1 0.935578 0.334792 0.0248125 0.0295
1 0.201953 0.816719 0.0365625 0.0570208
1 0.23993 0.813052 0.0590156 0.0806875
1 0.150203 0.798021 0.064 0.0674583
1 0.489961 0.449333 0.0342344 0.0435833
1 0.311812 0.686542 0.0465313 0.0730833
1 0.468984 0.413313 0.02375 0.032375
1 0.519023 0.844969 0.0528281 0.0776875
1 0.961016 0.497781 0.0223125 0.0195208
1 0.238055 0.953781 0.0363906 0.0422292
1 0.55993 0.414302 0.0316406 0.0440208
1 0.349617 0.401552 0.0246094 0.0221458
1 0.634117 0.512177 0.0278906 0.0412708
1 0.31075 0.383281 0.0219062 0.0295208
1 0.422367 0.3805 0.0211406 0.0192917
1 0.567961 0.534542 0.0140469 0.015125
1 0.470758 0.563667 0.0311406 0.0240833
1 0.287656 0.845042 0.0555625 0.077375
1 0.281773 0.444865 0.0383281 0.0427292
1 0.169383 0.464563 0.0283281 0.0384167
1 0.649117 0.447052 0.0342344 0.0325625
1 0.58168 0.539312 0.0253906 0.035375