43 0.348366 0.70156 0.0823856 0.0785458
43 0.671405 0.284224 0.0115359 0.00743464
43 0.346373 0.222614 0.0776471 0.0462092
43 0.58192 0.379461 0.0451471 0.0142157
43 0.921021 0.4946 0.0357353 0.0372059
43 0.768734 0.399444 0.0171405 0.0295098
43 0.392059 0.335221 0.0453922 0.0329248
43 0.413627 0.585343 0.058366 0.0590196
43 0.453129 0.278178 0.0261275 0.0219771
42 0.49094 0.290899 0.0638399 0.0689869
42 0.378039 0.502533 0.0666667 0.0682026
42 0.555588 0.785449 0.147026 0.118775
42 0.783987 0.586119 0.120196 0.0805392
42 0.212761 0.583889 0.0596078 0.079281
42 0.806789 0.312614 0.0996569 0.0606536
42 0.903815 0.597958 0.10482 0.0726471
42 0.59848 0.272819 0.0641503 0.0363889
42 0.642051 0.469395 0.0443627 0.0381373
42 0.4625 0.416585 0.062549 0.03
42 0.226005 0.57156 0.117075 0.0648856
42 0.395074 0.232557 0.0373366 0.0409314
42 0.561855 0.313407 0.0441993 0.0621732
42 0.643554 0.654167 0.0783824 0.0780392
42 0.882623 0.3529 0.0711275 0.0548856
42 0.163971 0.456928 0.103072 0.04
42 0.350842 0.321087 0.0292974 0.0521732
42 0.519395 0.676373 0.170458 0.0886601
42 0.815384 0.508235 0.0591993 0.0366993
8 0.356389 0.791993 0.0380392 0.0727451
8 0.634706 0.293203 0.0305882 0.0379412
8 0.289395 0.442745 0.0456209 0.0213725
8 0.129592 0.302949 0.0333333 0.0269118
8 0.700694 0.68277 0.0542647 0.0670425
8 0.675172 0.223962 0.0320752 0.00874183
8 0.744453 0.2496 0.015866 0.0145588
8 0.746609 0.398873 0.0311601 0.0386275