57 0.474336 0.758843 0.0245781 0.0274266
57 0.436625 0.754516 0.0347812 0.0308636
57 0.5815 0.808877 0.0234062 0.0248705
57 0.54568 0.738843 0.0308281 0.0248705
57 0.560648 0.821079 0.0241094 0.0261658
57 0.580789 0.763204 0.00973437 0.0130743
57 0.554828 0.714188 0.01375 0.0135579
57 0.522734 0.831667 0.025125 0.0262349
57 0.563242 0.714819 0.0285156 0.0277029
57 0.404789 0.725518 0.0361719 0.0197409
57 0.415273 0.716183 0.0236406 0.0212781
57 0.589039 0.791045 0.0243594 0.0257858
57 0.382977 0.777815 0.0245781 0.0238515
57 0.413953 0.738817 0.0320937 0.0249568
57 0.383234 0.816364 0.0234375 0.0207427
57 0.591523 0.776028 0.0285156 0.0238342
57 0.480469 0.842686 0.029 0.0274439
57 0.401953 0.828385 0.0338437 0.0269257
57 0.373063 0.791269 0.0282813 0.0171848
57 0.435875 0.837962 0.0354063 0.0261831
57 0.521539 0.755872 0.0287656 0.0344041