29 0.033317 0.237149 0.066634 0.155376
29 0.0898284 0.40982 0.179657 0.207516
8 0.872859 0.196536 0.254281 0.260458
14 0.422982 0.365662 0.484461 0.112663
14 0.53674 0.3321 0.74518 0.264951
14 0.481078 0.237394 0.467092 0.203611
14 0.600678 0.199477 0.677141 0.398954
24 0.386618 0.25009 0.773235 0.246944
37 0.952132 0.442222 0.0950163 0.31451
1 0.747672 0.640915 0.504657 0.483987
48 0.192614 0.606364 0.38183 0.343644
56 0.303922 0.414722 0.103595 0.0996732
56 0.484493 0.486904 0.11281 0.107206
56 0.42116 0.416332 0.113627 0.0881536
56 0.382451 0.482369 0.0997059 0.109542
10 0.511528 0.854665 0.102565 0.122565
10 0.398415 0.769624 0.103137 0.105425
10 0.610327 0.835082 0.0952941 0.110588
10 0.17491 0.916928 0.0961601 0.115686
10 0.016585 0.780825 0.0318627 0.111127
10 0.56232 0.471152 0.0438889 0.0424673
10 0.33835 0.650989 0.0965033 0.10201
10 0.478946 0.577402 0.0677614 0.0830392
10 0.417876 0.675261 0.0888889 0.110098
10 0.253113 0.828431 0.0988725 0.117843
10 0.277582 0.931642 0.118137 0.124493
10 0.484567 0.663889 0.0890686 0.0919935
10 0.0941667 0.782173 0.138889 0.130523
10 0.516275 0.451544 0.0654575 0.062598
10 0.432802 0.901577 0.0836438 0.0839379
10 0.509371 0.756364 0.109101 0.102631
10 0.30741 0.752966 0.0875 0.115768
10 0.414649 0.558301 0.0892974 0.0848366
10 0.22518 0.984902 0.103922 0.0301961