11 0.929797 0.523375 0.140406 0.199833
11 0.461867 0.482271 0.140297 0.164875
36 0.340852 0.283292 0.0731719 0.042
36 0.487617 0.207385 0.137453 0.106396
36 0.538578 0.126396 0.063 0.0749583
36 0.33643 0.0716667 0.0946094 0.105917
36 0.411773 0.195906 0.0587344 0.135813
36 0.385836 0.11225 0.0569844 0.0645417
36 0.478734 0.0825833 0.0479687 0.0295
36 0.370539 0.205031 0.0953906 0.130687
36 0.31693 0.172156 0.104141 0.106729
36 0.347336 0.0904062 0.0684844 0.0645625
59 0.830484 0.63851 0.142313 0.215396
59 0.562203 0.407646 0.103156 0.125375
59 0.615961 0.799833 0.147266 0.15775
59 0.255328 0.134583 0.065125 0.0997083
59 0.436641 0.0516458 0.06075 0.0380833
59 0.293344 0.10774 0.0301875 0.0553958