11 0.427266 0.381005 0.0398125 0.0641121
11 0.497797 0.289264 0.138094 0.174509
11 0.524258 0.204579 0.151016 0.181822
11 0.0162422 0.462301 0.0296094 0.0967056
11 0.181516 0.30986 0.0990313 0.077243
11 0.584539 0.516402 0.0478281 0.085
11 0.459883 0.13882 0.0832031 0.129603
11 0.587 0.343283 0.0862187 0.120864
11 0.303703 0.359322 0.067625 0.040514
28 0.33468 0.434346 0.144422 0.0976636
14 0.289453 0.320164 0.25075 0.147617
14 0.687258 0.565584 0.101984 0.177336
14 0.280102 0.220187 0.0552969 0.106402
14 0.463594 0.388376 0.0815937 0.0705374
14 0.338531 0.265035 0.0701875 0.0860981
14 0.612875 0.231542 0.0288438 0.0815421
14 0.552063 0.440058 0.226813 0.13035
14 0.356328 0.127114 0.139437 0.14236
14 0.587062 0.114801 0.180719 0.17535
15 0.807578 0.519416 0.286656 0.31
15 0.754383 0.283832 0.299516 0.306682