34 0.566617 0.635566 0.0205781 0.0456604
34 0.450133 0.563113 0.0318281 0.0387264
34 0.580187 0.575035 0.0374375 0.0430425
34 0.427344 0.637653 0.0178437 0.0402594
34 0.441445 0.7323 0.0187656 0.0318632
34 0.735945 0.31816 0.0186406 0.0304245
34 0.201172 0.566828 0.0219375 0.0282311
34 0.444922 0.796592 0.0215 0.0496934
34 0.40743 0.826097 0.0240469 0.0299292
34 0.584039 0.926108 0.0642344 0.103066
34 0.472898 0.551958 0.0367344 0.0497642
34 0.792133 0.659611 0.0322344 0.0400236
34 0.791859 0.499587 0.030125 0.0342217
34 0.737398 0.638231 0.0410781 0.0351415
34 0.536422 0.800519 0.0252188 0.0491038
34 0.867344 0.637535 0.0300938 0.0238443
34 0.599102 0.689788 0.0253281 0.0361321
34 0.190781 0.683986 0.0198125 0.0354717
34 0.361266 0.900507 0.0307812 0.0656368
34 0.448625 0.658903 0.0239688 0.0297406
34 0.340102 0.330637 0.0331719 0.026934
34 0.568461 0.606462 0.0192344 0.0306604
34 0.815555 0.689517 0.0324844 0.0402123
34 0.631383 0.283137 0.0576406 0.0887736
34 0.543914 0.515767 0.0313594 0.0355425
34 0.557961 0.47329 0.0341094 0.0328066
34 0.566391 0.667382 0.0295312 0.0240566
34 0.407523 0.390967 0.0229844 0.0248585
34 0.535281 0.980283 0.0312812 0.0353302
34 0.438305 0.70329 0.0234219 0.0336557
34 0.500406 0.569693 0.02125 0.0528302
34 0.530086 0.910059 0.0307031 0.0456368
34 0.212844 0.750389 0.0300625 0.040967
34 0.365836 0.394941 0.0245469 0.0330896
34 0.668875 0.374351 0.035375 0.0454009
34 0.833781 0.562807 0.0312187 0.0358491
34 0.493859 0.668184 0.0319688 0.0379717
34 0.793813 0.407394 0.028625 0.0328066
34 0.565289 0.845448 0.0366094 0.0632075
34 0.781727 0.856722 0.0209219 0.0543868
34 0.855656 0.67513 0.0545 0.0370519
34 0.553477 0.693325 0.0136719 0.0316981
34 0.767586 0.649965 0.0256719 0.0266745
34 0.431453 0.517052 0.0165 0.0257075
34 0.426367 0.606604 0.00992188 0.0254245
34 0.611375 0.66092 0.0222812 0.0271698
34 0.613828 0.608491 0.0197813 0.0386321
34 0.440688 0.636203 0.0218438 0.0192453
34 0.58293 0.753408 0.0285781 0.0389858
34 0.532078 0.197453 0.0215938 0.0249057
34 0.71832 0.319139 0.0147344 0.0272406
34 0.38982 0.322995 0.0159219 0.0258491
34 0.316586 0.904481 0.0285781 0.0454717
34 0.414844 0.519292 0.0175937 0.0216038
34 0.824141 0.601191 0.022625 0.0482311
34 0.80007 0.80342 0.0248281 0.0346226
34 0.670641 0.269717 0.0245938 0.0199528
34 0.436094 0.580873 0.0294063 0.0418868
34 0.396781 0.485318 0.0091875 0.0154009
34 0.438172 0.501781 0.027 0.0245047
34 0.508367 0.196663 0.0238281 0.0279481
34 0.722125 0.346191 0.0252188 0.0198349
34 0.827094 0.733868 0.0241563 0.0533491
34 0.549742 0.444222 0.0212656 0.0382075
34 0.199305 0.54605 0.0392969 0.0554009
34 0.34007 0.909858 0.0329844 0.0425472
34 0.822227 0.575861 0.00798438 0.0132311