38 0.845469 0.252948 0.032125 0.0976875
38 0.355336 0.45876 0.0606094 0.105563
38 0.831562 0.479896 0.173406 0.0477083
38 0.250281 0.58775 0.04025 0.125125
38 0.432922 0.421552 0.0501875 0.0981458
38 0.613906 0.183135 0.0313437 0.0371875
38 0.204023 0.579365 0.0786406 0.142313
38 0.478102 0.383771 0.0543281 0.0553333
38 0.342992 0.263906 0.0669844 0.0323958
38 0.516961 0.416521 0.0267031 0.052625
38 0.593063 0.79249 0.1575 0.171479
38 0.514547 0.869281 0.102688 0.116771
38 0.431469 0.746875 0.1825 0.188708
38 0.168078 0.514781 0.0759062 0.0771875
59 0.65618 0.456677 0.0445781 0.179813
59 0.222766 0.412323 0.149 0.181729
59 0.612773 0.246448 0.0742969 0.189646
24 0.598594 0.612531 0.163969 0.128896
24 0.567125 0.515063 0.108781 0.11975
24 0.578328 0.565448 0.105281 0.0685208