52 0.331977 0.613848 0.0582026 0.0543627
52 0.378333 0.575359 0.0406536 0.0440523
52 0.3504 0.649355 0.0122059 0.0233824
52 0.565711 0.497075 0.0430882 0.0346405
52 0.472672 0.492819 0.0548856 0.0512908
52 0.433758 0.6079 0.0377451 0.0485458
52 0.507361 0.453578 0.047402 0.0555556
52 0.535523 0.493521 0.0218301 0.0264542
52 0.595 0.529918 0.0530719 0.0515359
52 0.523905 0.552672 0.0479412 0.037402
52 0.567925 0.572696 0.0715359 0.05
52 0.317941 0.575065 0.0339869 0.028366
52 0.383971 0.616536 0.0285621 0.035719
52 0.25982 0.608946 0.0533333 0.0510294
52 0.315735 0.661446 0.055 0.0504085
52 0.349526 0.572181 0.0382026 0.0361601
52 0.282443 0.673652 0.0233497 0.0389052
52 0.368056 0.629355 0.0189869 0.0156373
52 0.484412 0.548391 0.0306863 0.0222712
52 0.417516 0.589158 0.0478431 0.0697876
52 0.479232 0.585041 0.0590196 0.0469771
52 0.384828 0.593105 0.0344281 0.0334641
52 0.395989 0.513709 0.0394608 0.0411438
52 0.441005 0.513407 0.0339379 0.038317