34 0.139914 0.634844 0.0177656 0.0250625
34 0.410656 0.634677 0.00884375 0.0128958
34 0.420523 0.553427 0.00757812 0.0128125
34 0.490961 0.717198 0.0106406 0.0131042
34 0.239563 0.457604 0.0100313 0.016125
34 0.191438 0.656542 0.016625 0.0249167
34 0.334398 0.951594 0.0217031 0.0272708
34 0.378195 0.921365 0.0138281 0.0157708
34 0.224289 0.35349 0.00873437 0.0151875
34 0.497586 0.571375 0.0125156 0.0164167
34 0.49393 0.62401 0.0155469 0.0199375
34 0.170352 0.85449 0.0122344 0.0231875
34 0.575469 0.616302 0.0132188 0.0181875
34 0.209727 0.986854 0.0221094 0.0262917
34 0.471164 0.585979 0.0182656 0.0215417
34 0.199422 0.785531 0.0165313 0.0250625
34 0.168594 0.502427 0.0104063 0.0103958
34 0.280078 0.833615 0.0234062 0.0261875
34 0.183164 0.609458 0.0201406 0.0310833
34 0.584727 0.656156 0.0156406 0.0116875
34 0.339453 0.731135 0.0210938 0.0289375
34 0.257563 0.367104 0.0145625 0.0262917
34 0.217969 0.872427 0.02025 0.0289792
34 0.359109 0.544021 0.012125 0.00979167
34 0.351586 0.495594 0.00723437 0.0159792
34 0.389078 0.532656 0.0172813 0.0184375
34 0.458422 0.615094 0.01625 0.00964583
34 0.259867 0.848396 0.0109531 0.0206667
34 0.506172 0.640531 0.009 0.0239792
34 0.151438 0.886333 0.0169375 0.015875
34 0.235328 0.81275 0.0179687 0.0329583
34 0.216 0.829292 0.0194062 0.0210417
34 0.171406 0.420104 0.0085 0.0165833
34 0.186609 0.454823 0.0152812 0.0176458
11 0.487109 0.195344 0.157656 0.191021
11 0.683789 0.553646 0.218234 0.246292
11 0.553805 0.469719 0.121047 0.147854
11 0.647922 0.416479 0.0519687 0.062875
11 0.41043 0.333198 0.265016 0.165146
11 0.583883 0.34576 0.144109 0.137021
11 0.638844 0.155813 0.181906 0.309375
11 0.755453 0.41026 0.104688 0.129771
11 0.848563 0.358281 0.124531 0.264771
11 0.482008 0.084375 0.158391 0.116042