11 0.76364 0.659253 0.23008 0.303253
34 0.73554 0.226013 0.05076 0.212347
34 0.55712 0.798533 0.06504 0.148427
34 0.8569 0.249933 0.1182 0.247067
34 0.593 0.798133 0.091 0.236907
34 0.63316 0.798973 0.13616 0.192293
34 0.8132 0.148067 0.0154 0.06952
34 0.71613 0.26056 0.10586 0.213173
34 0.80916 0.243973 0.12424 0.273227
34 0.78204 0.204867 0.0522 0.195227
32 0.19816 0.528987 0.03116 0.04
32 0.20458 0.56836 0.0384 0.0441867
32 0.17963 0.558947 0.03422 0.0390133
32 0.08202 0.684507 0.03036 0.0321067
32 0.17576 0.502987 0.03204 0.0286933
32 0.05734 0.564933 0.03528 0.04464
32 0.15148 0.689373 0.0332 0.03928
32 0.13199 0.59556 0.0377 0.0403467
32 0.10634 0.636333 0.03 0.0561333
32 0.16639 0.651787 0.03938 0.0370667
32 0.10963 0.506067 0.02742 0.0341067
32 0.13816 0.528973 0.025 0.0271733
32 0.04762 0.613493 0.03252 0.04336
32 0.09852 0.551453 0.03448 0.0486667
32 0.06882 0.65344 0.022 0.03696
32 0.17668 0.62196 0.03412 0.0392267
32 0.2119 0.60512 0.02752 0.0385067
32 0.11849 0.56068 0.02958 0.0306933
32 0.07094 0.61876 0.03308 0.0353867
32 0.13174 0.641413 0.02176 0.02592
32 0.14989 0.626533 0.02962 0.0377067
32 0.14787 0.563907 0.03086 0.03752
32 0.12598 0.664813 0.03088 0.0390133
32 0.08644 0.657 0.02176 0.0310667
32 0.16159 0.592507 0.02826 0.0355733
32 0.08446 0.629987 0.01944 0.0329333
32 0.10363 0.68864 0.03038 0.0330667
32 0.12572 0.696387 0.02564 0.026
32 0.09386 0.52136 0.0248 0.02976
32 0.1219 0.617693 0.02404 0.0281867
32 0.19867 0.643027 0.0323 0.0528267
32 0.15325 0.5068 0.01674 0.0222933
32 0.08089 0.580653 0.03578 0.0394933
1 0.40244 0.314107 0.0898 0.111787
1 0.38866 0.220307 0.08128 0.112773
1 0.4503 0.250053 0.08828 0.122507
1 0.47007 0.172093 0.08498 0.10136
1 0.49691 0.320467 0.08606 0.101467
1 0.52851 0.235973 0.08466 0.119627
59 0.37826 0.62808 0.05096 0.07872
59 0.31972 0.497613 0.08656 0.123013
59 0.40044 0.552947 0.06948 0.08888
59 0.36746 0.522053 0.0328 0.0730133
59 0.32258 0.604093 0.07544 0.10616
37 0.54567 0.548733 0.0887 0.1124
37 0.54363 0.430867 0.07986 0.12664
37 0.6372 0.35616 0.12616 0.113333
37 0.6707 0.46256 0.0998 0.118987
24 0.33552 0.83156 0.15052 0.11176
52 0.25315 0.283427 0.04614 0.04072
52 0.17612 0.318587 0.04976 0.0709867
52 0.2186 0.299147 0.04196 0.04464
52 0.18706 0.234013 0.03244 0.0536267
52 0.22591 0.214627 0.04706 0.0661067
52 0.20915 0.254267 0.0573 0.0532267
52 0.26272 0.230653 0.046 0.0748
52 0.22986 0.176987 0.0416 0.0470933
52 0.23616 0.341453 0.06904 0.05512
52 0.16308 0.22068 0.03136 0.05
52 0.13749 0.338493 0.04346 0.0473333
52 0.15882 0.259253 0.03316 0.03072
52 0.16565 0.284107 0.05262 0.04496
52 0.14873 0.311573 0.00926 0.0181867
52 0.25668 0.314747 0.0324 0.03536
52 0.18348 0.351373 0.05332 0.0308
52 0.18769 0.17392 0.04514 0.0692267
52 0.27646 0.187333 0.02852 0.0418667