15 0.861844 0.469065 0.112813 0.160312
15 0.824609 0.297103 0.0939062 0.151153
15 0.77082 0.457913 0.0709844 0.18405
15 0.885227 0.36743 0.0655781 0.118474
59 0.433195 0.82109 0.0776094 0.152648
59 0.232836 0.282508 0.0572969 0.15081
59 0.431719 0.685171 0.085625 0.125047
59 0.619531 0.210125 0.0604375 0.137695
11 0.765328 0.319922 0.067125 0.136355
11 0.837344 0.414439 0.074625 0.13081
32 0.343812 0.354486 0.0551875 0.0762617
32 0.308719 0.363474 0.0326562 0.0597196
32 0.430352 0.174065 0.0417344 0.082648
32 0.695227 0.434922 0.0442344 0.0907788
32 0.322625 0.1781 0.047625 0.0757009
32 0.700211 0.522227 0.0393594 0.104891
32 0.364016 0.152882 0.0479687 0.0941121
32 0.41975 0.254486 0.0410313 0.0823053
32 0.303047 0.845047 0.04725 0.0894704
32 0.386617 0.220343 0.0468906 0.0871028
32 0.653508 0.442741 0.0479844 0.101495
32 0.388414 0.310109 0.0424844 0.098972
32 0.43232 0.34595 0.0473281 0.0915265
32 0.306492 0.299237 0.0511719 0.0815265
32 0.371164 0.844455 0.0492344 0.0767601
32 0.395758 0.170187 0.0295469 0.072648
32 0.457492 0.343583 0.0339531 0.0938318
32 0.35025 0.310919 0.0424062 0.0705607
32 0.335688 0.229766 0.051 0.0891277
32 0.365086 0.254907 0.0301094 0.0783489
38 0.591477 0.363006 0.0591719 0.203832
38 0.0978047 0.531838 0.0327031 0.068972
38 0.651688 0.275249 0.0483438 0.125888
38 0.563117 0.270202 0.0621094 0.275421
38 0.687437 0.254097 0.045 0.0784735
38 0.145562 0.386028 0.080375 0.117165
38 0.114906 0.676589 0.0366563 0.0597196
38 0.152883 0.339034 0.0329219 0.0558879
38 0.182242 0.651854 0.0679531 0.0395327
38 0.126922 0.422819 0.0245625 0.075919
38 0.15325 0.606246 0.04325 0.0576636