38 0.532969 0.272213 0.162781 0.231218
38 0.436969 0.246639 0.0421875 0.109391
38 0.575414 0.112892 0.0280781 0.038993
38 0.635797 0.183607 0.0902813 0.120375
42 0.376539 0.647506 0.0706719 0.186862
42 0.303195 0.646253 0.0857031 0.254707
42 0.247555 0.599871 0.0499219 0.0602576
42 0.307047 0.466803 0.0670313 0.0400234
42 0.222023 0.506546 0.165109 0.108454
42 0.34668 0.55534 0.0790469 0.145293
42 0.22107 0.6524 0.0872344 0.157026
14 0.496742 0.131276 0.0275156 0.0169321
14 0.561109 0.24726 0.133156 0.171663
14 0.557289 0.213595 0.0283906 0.0818501
14 0.466602 0.140117 0.0510781 0.108384
14 0.486398 0.163115 0.0501719 0.0311944
14 0.604031 0.299379 0.015125 0.0599766
14 0.572172 0.075726 0.042125 0.0566042
14 0.571797 0.221276 0.0458125 0.194871
14 0.522164 0.142307 0.0704219 0.0235831
14 0.562109 0.198138 0.0504687 0.180913
14 0.510875 0.103255 0.0389062 0.0540047
14 0.468695 0.136019 0.0213594 0.0399532
14 0.490102 0.298993 0.0732031 0.134098
14 0.547555 0.0818618 0.0106406 0.0407728
14 0.442766 0.146148 0.0326562 0.0666745
14 0.619977 0.113407 0.0353281 0.0294848
14 0.540602 0.170562 0.0205156 0.0441218
52 0.476531 0.739403 0.1955 0.23918
52 0.381437 0.83089 0.169313 0.252787
52 0.532414 0.850363 0.158484 0.163536
52 0.53007 0.6 0.164609 0.168712