5 0.691742 0.5535 0.136359 0.151833
14 0.137563 0.582479 0.0810937 0.0486667
14 0.0398359 0.642906 0.0450156 0.0930625
14 0.303539 0.50375 0.0508594 0.0276667
14 0.103211 0.517125 0.0466719 0.0490833
14 0.125 0.550385 0.0584063 0.0497708
14 0.348797 0.516937 0.0388437 0.0829167
14 0.0799141 0.594812 0.0601406 0.075625
14 0.175867 0.623146 0.0454531 0.0170833
14 0.0812969 0.535708 0.0315937 0.0259167
14 0.113937 0.483125 0.046625 0.0692083
14 0.218156 0.60525 0.0712187 0.0863333
14 0.151711 0.544708 0.0394531 0.0292083
14 0.322164 0.554479 0.0320781 0.0974167
14 0.298445 0.612927 0.0441406 0.0756042
14 0.241078 0.598354 0.0732812 0.099875
14 0.129727 0.606302 0.0992031 0.0432292
14 0.282813 0.59125 0.04025 0.032375
14 0.176859 0.448625 0.0242812 0.01375
24 0.501789 0.741042 0.123547 0.477167
59 0.675172 0.385917 0.124375 0.138
59 0.672812 0.271875 0.110969 0.11675
59 0.800414 0.387542 0.133328 0.145375
59 0.80957 0.270437 0.105953 0.120875
6 0.451797 0.236229 0.056 0.350125
6 0.398047 0.225594 0.0705313 0.333229
6 0.529109 0.189333 0.127594 0.328125
6 0.356547 0.223135 0.1155 0.354271
6 0.496406 0.24824 0.0961875 0.394479