8 0.510344 0.147448 0.107625 0.149271
8 0.607812 0.0685208 0.114406 0.137042
29 0.302281 0.267354 0.139781 0.151667
37 0.172766 0.304177 0.118719 0.157521
37 0.125352 0.228583 0.119766 0.1235
14 0.282617 0.529156 0.361797 0.150646
14 0.70343 0.267313 0.317703 0.187042
14 0.318586 0.397312 0.249109 0.150208
14 0.846039 0.44376 0.229172 0.0896458
14 0.411883 0.729437 0.186578 0.260042
14 0.472781 0.674229 0.153469 0.143292
14 0.527461 0.390448 0.0887031 0.230521
14 0.445938 0.28575 0.145437 0.5715
14 0.654875 0.537719 0.207344 0.345313
14 0.652789 0.353031 0.155984 0.194771
14 0.608164 0.439417 0.342109 0.359708
14 0.353633 0.503781 0.213328 0.0943958
14 0.490875 0.267948 0.221594 0.322313
14 0.222289 0.408875 0.172203 0.132333
14 0.62718 0.382281 0.410328 0.175813
43 0.240602 0.180594 0.129453 0.160354