14 0.976699 0.647108 0.0466013 0.0535948
14 0.812484 0.577312 0.0746078 0.0525654
14 0.983775 0.613603 0.032451 0.0478595
14 0.934502 0.630417 0.0523693 0.0820098
14 0.883775 0.6854 0.0330719 0.0363562
14 0.811381 0.66223 0.118709 0.117696
14 0.782377 0.565016 0.0385131 0.0371895
14 0.862369 0.665408 0.175261 0.150131
14 0.887484 0.63192 0.0279412 0.0289706
14 0.995572 0.66107 0.00885621 0.0127288
14 0.971462 0.697304 0.0570752 0.05
61 0.623791 0.451855 0.114869 0.127435
61 0.731609 0.463137 0.107141 0.108791