0 0.641398 0.346534 0.0300781 0.0869321
0 0.676398 0.368735 0.0535156 0.0928337
0 0.517414 0.157494 0.0384844 0.0544731
0 0.504344 0.119871 0.02325 0.03
0 0.699906 0.562178 0.018125 0.0638407
0 0.724828 0.556534 0.0193125 0.0530679
0 0.565359 0.131721 0.080375 0.0719204
0 0.608023 0.348126 0.0530156 0.0617799
0 0.54925 0.231218 0.0738437 0.067541
0 0.683461 0.446862 0.0231719 0.0757377
0 0.638047 0.436651 0.037625 0.0377986
0 0.664375 0.178852 0.0291875 0.0467916
6 0.742656 0.716089 0.0540312 0.193724
6 0.484711 0.523782 0.125422 0.19534
6 0.315117 0.281944 0.154859 0.148993
6 0.342352 0.345913 0.141547 0.151874
6 0.670914 0.688852 0.0814844 0.212037
6 0.371188 0.0950585 0.0839375 0.150492
6 0.275914 0.109906 0.168547 0.130211
6 0.71582 0.702119 0.0559531 0.210141
6 0.302719 0.0880562 0.139063 0.115457
6 0.274336 0.156393 0.163203 0.131054
6 0.556516 0.586066 0.156219 0.290258
6 0.778094 0.707881 0.0539687 0.153934
6 0.322367 0.0732201 0.142016 0.132248
6 0.800523 0.70226 0.0437656 0.122037
6 0.293398 0.21863 0.174078 0.157541
6 0.378961 0.410304 0.135391 0.168009
6 0.622883 0.701265 0.0413594 0.119953
6 0.375867 0.0761827 0.100797 0.134941
6 0.761055 0.714906 0.0551094 0.178197
6 0.428945 0.474602 0.121266 0.170843
6 0.415187 0.0869672 0.0487187 0.0847541