59 0.61625 0.820146 0.311594 0.24925
14 0.676758 0.886937 0.215047 0.226125
14 0.718922 0.753885 0.193094 0.113396
14 0.903258 0.615323 0.121672 0.266479
14 0.832414 0.807083 0.126984 0.181583
14 0.329141 0.480354 0.0945 0.096
14 0.477898 0.283333 0.0795781 0.097125
14 0.832844 0.620344 0.170719 0.284313
14 0.757219 0.926687 0.145313 0.146625
14 0.639117 0.76374 0.0879219 0.0786458
11 0.790711 0.448021 0.200797 0.169875
1 0.846906 0.289333 0.2465 0.218167
1 0.939734 0.362854 0.116344 0.187542
1 0.763797 0.241646 0.158469 0.20275