8 0.357555 0.314368 0.0239531 0.0570726
8 0.474109 0.621276 0.0580937 0.0715925
8 0.313375 0.577787 0.139562 0.0950585
8 0.599391 0.616101 0.08525 0.0606792
8 0.6915 0.31452 0.0524063 0.0564403
8 0.456797 0.409473 0.018125 0.0434426
8 0.371172 0.492412 0.0334062 0.0720843
8 0.701109 0.614941 0.128125 0.0266511
8 0.178602 0.445972 0.0523281 0.0208431
43 0.733414 0.563197 0.0396406 0.0272834
43 0.223297 0.464496 0.02725 0.0381265
43 0.408953 0.598958 0.0856875 0.110234
43 0.469211 0.303103 0.0179844 0.0777752
43 0.687938 0.434426 0.0165625 0.0303513