51 0.609312 0.215953 0.109958 0.0614062
51 0.623906 0.163055 0.113771 0.0829844
51 0.288031 0.125562 0.0551875 0.0333437
51 0.349698 0.122055 0.0693958 0.0561719
51 0.45726 0.163008 0.0902292 0.0566406
51 0.564146 0.190234 0.068875 0.049125
51 0.521135 0.103563 0.0956458 0.0841875
51 0.380917 0.147422 0.0882917 0.0459688
51 0.220615 0.142523 0.0613958 0.0347031
51 0.439385 0.109648 0.140521 0.0797656
6 0.199229 0.348508 0.144917 0.0782656
6 0.490083 0.656813 0.668917 0.332313
6 0.593635 0.734719 0.725479 0.335781
6 0.136292 0.373891 0.188208 0.0800625
6 0.111208 0.414352 0.109375 0.0361094
6 0.303906 0.330461 0.110812 0.0742969
57 0.0212708 0.119008 0.0425417 0.0530781