14 0.895711 0.663099 0.149422 0.0786441
14 0.946742 0.805242 0.106516 0.0954722
14 0.24932 0.515581 0.0673281 0.121041
14 0.95807 0.7796 0.0838594 0.099201
14 0.921953 0.804068 0.155688 0.152591
14 0.806789 0.598523 0.0608281 0.0486199
14 0.885453 0.5123 0.183906 0.0690073
14 0.825625 0.710642 0.111312 0.186513
14 0.935531 0.832857 0.121156 0.10431
14 0.327508 0.366634 0.0443281 0.110944
14 0.920203 0.718257 0.0890312 0.0580145
14 0.973672 0.722567 0.0526563 0.0388378
14 0.962664 0.756029 0.0746719 0.0566586
14 0.889125 0.809165 0.0925938 0.0880145
17 0.954477 0.447833 0.0910469 0.110048
17 0.908922 0.616477 0.182156 0.058184
17 0.949688 0.499407 0.100625 0.0513075
17 0.309406 0.342082 0.0568125 0.170508
17 0.944352 0.564952 0.111297 0.0780872
17 0.938187 0.475993 0.09025 0.0409443
17 0.897977 0.428305 0.0628594 0.056368
17 0.23568 0.526634 0.0628281 0.108717
17 0.908242 0.59086 0.0882656 0.0984262
17 0.914469 0.64161 0.171063 0.0987167
17 0.98475 0.533656 0.0305 0.0291525
17 0.963359 0.601877 0.0732812 0.0355206