48 0.589344 0.612553 0.0247812 0.0296235
48 0.538305 0.572788 0.0277344 0.0261412
48 0.59882 0.582694 0.0255469 0.0243529
48 0.642992 0.604247 0.0247031 0.0262824
48 0.567516 0.549612 0.02725 0.0207765
48 0.552125 0.630812 0.0290312 0.0348
48 0.662375 0.592306 0.0200938 0.0251294
48 0.570578 0.589482 0.0287813 0.0310118
48 0.643609 0.634118 0.0235 0.0256
48 0.622219 0.579012 0.0241563 0.0214588
48 0.640578 0.5732 0.0180625 0.0130824
48 0.624758 0.597376 0.0228594 0.0317882
48 0.6445 0.582565 0.0235 0.0230588
48 0.623383 0.625588 0.0236094 0.0207294
48 0.601539 0.637306 0.0241094 0.0305176
48 0.539156 0.606035 0.0287187 0.0288235
61 0.617563 0.674941 0.041125 0.0917176
61 0.465133 0.7268 0.0271094 0.0400471
61 0.693977 0.822059 0.0224844 0.0482118
61 0.473523 0.783965 0.0610156 0.0918824
61 0.652516 0.805024 0.05825 0.0751294
61 0.51468 0.654753 0.0574219 0.0797647
61 0.533891 0.783953 0.0604062 0.101082
61 0.474508 0.692941 0.0161719 0.0296471
61 0.505281 0.704741 0.0628438 0.103835
61 0.600109 0.735694 0.0270625 0.0362824
61 0.563859 0.659424 0.0430938 0.0509882
61 0.594625 0.791012 0.0615 0.0980706
61 0.569914 0.698176 0.0565469 0.108447
61 0.536305 0.7204 0.0225781 0.0336941
44 0.175117 0.490294 0.0152656 0.0112235
44 0.126852 0.482482 0.0183906 0.0207765
44 0.117852 0.553765 0.0134531 0.0130824
44 0.152297 0.489859 0.0145313 0.0152941
44 0.11575 0.510906 0.0167187 0.00858824
44 0.0960781 0.498059 0.0188437 0.0229412
44 0.11393 0.498059 0.0155781 0.0220941
44 0.166461 0.495541 0.0143281 0.0129176
44 0.142172 0.493612 0.0158438 0.0179529
44 0.144836 0.506024 0.0153281 0.0120471
44 0.100094 0.5084 0.019375 0.0129412
44 0.108758 0.483247 0.0180469 0.0246118
44 0.10375 0.560624 0.0162188 0.018
44 0.0951797 0.479729 0.0168594 0.0202588
1 0.153234 0.724118 0.0248125 0.0384471
1 0.229078 0.736941 0.0304063 0.0382118
1 0.185938 0.652165 0.021625 0.0191529
1 0.421844 0.652059 0.0175937 0.0310353
1 0.131187 0.723976 0.0250625 0.0397176
1 0.400789 0.785129 0.0255469 0.0405176
1 0.168516 0.787047 0.025125 0.0286824
1 0.451687 0.7154 0.0135625 0.0146118
1 0.415039 0.710165 0.0175469 0.0341176
1 0.411336 0.619494 0.0209219 0.0280706
1 0.224758 0.699235 0.0272344 0.0400235
1 0.393398 0.647106 0.0228281 0.0320471
1 0.31168 0.8042 0.0220156 0.0265176
1 0.219594 0.667824 0.0241875 0.0253882
1 0.20968 0.7636 0.0285781 0.0366118
1 0.407641 0.723647 0.017375 0.0288941
1 0.196094 0.695635 0.02725 0.0420471
1 0.326297 0.777341 0.0259062 0.0383529
1 0.101688 0.781565 0.0196563 0.0279765
1 0.373211 0.685647 0.0252031 0.0405176
1 0.35643 0.715235 0.0252656 0.0364
1 0.368289 0.643576 0.0236406 0.0274824
1 0.171828 0.663129 0.0235 0.0189647
1 0.216375 0.643129 0.0219688 0.0210353
1 0.392961 0.749753 0.0258906 0.0379529
1 0.265844 0.660682 0.0224688 0.0329882
1 0.31182 0.703847 0.0236719 0.0384706
1 0.437828 0.661765 0.0158438 0.0256471
1 0.114625 0.756565 0.027 0.0336471
1 0.26225 0.743765 0.0241875 0.0361412
1 0.333258 0.710318 0.0239844 0.0364
1 0.423117 0.784412 0.0165156 0.0266588
1 0.38393 0.671 0.0230781 0.0357412
1 0.241055 0.770188 0.0280781 0.0410824
1 0.449273 0.6788 0.0147656 0.0234353
1 0.244375 0.723965 0.0235 0.0397412
1 0.352984 0.636541 0.0177187 0.0192471
1 0.251508 0.650376 0.00579687 0.0104471
1 0.402727 0.690565 0.0189844 0.036
1 0.173281 0.690047 0.0284375 0.0394824
1 0.317344 0.740647 0.0265625 0.0392235
1 0.194094 0.641024 0.0238438 0.0198353
1 0.16025 0.672871 0.0219688 0.0164235
1 0.295367 0.734518 0.0276719 0.0391529
1 0.351406 0.780718 0.0264375 0.0397882
1 0.415594 0.755588 0.017375 0.0308
1 0.339531 0.692329 0.023 0.0279529
1 0.341086 0.745165 0.0252656 0.0377176
1 0.377547 0.753718 0.0110625 0.0171765
1 0.401148 0.734271 0.0214219 0.0343765
1 0.302891 0.773765 0.0250625 0.0396706
1 0.263797 0.701212 0.0214688 0.0351294
1 0.28175 0.765541 0.0260625 0.0397412
1 0.273961 0.691918 0.0206094 0.0351294
1 0.161352 0.758329 0.0252031 0.0371765
1 0.282008 0.680765 0.0188906 0.0328235
1 0.192945 0.791082 0.0269844 0.0259765
1 0.356836 0.669871 0.0231719 0.0328235
1 0.237828 0.647647 0.023625 0.0276235
1 0.268445 0.794188 0.0276406 0.0344
1 0.205984 0.654918 0.022 0.0211765
1 0.218578 0.791647 0.0279687 0.0282824
1 0.386352 0.810482 0.0236406 0.0259059
1 0.176336 0.725635 0.0274219 0.0425176
1 0.148711 0.692565 0.0255469 0.0410353
1 0.185445 0.759482 0.0275781 0.0389647
1 0.255625 0.709906 0.0200313 0.0339765
1 0.376664 0.776882 0.0255469 0.0346118
1 0.365711 0.748588 0.0255469 0.0366588
1 0.442375 0.700729 0.016625 0.0313412
1 0.438602 0.747682 0.0142969 0.0174353
1 0.380055 0.622953 0.0223594 0.0242118
1 0.381219 0.717894 0.0262188 0.0397412
1 0.235781 0.686976 0.0245312 0.0369176
1 0.408812 0.812871 0.025875 0.0261647
1 0.323203 0.680412 0.0239688 0.0344235
1 0.346484 0.651365 0.0191875 0.0255529
1 0.203664 0.728329 0.0286094 0.0417882
1 0.280609 0.717882 0.0179375 0.0220706
1 0.421063 0.701024 0.017875 0.0323059