42 0.620021 0.374922 0.0765833 0.0461562
42 0.615104 0.503797 0.0852917 0.0373125
42 0.265229 0.412211 0.0772083 0.0371406
42 0.407583 0.711953 0.136667 0.076625
42 0.510365 0.351648 0.108562 0.0773281
42 0.242198 0.715898 0.0403542 0.0338594
42 0.778802 0.321977 0.0488958 0.0182031
42 0.421708 0.289789 0.07725 0.0543594
42 0.269146 0.353047 0.0925833 0.056875
42 0.38425 0.255516 0.0215417 0.0361563
42 0.30724 0.614531 0.0786042 0.0468438
42 0.309854 0.867516 0.0929167 0.0725
42 0.555344 0.612031 0.0806042 0.0329375
42 0.242115 0.450797 0.0533542 0.0310937
42 0.456781 0.245562 0.0693958 0.0223125