43 0.324258 0.541778 0.0317969 0.0851351
43 0.372773 0.426029 0.0340781 0.0699792
43 0.374227 0.288659 0.0212344 0.0334511
43 0.351773 0.765967 0.0337969 0.0307277
43 0.347266 0.595031 0.0422187 0.0795842
43 0.391398 0.417162 0.0182969 0.0248441
38 0.365734 0.4958 0.0285 0.0711435
38 0.395313 0.683067 0.0229375 0.0620582
38 0.347125 0.595416 0.0406562 0.0810187
38 0.383977 0.359075 0.0220469 0.0551559
38 0.350648 0.725374 0.0281406 0.0618087
38 0.360484 0.565489 0.0225312 0.018711
38 0.373398 0.425904 0.0330156 0.0709356
38 0.711062 0.465873 0.0381563 0.0589813
38 0.309289 0.798565 0.0256406 0.0903119
38 0.345664 0.673576 0.0591406 0.101538