39 0.841891 0.303594 0.0038125 0.00539583
39 0.777039 0.305219 0.00645312 0.00789583
39 0.783789 0.306625 0.00689063 0.00891667
39 0.798195 0.315073 0.00826563 0.0074375
39 0.802359 0.308354 0.008875 0.009125
39 0.782422 0.314042 0.0096875 0.00979167
39 0.821883 0.323021 0.00910937 0.00525
39 0.803805 0.301354 0.0104531 0.00979167
39 0.788094 0.29599 0.00825 0.00714583
39 0.761992 0.298792 0.00829687 0.00670833
39 0.844102 0.300437 0.00657812 0.00916667
39 0.762117 0.304323 0.00754687 0.00852083
39 0.794977 0.298479 0.00929687 0.00908333
39 0.829789 0.292563 0.00660938 0.006625
39 0.778492 0.296771 0.00835937 0.01275
39 0.751789 0.306615 0.00723437 0.00827083
39 0.819445 0.300917 0.00867187 0.00758333
6 0.938945 0.238177 0.00376563 0.0144792
6 0.899266 0.260854 0.00896875 0.007875
6 0.902172 0.235042 0.00665625 0.0111667
6 0.920203 0.271521 0.0109063 0.0109167
6 0.909961 0.248896 0.00867187 0.0140417
6 0.904039 0.273781 0.00804688 0.0129792
6 0.913789 0.25049 0.00570312 0.0106042
6 0.988883 0.263083 0.00785938 0.0115833
6 0.93557 0.239125 0.00507813 0.0147083
6 0.985492 0.293583 0.00557812 0.0135
6 0.906781 0.274052 0.00675 0.0136875
6 0.887023 0.267313 0.00823437 0.0131667
6 0.95007 0.259719 0.00454688 0.0145625
6 0.898391 0.246688 0.0074375 0.01625
6 0.953867 0.252833 0.00485937 0.012125
6 0.923195 0.238073 0.00867187 0.0126875
6 0.947969 0.240885 0.006625 0.0091875
6 0.968938 0.270052 0.0055625 0.00847917
6 0.962641 0.268375 0.00803125 0.01
6 0.932648 0.249188 0.00245313 0.007375
6 0.946609 0.257792 0.0066875 0.0136667
6 0.915562 0.262604 0.00596875 0.0129167
6 0.947523 0.278208 0.00423438 0.006
6 0.971008 0.24325 0.00351563 0.0115833
6 0.950836 0.241656 0.00292187 0.00972917
6 0.923281 0.251927 0.0035 0.0101875
6 0.988937 0.278313 0.00896875 0.0159583
6 0.913375 0.260104 0.0063125 0.013125
6 0.993508 0.262406 0.00654688 0.0110625
6 0.971328 0.282385 0.0076875 0.0109375
6 0.992602 0.244906 0.00482812 0.0125625
6 0.970547 0.254625 0.0054375 0.0165
6 0.903086 0.24851 0.00879687 0.0117292
6 0.960813 0.240542 0.00846875 0.0112917
6 0.917336 0.250833 0.00470312 0.0107083
6 0.954281 0.241885 0.0061875 0.00747917
6 0.979484 0.271865 0.0036875 0.0081875
6 0.980414 0.243104 0.00632812 0.0105417
6 0.913594 0.273927 0.003125 0.0080625
6 0.978344 0.268323 0.00703125 0.0143125
6 0.966023 0.267146 0.00460938 0.0114167
6 0.9265 0.239448 0.0033125 0.00935417
6 0.977539 0.282365 0.00367188 0.0113125
6 0.931766 0.274948 0.00553125 0.00460417
6 0.991484 0.280938 0.00728125 0.0165833
6 0.981891 0.254208 0.004 0.0168333
6 0.951023 0.278146 0.00317187 0.010125
6 0.929688 0.277073 0.0210938 0.00877083
6 0.943156 0.258198 0.00865625 0.0150208
44 0.0602188 0.555563 0.04075 0.0322083
44 0.228805 0.482396 0.0292656 0.0296667
44 0.0765469 0.530521 0.0357188 0.0306667
44 0.0221016 0.60225 0.0440469 0.0605833
44 0.198937 0.443656 0.037375 0.0458542
44 0.344617 0.370552 0.0354844 0.0371458
44 0.171016 0.437354 0.0316875 0.0444167
44 0.0175937 0.536813 0.0351875 0.0372083
44 0.0971406 0.542729 0.0392813 0.0280417
44 0.405555 0.41301 0.0351719 0.0442292
44 0.0759531 0.491177 0.0319063 0.0257292
44 0.0921562 0.498958 0.0286875 0.0200417
44 0.319266 0.364344 0.028625 0.0364792
44 0.290875 0.430427 0.0406562 0.0474375
44 0.109625 0.450792 0.0355938 0.0453333
44 0.256937 0.4575 0.0403125 0.04675
44 0.191273 0.535396 0.0397344 0.0432917
44 0.159187 0.549969 0.0385937 0.0438958
44 0.0816094 0.461 0.0393125 0.046125
44 0.0619219 0.485531 0.01425 0.0173542
44 0.0613281 0.505865 0.0353438 0.0235625
44 0.128016 0.553979 0.0425625 0.0378333
44 0.379148 0.427198 0.0359844 0.0491042
44 0.155406 0.47901 0.0305937 0.0208125
44 0.322539 0.412083 0.0374219 0.02375
44 0.0503516 0.524927 0.0336719 0.0228542
44 0.324148 0.440156 0.0429844 0.0456042
44 0.141203 0.511563 0.0337812 0.023125
44 0.223969 0.499646 0.0316563 0.0214583
44 0.225539 0.377552 0.0409531 0.0405208
44 0.230805 0.411635 0.0399844 0.0452708
44 0.411352 0.45025 0.0331094 0.0367083
44 0.288336 0.469396 0.0347656 0.04675
44 0.373086 0.38551 0.0265156 0.0196042
44 0.115445 0.502812 0.0369844 0.0253333
44 0.322562 0.394625 0.0334688 0.0184583
44 0.0216406 0.565625 0.039875 0.0220417
44 0.322695 0.475865 0.0437656 0.0488125
44 0.108016 0.521979 0.0332812 0.0241667
44 0.26243 0.364156 0.0399844 0.0434375
44 0.0384219 0.54551 0.041 0.0353958
44 0.176289 0.484906 0.0293281 0.0187292
44 0.0154141 0.652271 0.0308281 0.0465417
44 0.223094 0.522094 0.0361563 0.0319375
44 0.0272266 0.449542 0.0251406 0.0205
44 0.35507 0.432844 0.0359844 0.0423542
44 0.0909453 0.562948 0.0467031 0.0327708
44 0.358812 0.471479 0.0388125 0.0475833
44 0.0862422 0.432781 0.0290469 0.0153958
44 0.160594 0.520979 0.0383437 0.0244167
44 0.248578 0.512177 0.0339062 0.0293125
44 0.387922 0.461469 0.0331875 0.0408958
44 0.170547 0.5 0.03325 0.024125
44 0.00975 0.556896 0.019 0.028375
44 0.294438 0.365187 0.0331875 0.038125
44 0.0272266 0.514365 0.0430781 0.0278542
44 0.377102 0.399771 0.0280156 0.0167083
44 0.257211 0.490646 0.0389844 0.0434583
44 0.259844 0.423385 0.0338125 0.0341458
44 0.0463672 0.466594 0.0337969 0.0459792
44 0.194453 0.50825 0.0397813 0.0267083
44 0.148297 0.45674 0.033 0.0277292
44 0.0521016 0.592146 0.0421406 0.0559167
1 0.090875 0.606906 0.0544687 0.0705208
1 0.919133 0.400677 0.00776562 0.0132292
1 0.647664 0.38374 0.0200469 0.0137708
1 0.597266 0.424573 0.0266562 0.0368958
1 0.644461 0.538573 0.0400781 0.0451875
1 0.862539 0.305625 0.00910937 0.00608333
1 0.311406 0.545312 0.0421562 0.046
1 0.90875 0.282104 0.0130938 0.00954167
1 0.733758 0.402729 0.0208594 0.012
1 0.396273 0.540167 0.0371719 0.0267917
1 0.666211 0.409667 0.0229844 0.0272083
1 0.697555 0.512073 0.0233906 0.0402292
1 0.562164 0.581854 0.0415781 0.0539583
1 0.69043 0.599104 0.0212969 0.0355
1 0.649414 0.583063 0.0380156 0.0454583
1 0.441359 0.739396 0.0495937 0.077125
1 0.120383 0.688156 0.0592969 0.0694375
1 0.473594 0.497802 0.0305 0.0410625
1 0.176586 0.565698 0.0365781 0.0250625
1 0.19025 0.719896 0.0583125 0.0705833
1 0.67525 0.611021 0.0276875 0.0374583
1 0.403297 0.688562 0.0603125 0.0757917
1 0.613414 0.528938 0.0352969 0.0429167
1 0.471508 0.716635 0.0612031 0.0716042
1 0.497555 0.630365 0.0497969 0.0637708
1 0.367992 0.882167 0.0709531 0.0792917
1 0.355273 0.663021 0.0547656 0.0465833
1 0.849727 0.31799 0.0173906 0.0177292
1 0.549836 0.480135 0.0353906 0.0413542
1 0.0832422 0.671969 0.0478594 0.0669375
1 0.580328 0.428219 0.02775 0.0367292
1 0.809766 0.332354 0.018125 0.0187083
1 0.575164 0.693708 0.0453594 0.0525
1 0.823797 0.478792 0.0165313 0.0220417
1 0.758242 0.406427 0.0254531 0.0125208
1 0.530508 0.676865 0.0451719 0.0673958
1 0.716945 0.451208 0.0238906 0.0338333
1 0.317578 0.614323 0.0507812 0.0413125
1 0.230977 0.743125 0.0563594 0.0727083
1 0.633484 0.393198 0.017 0.0107292
1 0.787391 0.35374 0.0158438 0.00802083
1 0.15482 0.776146 0.0606719 0.0677083
1 0.135187 0.575802 0.0459375 0.0373958
1 0.878328 0.4335 0.0123125 0.0189167
1 0.360492 0.799625 0.0682344 0.0833333
1 0.583703 0.45874 0.0310312 0.0281042
1 0.466219 0.562219 0.044 0.0366042
1 0.68443 0.395281 0.0206406 0.0140208
1 0.279437 0.5225 0.046625 0.0320417
1 0.486133 0.590115 0.0422656 0.0337708
1 0.571461 0.406646 0.0242031 0.01975
1 0.616023 0.572333 0.0365156 0.0472917
1 0.669086 0.568979 0.0362969 0.0472917
1 0.340484 0.550583 0.0443125 0.0414167
1 0.73082 0.369969 0.0214844 0.0236875
1 0.874781 0.436979 0.0110625 0.0192083
1 0.235055 0.670792 0.0568281 0.0706667
1 0.657805 0.382979 0.0119531 0.00995833
1 0.905508 0.316385 0.0158906 0.0169375
1 0.517406 0.448563 0.0284063 0.0135417
1 0.155266 0.707531 0.0535312 0.0689792
1 0.468672 0.650396 0.0505313 0.067
1 0.678664 0.446688 0.0248906 0.0155417
1 0.579375 0.485177 0.0329688 0.0401042
1 0.36618 0.509906 0.0370156 0.0230625
1 0.270648 0.834948 0.0572031 0.0742708
1 0.268133 0.692594 0.0535156 0.0715625
1 0.690742 0.415552 0.0277656 0.0271458
1 0.448531 0.491875 0.02925 0.037875
1 0.586367 0.565552 0.0318594 0.0419792
1 0.19393 0.654063 0.0564531 0.0670833
1 0.512227 0.42451 0.0264531 0.0407708
1 0.520992 0.403115 0.0254219 0.0271042
1 0.744555 0.513542 0.0245469 0.037625
1 0.398336 0.518188 0.0389219 0.024375
1 0.521875 0.472365 0.0309375 0.0412292
1 0.49407 0.54625 0.0386719 0.0275417
1 0.444219 0.454 0.0286875 0.0413333
1 0.322273 0.476073 0.0448594 0.0494375
1 0.665844 0.525677 0.0323125 0.0420208
1 0.377266 0.581406 0.049375 0.0423542
1 0.563445 0.437833 0.0322969 0.0415833
1 0.638484 0.429812 0.0223125 0.0192917
1 0.788086 0.389844 0.0182031 0.0136458
1 0.909914 0.404187 0.00957812 0.0163333
1 0.963516 0.33276 0.0131562 0.0156458
1 0.742398 0.40025 0.0153594 0.0136667
1 0.665391 0.37949 0.0140937 0.0103958
1 0.278016 0.572167 0.0406562 0.027125
1 0.93782 0.344167 0.00598438 0.0146667
1 0.275906 0.635115 0.0511875 0.0467708
1 0.433547 0.669292 0.0520938 0.0698333
1 0.619539 0.402583 0.0281094 0.0259167
1 0.503906 0.76099 0.0465625 0.0554375
1 0.891922 0.423969 0.0117188 0.0146875
1 0.715641 0.421208 0.029125 0.0302917
1 0.249367 0.556885 0.0480469 0.0367292
1 0.499492 0.505938 0.0303281 0.0412083
1 0.533766 0.738792 0.0375 0.0596667
1 0.945828 0.287708 0.0116875 0.011125
1 0.897008 0.287125 0.0145781 0.0105
1 0.87425 0.413167 0.00925 0.0199167
1 0.667109 0.451781 0.029625 0.0211875
1 0.727195 0.568854 0.0203281 0.0307083
1 0.580437 0.522458 0.0361875 0.0434167
1 0.425898 0.48526 0.0294531 0.0406458
1 0.716531 0.538656 0.0288438 0.0390208
1 0.250859 0.53499 0.0422812 0.0208958
1 0.317148 0.781771 0.0629531 0.0791667
1 0.608922 0.493802 0.0371875 0.0404792
1 0.559273 0.71351 0.0370156 0.0534375
1 0.975555 0.290083 0.0109531 0.012125
1 0.680953 0.519979 0.0265 0.0405
1 0.354375 0.628646 0.0450313 0.0319583
1 0.850781 0.358927 0.0235938 0.0239375
1 0.492164 0.430854 0.0337969 0.037
1 0.854992 0.374719 0.0202031 0.0217292
1 0.741688 0.452635 0.02725 0.0287292
1 0.654422 0.622198 0.0374375 0.0401042
1 0.877711 0.322 0.0230469 0.0194167
1 0.645242 0.408271 0.0269219 0.0246667
1 0.763867 0.431823 0.0315156 0.0367708
1 0.92368 0.331406 0.0159844 0.0168542
1 0.810164 0.405792 0.0144531 0.02425
1 0.0825859 0.731135 0.0502031 0.0600625
1 0.699844 0.466625 0.03125 0.0349583
1 0.446125 0.815344 0.0525625 0.0761458
1 0.922469 0.358417 0.006375 0.0129583
1 0.594531 0.623177 0.03325 0.0566875
1 0.793219 0.330302 0.0166875 0.0198125
1 0.52293 0.614958 0.0407656 0.0551667
1 0.884438 0.339115 0.0225312 0.0203958
1 0.702203 0.586 0.0261875 0.0345417
1 0.125352 0.624167 0.0563594 0.0678333
1 0.316398 0.863333 0.0587344 0.080875
1 0.928937 0.387385 0.0073125 0.0111042
1 0.0242969 0.703313 0.0485938 0.0506667
1 0.360781 0.720333 0.065375 0.0784583
1 0.772273 0.352865 0.0131406 0.00910417
1 0.749281 0.54951 0.0205938 0.0337708
1 0.971094 0.307448 0.0181562 0.0194792
1 0.503195 0.697802 0.0412031 0.0731875
1 0.552164 0.517792 0.0315469 0.0404583
1 0.848391 0.429896 0.0219062 0.0261667
1 0.46757 0.461135 0.0308906 0.0401042
1 0.239094 0.619292 0.055375 0.041875
1 0.21375 0.547979 0.0430625 0.0274167
1 0.865531 0.370656 0.0152812 0.0201042
1 0.485625 0.408177 0.0263437 0.0166875
1 0.526211 0.559437 0.0414531 0.0307917
1 0.709359 0.384906 0.0154687 0.0104792
1 0.638172 0.476917 0.0353438 0.0462917
1 0.304984 0.510875 0.0364063 0.024625
1 0.366672 0.532229 0.0361563 0.0302917
1 0.716727 0.494583 0.0221406 0.033625
1 0.715656 0.575583 0.0219688 0.0383333
1 0.192156 0.794115 0.064625 0.0774375
1 0.848148 0.334208 0.0210781 0.022625
1 0.801492 0.500594 0.0188281 0.0235208
1 0.33425 0.519615 0.0424687 0.0311042
1 0.685758 0.559052 0.0245469 0.0401042
1 0.553648 0.411802 0.0257031 0.0181042
1 0.737227 0.386948 0.0193281 0.0163958
1 0.851906 0.380354 0.0165313 0.0212083
1 0.824273 0.423646 0.0173281 0.0237083
1 0.735289 0.426812 0.0282344 0.0354583
1 0.162242 0.638771 0.0550781 0.0656667
1 0.793492 0.474906 0.0204531 0.0293958
1 0.426438 0.511365 0.0269375 0.0188125
1 0.655484 0.46774 0.0280625 0.0397708
1 0.735977 0.478479 0.0240469 0.0329167
1 0.792641 0.437271 0.0172813 0.0195
1 0.416258 0.603854 0.0473281 0.0611667
1 0.279602 0.600365 0.0516719 0.0367708
1 0.747594 0.353604 0.0135 0.0105833
1 0.767125 0.531937 0.0208125 0.0251667
1 0.626484 0.452479 0.0227187 0.017375
1 0.0499453 0.720417 0.0481406 0.0555833
1 0.346953 0.571677 0.0367813 0.0325208
1 0.632812 0.512604 0.0194687 0.0199583
1 0.918906 0.379698 0.0119688 0.0135625
1 0.540633 0.596698 0.0460781 0.0578542
1 0.8425 0.465427 0.01425 0.0173542
1 0.765953 0.401646 0.0237813 0.0102917
1 0.77532 0.492323 0.0348906 0.0436875
1 0.478445 0.52549 0.0285156 0.0226458
1 0.672922 0.482938 0.0361875 0.0406667
1 0.855258 0.449333 0.0252969 0.01875
1 0.622281 0.434 0.022625 0.0195833
1 0.862883 0.338427 0.0186094 0.0228958
1 0.410484 0.559698 0.041125 0.0322292
1 0.904695 0.349135 0.00970312 0.0139792
1 0.391672 0.639813 0.049375 0.0504167
1 0.945789 0.309708 0.0107656 0.0143333
1 0.594258 0.671906 0.0435156 0.0465625
1 0.895797 0.419458 0.0135 0.0165833
1 0.888469 0.401927 0.0140625 0.0192708
1 0.527711 0.538885 0.0314844 0.0227292
1 0.553531 0.654271 0.0373437 0.0632083
1 0.779445 0.514042 0.0315469 0.0208333
1 0.744094 0.362323 0.0134687 0.0107708
1 0.750516 0.372625 0.0218438 0.0259167
1 0.165539 0.589938 0.0508281 0.0382917
1 0.406234 0.764583 0.058 0.0879167
1 0.769445 0.460656 0.0328281 0.0353125
1 0.434039 0.551875 0.0366406 0.0297083
1 0.901359 0.303104 0.018375 0.0225833
1 0.53707 0.430448 0.0310781 0.0403125
1 0.503383 0.572844 0.0457969 0.0394375
1 0.54157 0.40426 0.0264531 0.0173542
1 0.901711 0.370802 0.0123594 0.0187708
1 0.609648 0.463052 0.0302969 0.0268958
1 0.808586 0.495146 0.0147969 0.0158333
1 0.974461 0.344448 0.00935937 0.0153125
1 0.722453 0.389667 0.0192187 0.0155417
1 0.670375 0.377156 0.0191875 0.00972917
1 0.424844 0.531594 0.0326562 0.0278125
1 0.897297 0.391365 0.0190312 0.0211042
1 0.817547 0.366104 0.0119063 0.00920833
1 0.793891 0.377469 0.0263125 0.0243125
1 0.884344 0.430063 0.0140625 0.0188333
1 0.676695 0.385198 0.0184844 0.0102292
1 0.752414 0.480437 0.0167344 0.027
1 0.647328 0.506208 0.028125 0.019625
1 0.274328 0.758948 0.0612188 0.0774792
1 0.991023 0.313958 0.00564062 0.00941667
1 0.812812 0.490406 0.018125 0.0213125
1 0.824781 0.448042 0.0164687 0.017125
1 0.450953 0.517771 0.0295 0.019
1 0.44825 0.573958 0.0415312 0.0319167
1 0.573953 0.634323 0.0371875 0.0530625
1 0.92075 0.300167 0.0120938 0.01525
1 0.879992 0.38525 0.0110156 0.0172917
1 0.209344 0.57074 0.05275 0.0329375
1 0.503719 0.404625 0.022 0.0146667
1 0.977641 0.321531 0.0125312 0.0166875
1 0.823422 0.361167 0.0203125 0.0120417
1 0.739055 0.557042 0.0182031 0.0315417
1 0.61925 0.656094 0.0292187 0.0411875
1 0.405047 0.50376 0.0285938 0.0175208
1 0.813906 0.385917 0.020875 0.023
1 0.285359 0.553563 0.0421562 0.0347917
1 0.593953 0.594896 0.026625 0.0239167
1 0.815438 0.348094 0.0165937 0.0174375
1 0.957695 0.304125 0.0124531 0.00829167
1 0.874844 0.298438 0.0163438 0.0150417
1 0.545234 0.456823 0.0272188 0.0179375
1 0.835367 0.38874 0.0226406 0.0299375
1 0.693586 0.379062 0.0216719 0.00954167
1 0.863391 0.419656 0.0158438 0.0211458
1 0.697172 0.550094 0.0254375 0.0397708
1 0.119531 0.757615 0.0508125 0.0657292
1 0.703188 0.402719 0.024 0.0146042
1 0.37307 0.553302 0.0369844 0.0228542
1 0.45718 0.534667 0.0424531 0.0265833
1 0.835039 0.331583 0.0108594 0.01475
1 0.862641 0.395792 0.0193437 0.0230833
1 0.842328 0.447135 0.00584375 0.0116875
1 0.312562 0.698688 0.0569687 0.0789583
1 0.5025 0.53675 0.0254063 0.0239167
1 0.685438 0.473667 0.0321562 0.037625
1 0.950477 0.323031 0.0176094 0.0217292
1 0.843172 0.40774 0.0261875 0.0269375
1 0.858187 0.4015 0.0150312 0.02225
1 0.525102 0.510719 0.0316406 0.0397292
1 0.733914 0.521469 0.0252969 0.0360625
1 0.808992 0.465021 0.0134531 0.026375
1 0.242945 0.587281 0.0480156 0.0278542
1 0.780023 0.366708 0.0151719 0.0182083
1 0.712008 0.367 0.0206719 0.0228333
1 0.202086 0.604969 0.0549844 0.0407708
1 0.228742 0.8125 0.0582656 0.068375
1 0.935859 0.316729 0.01275 0.0113333
1 0.405703 0.847938 0.0632188 0.0829583
1 0.944281 0.374479 0.00953125 0.0140833
1 0.933602 0.286792 0.0131719 0.0122083
1 0.466734 0.424917 0.0299063 0.0386667
1 0.496742 0.46676 0.0310469 0.0408958
1 0.31225 0.582844 0.0513125 0.0330208
1 0.556211 0.548385 0.0312344 0.0268125
1 0.348898 0.602896 0.0423594 0.0355417
1 0.957219 0.360406 0.0125938 0.0160208
1 0.771445 0.375865 0.0218281 0.0224375
1 0.472969 0.782729 0.0474062 0.0598333
1 0.623789 0.614021 0.0332031 0.0355417
1 0.454164 0.610396 0.0485469 0.0509583
1 0.886766 0.356156 0.0201563 0.0193542
1 0.687852 0.439531 0.0247969 0.0201042
1 0.806117 0.432854 0.0130469 0.016125
1 0.0565937 0.659792 0.0490312 0.0648333
1 0.312953 0.646698 0.05475 0.0366458
1 0.796633 0.346417 0.0187969 0.0184583