11 0.283008 0.287111 0.0734219 0.152571
11 0.431039 0.418915 0.115641 0.350189
11 0.837875 0.598573 0.03725 0.040684
11 0.334969 0.510377 0.174094 0.241745
11 0.8365 0.340307 0.218906 0.358208
11 0.782641 0.577571 0.074625 0.130047
11 0.496078 0.0391981 0.108969 0.0783962
11 0.730539 0.284811 0.0381406 0.129151
14 0.206977 0.467323 0.119922 0.256061
14 0.266805 0.333149 0.0730469 0.166203
14 0.601086 0.445283 0.255172 0.0949057
14 0.641461 0.326226 0.144578 0.0815566
14 0.713156 0.553927 0.0646562 0.290071
14 0.919875 0.643491 0.134219 0.271368
14 0.628211 0.397358 0.0768281 0.0195283
14 0.607867 0.070908 0.0504531 0.0530896
14 0.902625 0.732158 0.096625 0.371816
14 0.28175 0.705 0.127906 0.175849
14 0.637445 0.377087 0.200766 0.0740802
14 0.420578 0.651993 0.168063 0.146769
14 0.366758 0.419422 0.0872031 0.0447877
14 0.370953 0.114517 0.053 0.139269
14 0.233086 0.667087 0.135828 0.24941
14 0.22475 0.694835 0.0883437 0.0820755
43 0.679523 0.230908 0.122016 0.133986
43 0.393813 0.188738 0.0704375 0.0447877
43 0.350117 0.196946 0.0297031 0.0504481
43 0.777086 0.948573 0.219672 0.102854
42 0.122195 0.784233 0.119859 0.157712
42 0.606016 0.218797 0.173844 0.258066
42 0.631336 0.825106 0.200453 0.310495
42 0.781492 0.211887 0.0878281 0.195236