11 0.908891 0.4175 0.182219 0.155657
11 0.903469 0.250728 0.185625 0.190469
11 0.256375 0.855986 0.137219 0.211221
11 0.0751484 0.536455 0.150297 0.2
11 0.18493 0.400516 0.0943281 0.19277
11 0.651578 0.463779 0.0830937 0.180657
11 0.29468 0.41554 0.146172 0.23061
12 0.84618 0.822418 0.222953 0.292535
12 0.52693 0.870282 0.150547 0.259437
12 0.69868 0.930528 0.177766 0.138944
12 0.120016 0.804812 0.177125 0.247136
12 0.0729687 0.691033 0.145937 0.269859
12 0.838492 0.389014 0.126266 0.187418
12 0.703234 0.261338 0.106031 0.132394
12 0.732258 0.355986 0.131203 0.17554