15 0.590125 0.80977 0.304625 0.334906
52 0.194617 0.30524 0.169047 0.174196
52 0.16857 0.468873 0.177141 0.173152
52 0.51868 0.594927 0.158422 0.129979
52 0.73725 0.676889 0.1865 0.198873
14 0.392547 0.545 0.099375 0.0633194
14 0.511875 0.445261 0.115688 0.175699
14 0.310195 0.821962 0.108016 0.0956159
14 0.384344 0.753246 0.134281 0.163946
14 0.428094 0.662171 0.157406 0.214739
14 0.288617 0.603862 0.146203 0.194029
14 0.202508 0.187912 0.103234 0.107223
46 0.393555 0.22047 0.0305781 0.0362213
46 0.191969 0.551879 0.0227187 0.0348225
46 0.457094 0.198382 0.0318437 0.0434029
46 0.267344 0.525125 0.0249375 0.0312944
46 0.376617 0.155605 0.0284531 0.0425261
46 0.465805 0.518862 0.0179844 0.0272025
46 0.440602 0.230104 0.0327656 0.045428
46 0.466602 0.487213 0.0293906 0.0440292
46 0.275492 0.738236 0.0339844 0.0458246
46 0.422484 0.478904 0.0331562 0.0423173
46 0.410117 0.369081 0.0243281 0.040501
46 0.309742 0.254624 0.0280156 0.038977
46 0.296414 0.412035 0.0284531 0.0456159
46 0.228094 0.566587 0.0241875 0.0254489
46 0.450773 0.45095 0.0339531 0.0438622
46 0.402258 0.479186 0.0180781 0.0353653
46 0.494172 0.339489 0.025125 0.0369311
46 0.409 0.401785 0.0267812 0.0313779
46 0.344898 0.510125 0.0293594 0.0397495
46 0.3885 0.44881 0.031125 0.0410856
46 0.454789 0.131639 0.0305156 0.0410647
46 0.425938 0.182526 0.03175 0.0566597
46 0.265875 0.455605 0.026875 0.0387265
46 0.520289 0.350313 0.0189844 0.0245929
46 0.264875 0.392662 0.025125 0.0343424
46 0.285367 0.455063 0.0220156 0.035261
46 0.430492 0.419864 0.0252031 0.036096
46 0.386828 0.257985 0.0329375 0.0453653
46 0.319398 0.428873 0.0268594 0.054071
46 0.363266 0.48548 0.0181562 0.0492484
46 0.307695 0.447871 0.0168906 0.0443424
46 0.141859 0.552641 0.0245 0.0238205
46 0.299961 0.492683 0.0230156 0.0264092
46 0.343344 0.471618 0.0336562 0.0436534
46 0.244672 0.362829 0.0230312 0.030167
46 0.32682 0.687944 0.0216719 0.0338413
46 0.332633 0.376983 0.0329219 0.0324217
46 0.500516 0.301159 0.0241563 0.0391441
46 0.44543 0.502599 0.0254531 0.0378914
46 0.304281 0.469624 0.0161875 0.03119
46 0.461547 0.400522 0.0182187 0.0418789
46 0.452992 0.39857 0.0182031 0.0363466
46 0.314891 0.0543319 0.0273438 0.0375574
46 0.421266 0.439572 0.0306563 0.036096
46 0.431992 0.284927 0.0339844 0.0492276
46 0.321445 0.471628 0.0220156 0.0449687
46 0.347141 0.435939 0.03075 0.0475365
46 0.37507 0.349489 0.0140156 0.0261587
46 0.284852 0.391096 0.0183281 0.0292484
46 0.381844 0.499217 0.0318437 0.0338413
46 0.389305 0.414102 0.0258594 0.0362213
46 0.328648 0.347526 0.0301094 0.0397286
46 0.487344 0.132234 0.0220312 0.045762
46 0.271852 0.354384 0.0293281 0.0440919
46 0.384758 0.364614 0.0264844 0.0348643
46 0.508102 0.355104 0.0105469 0.0169311
46 0.353391 0.396921 0.0235938 0.0353862
11 0.244164 0.688403 0.177703 0.211754
11 0.264891 0.822923 0.44375 0.354154