1 0.684914 0.453134 0.0605156 0.0653756
1 0.865906 0.216878 0.0594688 0.0707512
1 0.304859 0.575822 0.0684375 0.0612676
1 0.44043 0.607817 0.0501719 0.0571831
1 0.791219 0.380188 0.0517188 0.0585446
1 0.909008 0.170399 0.0412344 0.0398122
1 0.962187 0.147688 0.034125 0.044108
1 0.529562 0.0520188 0.0336875 0.0337559
1 0.727898 0.267488 0.0583594 0.0389671
1 0.61618 0.253251 0.0431406 0.0324178
1 0.740008 0.414484 0.0580156 0.0689671
1 0.650828 0.473979 0.019625 0.0535915
1 0.352125 0.289225 0.0237188 0.0133333
1 0.899641 0.203415 0.0206875 0.0379577
1 0.174617 0.399765 0.0520156 0.0477934
1 0.216734 0.538674 0.05025 0.0357981
1 0.0850547 0.465 0.0297031 0.0248826
1 0.549797 0.283592 0.0560312 0.0614554
1 0.370383 0.659883 0.0631406 0.0688263
1 0.371148 0.71257 0.0517031 0.0420423
1 0.622289 0.486432 0.0497969 0.0622066
1 0.941875 0.175962 0.0497812 0.0576056
1 0.532844 0.3175 0.0345625 0.0274413
1 0.353055 0.269836 0.0440469 0.0397183
1 0.395258 0.0837441 0.0312969 0.0266901
1 0.719266 0.291185 0.043625 0.0370188
1 0.403906 0.657359 0.0474375 0.0812911
1 0.456719 0.370669 0.0394688 0.0274413
1 0.835398 0.245505 0.0172344 0.0397418
1 0.481992 0.0197887 0.0302031 0.0338498
1 0.321742 0.467817 0.0406094 0.0366667
1 0.247039 0.186467 0.0532969 0.047723
1 0.493414 0.594484 0.0624531 0.0946009
1 0.374398 0.523181 0.0683281 0.0742958
1 0.441937 0.662441 0.0490938 0.0376995
1 0.497008 0.331913 0.0483906 0.0552347
1 0.244648 0.244965 0.0312031 0.0454695
1 0.327688 0.711796 0.0459062 0.0796948
1 0.132414 0.426937 0.0355156 0.0417606
1 0.193859 0.218838 0.04025 0.0512911