46 0.77739 0.455391 0.0167 0.0482123
46 0.60801 0.152514 0.04614 0.0536872
46 0.83066 0.569316 0.05172 0.0728771
46 0.76482 0.602277 0.0408 0.0725978
46 0.58856 0.692654 0.0402 0.0755307
46 0.49998 0.293701 0.04832 0.0681844
46 0.8075 0.792821 0.04796 0.0669832
46 0.37011 0.297025 0.04218 0.0629888
46 0.63409 0.726117 0.05734 0.0798883
46 0.69911 0.24655 0.02678 0.0251676
46 0.82505 0.669162 0.05306 0.07
46 0.58519 0.269707 0.04402 0.0603073
46 0.47331 0.668492 0.0565 0.0734078
46 0.79717 0.728855 0.0463 0.0668156
46 0.62488 0.436941 0.02504 0.0618156
46 0.73253 0.53993 0.04342 0.0542179
46 0.68611 0.218031 0.0359 0.0272905
14 0.44897 0.115293 0.3467 0.230587
14 0.10823 0.17838 0.18762 0.142291
14 0.24853 0.105698 0.4275 0.208659
14 0.24131 0.178101 0.36554 0.207374
14 0.1088 0.299791 0.2176 0.137961